366 1
27982144518806152588705781765746524058105.8754708792696898624079797530453594356007762287229617529312218192686103397071828018872698081267194468191988497139865701751160431738553504435615363052483530426343904489248828485963740865160580418105617200313393744907942707679611115335273825706458413879284948153973887913
-42053195714251498837664485201460228704471.5557947815953939093076555979273315859892637137776610495394566146134444692795210648767528731222297658115751950546524028315691379405411733935912974693654360633081517077693499861835126622746556369547835240210907181300577007683892098962718989220874610144519401452983139358
25443764982020612516432526852340715635771.5330489960600186823880834475971389949185551991215222726987851437480481608706515501523296807906814791089086044010208365903576135613661124055675634153921072114244623513561396595419509135937365152092143582799820263335973369771064249597842471407945603018183508700278485266
-19902101005438104795320487590922024439325.1183024849045730770152691257016884821811357735902459762421763860364181290620408868547099464377395479331023191927770156377033435244629366319361382013210911599413458493453622341705780551018445355589729109527818570124009162867683996733973808503340573925118522722501501371
18663433424248291836939748866717474796224.0585348022961031760584747449657155241698125553353876897690284763555476596948416067349950040595868412877286888160341498312766326450910803961024713307292196492234986371009426336754242137118150511369917976663928901533072560490318066872140956017844165029554916709070147818
-16415048736846245510792452457511541757134.4968194633072378953078155096184057022529464772874229705688730804001450165726313308034588738605524755635959098127600775451393340268391716456668480982131950504975927938278476584817605062565499621985695268873447723104448096341042171322238288232766192724654049512173677415
17133442765606371321242068511436646833548.9695346059326094443029363383450306734379838348961080496641363521209596918492768760214346213531295594912656015076715585655563593568375218984476601766331432394499428105094499645190689195019757902774900063007342534867040627111399584640304855492321862184721849849052662755
-15934552939793353101624906868497431541202.0886545377999239722926025162846635281168066273215770761178833246095512742691719746485734427658964065832491834383444053235433540826790089926435780543842744492460719114846457843881704585226971628882784332762273134201182387085285923161042817944494580994240958528328572469
17532549309706283913715873436170572237477.0405036637467421636323011768766739302990526111980980689218521678597065664950244495123170027365776570885698030149984490268290601704100236989171051975049397841080134085291787945599718000811812109990094920906887126056223463411605405017303907622819916670989683207555256125
-17153030970591704343904042757761576896256.4683800125286326122420468879804051752243403911898690069388567691049633489868957353859775223975586796412992967027584647047871815879359254404126813988619971146113387387202796697861342395478063375937123714132601780975968732490104915369159498875906536496850420110557446149
19446644519670227151245863155532683941892.384460967335432194971179868461346681863610398096934808791965620256890525006445360277058722100914059359746534696649742869816616425998395341044770802300867122970748459840314574124841479061247304714385469439146492155594475896529708458855628912169953689149401254459900614
-19978718228775813244375961770106816846970.377269125416496242631767789872540035529635192862010376039332063565657375213602407980403838212640651656982171451114457028586527729260478144754041887885893893776820677879776904825696580006886164437427023986873052360002993228983211147369911006826383591854946480317653188
23114662123767875421568978338457888678180.7727456034142273391902011000255388018403365859701549096059933805938148961314775708323501284010707146723269000391433661895287110934046854249510893264210782329484294922860735320021514107727280727097045752241194861384314578535131593944783288098267737888437342151863378181
-24850090885356654294745957721310096555421.3918372045556550123239541365538506334557852255141403270014093616400697015059628738841136754406008193734835062309023538135854836496825506694968267886676259762093851877555475912497777288461253155335726611666711385622688707872853100777279084806379121535529319836390385984
29242331861194106298386801177471162970114.4081082955664731735810154487952087124838069859860329887701862038994215595798063003525956670538331020582283740061312576917688155761705985249769112496112178173656703944703327268328633402555848008019447656570433399126653018991126549309188299864253103126041836637248628989
-32743434044218272097275319781390137793580.957125045254723466268048622047437377414655170739515469353421617516828080038393179037354914509995796067383463282967964677073170651638240126882286419415540247871464940582748165156023552095353078545146167885370247765257635108755354995232607438760724935205490316476167659
39166360338406764527969056066809858504431.1612872780300106545087713855190384113894876532534623429652500996495934804517340384039300608028579190215310622537024475465377953352251911668341113683083153092077724216196694337590168479996483388910791342207589558824840410597605855506945597954454517993504798625546707672
-45445938228536157776185644814781138671076.3922429808128763933780590640055602721233384007178449425132294510601157131085946562390902206190783812647010204456437446152633808287292243992172292801498904485283077020418182662741068232352965414688876935121641115124243689666641967227272778013912739424466365289004525405
55272624434291661995191269271839366546707.3261952433908489319810661961905721215202181575167164066251977177017033735261356290908387068896707372941928455253154072411572355356302942965419456541045960208372182840259552600377669336661795115062265783146366555049119970117427741361237811127202808034574141869987097504
-66137325923002655877215450224988775808840.3882758654461205525436056221618171475898844432274019671358092800207052777514153455330977088678756093160215451423682564249454027340450155234691511637592365504832617787757232675318509218741608332883255597399523142143133328767210001108748770508461303042869200371668199295
81804287859969203448613343803132267799071.7461237067321882410352447738358329127480460499974351572245076378438192231858120438707569591844849552675190074648382659121545356321212620382857476508833155506954958520364982149395840273209401338269505741219996104843194316493866618342785106517224720179978438958261034686
-100494585065719062387861252872126559385916.622200508772942724444367423554262473384985738780510897787507540647543023940914502120831541178107701096333737057706875876306140964616142795633222446658089297003512344374961610453530328632765077768078019130383987482938434927460169517683696256879806970468135031587820121
126373296337067965901385185197455778535568.786615863002484314400629307482299033111556553133048591339202737290667473832123605383077540782582924756785525228567568088788851486027471006689279505756872330947171331425676983068775686026795854793421496338480959273398355998222727533310281236852143058669313964024094424
-158753180966704862523301035436862927118305.532619379496685477868064523228488243224970421477907258983475499163158920067375268864478598323739423238293913028769378934600612199796916941094933956876112102325460808525706129947514283532576237005478187807124891119078739481960125961226934382211299841021288162292253124
202769906904909314216766761395353955608528.969351198196648330342897643261936696192760241074580087801456410976525019199009682364568900159216338175201856686951150918886487630033800877642187537926194630934624158601633259537493059618335399961383662503408717859974803722595381738217950675219488972270914206276235398
-259528687934306489468051375139702848063582.642042299990384927237895338982931519670282570304264181056943511974357959794996470886979404600636339380893717686015874907285966062251460218351867253491370201569940512346056727460910047635549917252220731222267160365390270120916825796610743003256923460127898459237207937
336148585072151161070316499120524184906794.972888756551757377960806953925140125986289314255126058197978912904128017564664429685125662905935841428767485642881680594769426772041990905392535644146376853392479460946930150787054035886133031894782291360119550596283318663120863042509413419203295995821194058214526435
-436827471430138284515118492161689740157125.819130412414806080690215365981416270391968028542265937227794348063673778409783622369175267644944191488615957820279691923344164435164636210542288025273008823896530792775239622832724762549262996173046165777394544827981363223082891826298235790701611599484323151475340643
572456873364250239133771163292086297967872.573223717543738942420873500735715451945208337838731810578161187513834955526466044933382882639258144191210839637703953970929892359858925574436765595508263651621112539044731284343710181177049552093541677678759176966042140922271905906369504736669967263960284919214063814
-752639398720382412841685991255402361794952.855717076960898317624628036497718215067381714984095392926972951615740062500139088592191082535004275603685976503027405054606815068654842583187017352393517554372977026559865887174277621076214917045113389290673290956760322098759657341037145031340676924072336834558227479
995098813053209517556217809012792056733342.650993319374261071580505775546648527638024453913539117076760646090558369157041582273596477052582372936737476233779583240015106867273894816722187936780432549708438420920808393774708210847067520353984525215060340124536609108355098515477365728738259438598125352328541543
-1318722882566218352117805710514386863057192.09358667272863510947247840549140507761977855589535767950812633866807147008433535620955157886418935033930564798937287098914712018450717544251164380984208222213257095967614975859228370364393332226887841437623553398547089261448790878766532164909659013308051593959242248
1752969864946579804126408352029194555905716.80788038768458176941534282304200869736620887833172901933620847050366191104353642427255751300358427200402171284492799919749704437636520354917379327547262678462694498141550749887822565675359506239095523862550104538415413740647237541459613438729216210209376321627645594
-2331942424790976132088945488626319034006034.47334597714526963424595389702646521243828504564991977289101178649871886385110495265821221969910461490978140258449999869953314291627547314271965252632378293337884534762422706928555043311123532987212539167822972022607097225581120114503288581196589276940180248652275847
3103781172050838351301149145630884870420438.31623077606224646680065253834192417445970252900250603116143231049203014368941920085525106548304519486183513063458075723834344581393456411727938087262410911070720863223534557953694681416715091299463628338536529398094930220062754149554856707049021552732473435659418036
-4125390004498443345178639812010650858211490.08294169050841587975810808655683302649434328965652086620788546494575916025314069950733842453415873069041953518214463551209970701779916000148566580233821079720853932265251681613574761209690161553887651457073305436496569642375435692680517603473377298807338799041819629
5471109469130230414347192367821230183955017.70088898957172014419852709111454015731303492030613928186066141612910984577925188063124394732590281565191626396465618980649961765676430389648360067090394346787868110066838190245439300379905854710729795112957172213164221166830916199948955112399288886909528164268146582
-7226622789422100673732745642233456929236730.22325017835890896634772877946956678109417172677990356807498685441447191023550048065449172651335965400076266468634484822815904465135526091708423155092229979191130819292991828328510489605414343291235528611416885808970677154806733459269615846103463604544061584393294855
9494574893363327439574969646966975418529379.51978745796426411689423239932609345174347443028501020785895417053798987281269696241168828184022457378514393796485452488816598704553821941741925109795049628533227494380997461093052609987422585030109390075558642174029748838960530260146319522857639838656569726629730544
-12384001334027378115235365071803642465097437.9545996170288800146375023951431644870566294890217799992781660632291066063941700418652810887409211417965005751609791804923674190070039224893721495784046576525674154799960076647510098993845296795509125343781532342920898964790495131280297295443996136138833478747980693
16007882856455716780822224973780733923595001.1991453552257822081323077208057875174010120128545157010194620831847044385882922962744358718220874664162007802725585543040665889346437938282497155607296026093249923176337606753422268171021725833641923775294900764995815883767695598381539236224989375875390540057412618
-20461695126209366446022980708198667564328734.9634740486620235179831227734053783462783221615698610630886578270729903254322904437307522332252488658400183755780589620362008241515214652823349962996155568618586048512424126985685523811908070410913058553578919225100749999801260276016185549722173338939651344926847764
25805946579806449536640958298650179226571169.5124813389645203255791207858799788985841481603325633809116861584622701228182254336194717939240754267653988520780860573626425010723332930462817458688514518475933394550833415470385739440109541716088586041499038567013980445533131790827970945987380088216653877854439283
-32027918129162894790827100265578611658090712.9607122771790164489407365421664804440415783570382852199822157148573096409617837810823071795208231727678047409602305156988153914270535946007464100374039147859848525749624709532376065060862306441767303325631175820988663693679008494828490018277022541827970848473731777
39007483703505108400190212946543383990872544.4674062942218868953414653511722603850388516137762216061863545176629486749258857329468375279960100708196866359362994454846728210339903190649888988973514050839926731251576383222408304570362734375729561011679848583426056544695584510089064012581492567576204925272514769
-46469107311060819187061670263885222926577045.5488138233915393256107621809702642379395095202897332796949796727929485634313612402779853133394121036768752614832241348554264228788508015795497723821344329399118499072327956926756648019691568785607360217968103396250241906123096375102158163715296127383324798834104234
53952613752814325180773340802157591798463882.3900414168270876322894149161150471554659317720982519021562605485872890767625484045691929552240682220804467393568337761037944306151001844567490866435820060322904991561372903491009694746765469692206095738199633089052361744200587438779822166506115949515709861487773446
-60796733191203868668722336604296665173520387.8881040909102896791982922855457881326255133841027844874932459870218807576428760911292341722724934296387393262442067708029619516634851868112307321964700782435392090180410321215633406942464383586183053869532238782939001627704985633605597922137236865830727618755738703
66176927212042118498199582685331796698173312.7260412403718685621105636946157325858645697585112883247985945739820600723592718056439314649364234291312632170310756879291480750141287687099263817475093082955251819428461882983286903931033331337577776390775603445318220801583289558786776525234242468674757851840757157
-69195341821930197836818118193526776699009235.5545225341872838215524023774974006701050867133755783405097480583179183566468648127440093123204602137489303826431872009172855286080374375879177682799051319793301131507006299650880481807739212550168561424753521469537200391929443932549569745730411395913094394655706685
69051092353826585604973779890266780237418466.1323697509475727145447365417664223567073914025326976539619706069762558513654800311315939767096107460435039560589704134935629217551755619135748406158470721664798142600156904080239193175379592661881943517834626790599746728355577003493158492971922195961484034553802766
-65254136925473676754151079190618368687965384.2875259243317063994004938818477200730748838462712261071234835084106938753529991216948799099761181649377194195496046649847453698145016117869611375351182400933448394368920595051246876107894784437449196863687388888454830677637131515184040636383445062914867645451425713
57850815611307766432566766065313761494980873.4669557983765040198272386550722280088063505738489397169014508246814619493904388770783176251490617499634586995519108602913142080061886569533489871541639518730716409336641501479024659908871454193711281988017968178811210899300689381716737237119587614982654549789398083
-47556409731859626318891254909523535288366744.2537946455507307846980429519250261002764400152669154409275920692970634890701387450884707306762427796169377052378746589644075651019262453676387551276042992568141689332044828266249655459407372671349900019528788464490016249694487060436485177556828177658801306052753394
35718918677228193157804003815932101265004599.0863151536605628656580673592580403956187480792666383949140554281437664692745981085869810176494250736163693834120060635367011948774788289684484370508728090344960754350711575021045237571902799215170705940738169772188514098814638361010059518312815171948835985912423257
-24040890574938511234381365555547128397526475.0606217194596233273035713007411402765330506637252889726060067176671164043875680554560239087561682579233529407049494658657063973780032813187988184939662924347304397002635372462551088161687895739139371886447764895161121612224661730355700909736358877901391413165134478
14121093020177027578826768754518108360829536.5628357472275669125277626196782853792857382207702233465833514708488359169507764905140474972563340482685933773218717886121521006407250918808864305894860103435191491910578654566836694185120733368094013118550059371343712740790369491620450631247437902190910574471393013
-6964585216291272914486374987780682657930910.43102967509265949645091108911025730807407360999260597232506654620457336455450603114006844043724315293801886117266727810278788262212580800695524719460315444088636915336526609784827587553994248864966608653788938606508317294860539712714569129545682216082061462837291203
2713647985212909741241347729386678106581201.03498087270805955672067923160627168084824072179575468826723055941886750086248800503283543741937598233505067282219867751135878317739997331709177450121127745141247093770703576983987927212060038250389908644719256088507161621434844547725672437613988820127280906633107918
-746427360954404833637900775336599286931247.132088579277548668456788426865850668379826821382922414593491377067580197177831186903072244558244411236472286679518815701683778716574600347164284022689211978394955913310046180428442180099872551867999736055220944115093315544022000433372353746973055348280327233864064953
110179711262190039347051544162048433261444.228949692411287420015085816767968046381392877145205422649561384749347871614919182403520395659838611870040932384938129463803485994367683812263369653169390362394967015919174110821969367048767614991352623528307318974286324672692000112411414228961605234738968363999483125
0
0
0
0
0
0
0
0
0
0
0
0
0
0
0
0
0
0
0
0
0
0
0
0
0
0
0
0
0
0
0
0
0
0
0
0
0
0
0
0
0
0
0
0
0
0
0
0
0
0
0
0
0
0
0
0
0
0
0
0
0
0.00114130646827552944091125589609625805814428587633752407531369544595016800981880856593232097652997804267246386261506888697678341190964894754922371542128882702363636496170137353547291114867297248753476484487878762451971909724234248778045384539368859636709921790678501973435677412154641721786847113020406039049797
-0.00171740301927436689954261360781695199822939862335182831270581580018641306360655361632076043180313039207443928704537455762494054704027674714820006066497595455711000005137691437122825148280545033687158065615400821853361666514831214164851586947871378955779763702919866051484338260915285250401132474402529649329293
0.00101784103386625486425863573165539640387994012038508277236222731861748358642983797021096773789199066882355881994234268034276745761934395207576299353432771449179306592858916972698602895246329804040541943099992618825264571776480553812555021284084061867441358114026399946309975018198771806855105575644712488200408
-0.000822882561973384355422612137741551048863790285928197854743756258020348018723920506888423592213730929091000673483097127742811140603748827077162995580316853299983315675209973625001036995668304230804943899507851735851682850139208575168084556496450678355417875423061642268409141909890681028027802515553228275996781
0.000730792520123955587102005865550090399244220906207012038543154946384003680148906816034494171861923061832063932044729652205158892845202989567939301943236297132653996556389676471068128165473533587034136688099815652650002040067716865820885140659309890856572511335830565838178220802129145748507062486292528137562505
-0.000683739288015471096562420786754961041120286637155428411519971815283237043173965228233167436689091689269948829619559205767733830916002602395797432995151637528076456642231566046654094897710680845585309482184023661179534040661207636982648169308391075246955049581368729340666942149146887851380404166150748142414846
0.000663263969313861455014192128156304818884878428275333559562694754101984184403634520266276773830017411163624995627316868355702456139822206913144604688141490490437109740234769235815452582302590929710228091419138140215070875353457205846533283988919297881662656836752758360115838261216495877086325709385478297584232
-0.000661803888777263072360431888314088650883569272751555541348313911076357826967303387521379983567081064192774890623787163491339632499610509053563652664552017379342255074598200551929541823095519895207558619450454402848401899210881821990560171880804364528355671657013672071255333575136629441516982318193859661777692
0.000676120591221860819545350899303938846572309010218152616786628674799033681113327471126139882990188095339907021674173553992680461827281237245860381788332072437735986987157867759594056218467305700790862653205044491584060713979812771115927240698857751582290597242914769617728367802463302537121763191826728921772264
-0.000705171457655530412375298386493707448392040750636706513965963815151145311326755822357966793710152235094496887555832627997788964319178965916651397443852672367589209139336586290277850392898131873670355639649569194905244571812925553779266504028844131708436992755978704311731950619048691274690370696851913584272659
0.000749306511457589224759104904507186523626737360666185705012740178529724159678599212125628543999601739266676138580259988075897929962994169589962418629250727189631086253197257006145901688657622380633767419442301454569870093820945659357121018740644978684992596625841444934198511818668484712814654377929891473284575
-0.000809972582893083765226012141940202636758707633671414126498448269730369922041054308627261427094974601287783933413642379514347460677843392540526756831430219628763623001839349144654105588524443057409081042258258175582686053073384423727715061222511644381430981238394819014407516747223913186694612010512613705849739
0.000889660282682111987967191297483050109307862087353273372020058460248063267135885301315711288217041504687304995679460275159290431183343948010164758504535582191861492095277900995379428571787122103081001685165132713526583925467108377577179825231869214206848547293349402826160249511249679079467717981861167746362741
-0.000992000440475496889039606929200963363465070829534336110547724073601217146159877806621468682677748327674634793755165305437369292023145914374820398711537965715366818496066285818708947496154913576994205061271746932287061905494028551711864782777137069480725072378394305541482947247030390791992751298395783528478531
0.0011219815995804530662596316134647748909465430241052818957862757159930298598109899132383188219533312891559652154440009165768702112323148452017275558319974669181775563286457560170665821719840751319006967181288192033385972791241279763467758352933801029466549192799085139758606210285822759179957009205906561305692
-0.00128629096705398565785339705745639275773046414938909150709114205712596174267637144689421475978930131766658565211408190566575890655369171544144691942447108456513983647163966567091056423821328920078275694031133418633996269993412201864514411796862578081355636362455027902791556103013121850128873137002089742444282
0.00149380073505942311932669537792193554811434025709759189784913580055243840203862902130234235028399568442543128670793773420410156120814493121209047571167664145681920080961656995700381451562287223160932515220281591696726857219241451025248798586981216761535954964724083829528269194775565045946070514069299391113866
-0.0017562385439981695511800444840820012483229357757433227061398218112653992415225568509124430152196123590102583831573221251826682633028720349823685411438682815868707618647968970774449037173724187287369206427718088144622092035480771844781252489487063127353955283808417646767774251969568213277537401684280515697067
0.00208909909735459198697429783971273471061632475037834619412747581162031377383966098434604041793789124397226055181898505071462421154019213837029862245604602257299060609116799567171062550802353913301706031011451606157496609605825246463982089000295984020136974981296417515766476953528819166024394461106270849727304
-0.00251287607283254619444848236559193349243602377642856952350218556392076120560372514033030394190597197217734524178567594039081317924297153803828009088894377754506749966956049547770150301568560177935234373015150744321159512096656759771189138056240508178537335599087396093968749093781553508541657148811943605962929
0.0030547215456293842008679118696833095146750747442123252094452024245705534969193727027039781209181484107423607644285056815079018481569357988267091020684172759273345786702178496160015432744617681400830898097252156861390335206126826126191601870188533982697240766109939921041124564378306613135375095282196479984384
-0.00375067608904668099711627661448440752845286659829382805459535409477190468703220252055972981252632002367860717053646981578534157460437098287191263838393828749792997473100387430123859949709152923746509305585780225815842358640947415140851494612906579348135661770090584352058909285982161287221427689549802088444763
0.00464865842639912599205925670004863923176520390450704058547784852647455320715636114320958549469319478084045586756221021956275609132428223065089543015714624362246455992281213826200671055528357229267211036557434252311793078242772337971422954201114476369971828950088111626628450477690122723724641297963359160174489
-0.00581246057891130476719710486193204914869065846772754690490822339253086056367552308890060827132528805432621319258868948372957521305182463896028017377397918157456668747058132126427148678703154183454693797571374088122970555699376613783563887046248618072605076803417429636383887451630862090896988374803131606490925
0.00732706367237649323070785996203669733447114541062444767089425268157060734666214798982418037069154275438610192892901126377180967061183338777518400453567912292890090150885085785237113784042512017306538068856269792046946653165557264024922664702401750109194831582676452261063749071907568214725293818077269169493238
-0.00930566988867315943955058078395861216899788903029920322095681924699776152316099172657324247173608325613454510803151865563925475207826371183130634322223759535650342859258018729909501996402894589984813657970239209243478792920991632632311590159339738961170603853486857586704077859505954032309496034107020104282067
0.0118989328858762997169754212401638838863586045975449676363325170084071014399806991513727433447124329819965070868339756453309453264817773947163242747055931773677322011358991598756192405784768268524299976303546504261450920982664250794279902712786348202991262268531025249878046012106237377669402403432689035687377
-0.0153069514643371419384330561321197963797115930842863295726066416250297207533786178178221865867064043006201796178179044875946149445489427088940443186424052257026867128009871111180250470036745350418686281296989831231378610404791644208935620820858331840743389312739506197647160885800290782433260516525304960568654
0.0197946479297755109070785513435287732037773494536625901931911477628170006486459301229940307236090966474882213427500226874209838573187169421154147349402661610955288012009719217259120843687743587507100774159950816425658458136117061344432164478840140742177414926673731913310130357904045583166633267625342934600357
-0.0257111455936798244071672861586404936580214362236126912436190295917059009921916244101450839662302408699535210275955515958098601634730521193227196074618627463012983563193117131011413705418880802054822455837180803113362251770369790122498452863521110104624472899387808134794004958766150845592843174398835201420931
0.0335136267090410366104981705693699539306947556288853948854877717751057119962508170069224150091713810172204985212968560422021085599959653815224744706545293705805656991893996313901969791690434275881464978046043603240320349777631449741857716306050934489674560662819802181897448946280390727908404451565117598977315
-0.0437957961732702964070560218664567046061472793907311308120528156812857503064647386921271223903587572970735673672496990282171958096009992982585004847750576350725598604965889972797966121392708699997097621533728892721642203102961962257128651994495203730326986760568256231562030865746836457007576742644345542842825
0.0573203568152041551409538992569122308902865886035960870784780241485302347983523081638941992443316827182739873015302597094009052328223513375741828664886885134458364927387387398352301297439511805946558666601088743656678608149347477782127793837261608195212577698871345449026235498010579834831882539611769495909294
-0.0750536282934613483029231519089340925580633157640263072861637983224694701057756311618088545991475047942360355077971697749180726244954732353223283252879370482522688670646022268009261720415803574803583705444540899243351278143811799988885265406663529078378858014044498338951266110058225606519053965801068612952251
0.098198378479231233563723235373010269775264027144013723744668459039209780356510533195235195416322187273840598640971156828452607129610513593582386556559002864191551688048822973063143192305487563966466631055972900718808020743066912234932080321227521385918606205761681012156969341564111695733013405230918283315632
-0.128217835015131658918835591355152829503646989401630040925675940492245579667459376106615398614403033194116894979082155280471882593756979843277286815715865769755159014997411047037270413107531838509934721564948571939391413695499418598814921868575264827127629303355630540735663336013090320584408717816972953411411
0.166839520059939778438514625402972483590687057780786531270944586800664601017529891081333397740088382055879720344742172122589681094543398338788125945569022382868129312537458479064239207640334122192314217353154366282844744980280419044842552629991529220468688418661534388109191458844063731845158602936975305144994
-0.216022031047137049790705140839163985285736929661939158368659982586604661911750093364312354376769003518584828455651524393883393388365072834458237104939661672414941197228759766115289764006550579420011328081089423152073457237541814026088611724742585435342295750830377021081347798617167747194749920500674608342352
0.27786166832004782269778589005924168131341886792555407388099480534538776492051268515114433478223401762441456086420809033660474124026380433692670519940808428030146517892438495617442027245066231702937576849254698214781149397874414805543692881079000034376747289060156333505872869798167439595737755589158415008145
-0.354410213319483274794129401764238622032439108267077164453285725227962038678650829861251221783771431166040176526670800594704789884916397746624840136832498622652870370343933353850794688745181223098729314795364849811269899029826395764218694729468969177390413919271350064075387773118899041079877521900066242643339
0.447372793894118612167723433646550078514855793134649117506691370566010922440202521359142789564991992309479023685442389070764094023497517886754476998955398120645457302448792033217405251152043290179172510808805301403558254545693938031066760911054904949206048997834700061632265517064645898702507838734540940090207
-0.557659904551233360303930748424517052224135756990026567767422938353568114076156540977230715106989899118117375895623500513316361203387593864354982999130125001744449110844617721636361049618517643084418203090820753048518238015701262503963371933566563482948639171965062501539088213403918753449279083845037134993648
0.684786216879573512718212317590443315228090535029289732953724339308278776783980108408053810957939405602812930146199541903019406215472517125418364478958293687739712876772099809435332945064400608724697577755118602983380188845623161053032454011269117018868628955633243924325144332194803759914305572251168944023589
-0.826147508307338687694530515057874527644524678641581552009473485582654847087884837406093666514918699709392514572885220142529572825962196553052658174502162585941853583585665189213474121054353065145836318780011445595118309976915288811964743162983690226679066510845396756560877731492043493748884362304294410300731
0.976270715610656923211750728615198809674670529406033064228068418475100774346346550616368774402430173581985739046008381365089206325040138007874567736990540591120137977385143246014906495957107760306780953878374828920986276732514917295686648486875133755351653316729221999356223443885476031457775132361955085454841
-1.12621891284493177446087198039544581019781650975192696410661403448003516951171778164762048308641074150305990586007215470218669795070863999307719185851610139775077785134730150813652889489286095980436855656971780466718997163193514915507765278605203742678027613874584631768094936626116279353526482396554567759569
1.26342720652362394932255928585824217648204782358547136097364622021622289418799142883697892120256302324301778668005087406102967603473592077360213728318798923639884025018363825346209627232692685032972155157834770806712835425492152504549126211968753388752053296514469719868908219675240609504904721330981202985418
-1.37231027108421677237528336670816266481316675012086479129672259130928175971190905205079360580959164614694720993254799814630889072940631794992230974935865911705882760728809550226834546942761600137441918839109258723495467898393900305331594355992677279887341534076949834277249342846584193817068761790792855724342
1.43595727594213614631761791568211800224227569140798038231216071824833094131236467098826120348985923812629110759124658552691708690322218078231905423893596267495331435570722506666262530661172578621300918046240902678216515856568947915596466046234397789783335761318141675522210851583928613430944981730187248509026
-1.43904334446964270385486538924244311855123468908640683960409026792966927820961956026573092619120172905234388348295082537103866249494132510947239013431346365844913262440184852662437768785832309980635136170290729764845400757187028889914666745768536538310467473792381848100925252977524147013305377658493262533718
1.37168993003532736862730905212059850451822895532951492909392626136404945941286071410292160362500707620497518200838755269273711881433232804044210022104613168272527713472734958603013620097609381438287432244391356205464492963292604556256136940257540817432868947551113927738093414347005961257225244925656380214815
-1.23343481092768675659715757039488741218830641855202607801931012269461185068945702826667448906396943124846038459800068606502492105873558153457865695534949072753751733720987571715620900737251872135981815265976464833871738292920225525086077868160368016158741650858335905034286240185650908011427397378305875368324
1.03590985480151732009507410182198968980671896783046580032968722143842208907015808744617521320765809088137763979371331807605491758991970814150042665857573115402722757644692500719070585680405193807215352163312956289523119543424886834991362063613707467697392546431229535011125304843545110979701788011050067139436
-0.802619879841282703017189654536609744065705861962938640494911119118897883989817115445862250527189215954833101408570479329172762348659758458928896642446672663616557163664906054248311876228017286296314993308005558266938077903953927359795218057381561575109239619660296192494880977271395813941978320362061444635389
0.564770349107644608765727456422240697571055844012794911607285670052379588075562401378629092931701368818746043415877830764749234199601689591681330590484396891916725397548322434321078359245408886116330680786477158236252123869979348211574248020292528747233890976868986751077485979723254840997593386210897206484693
-0.353576898882943006378364802310943919215668353142679800084335049413696837271489728234484586631663292292243974862316913741742183938787281022576931867156647161906555832123977614321739525739056391307874292559612839698459040794165779676739686747579666138574964377778686698135774654910196635057511105416333954692922
0.191488123893065153639297262256117217964893999454939907567671160903684967087203162533747205587681112114198280369727714444104379944339269684993851668228840700083420684251998430741537632539358601742896021332636103892049012331305684481485357633538284105429303300120740726203002457065800320240871779377213020034482
-0.0861285200132783943436958732386452764062383353696157094954387134248903224189203077532813441020504097658801887945688180722639675348680187162345509424857815600804477482166813351291634057379250268018953031533640586408799187763455636507044607700653003421756076541228728442775533141817584160605458032928437591716767
0.0301647782644423129792101304497921525144603510707454353601679683136745526396193398408525489357073982353249023261568620294922606036598971968453613772313681275852739137214807780521480126017387184790653656258918192104076133634386968358649689649664330525412602362556053825332477165930494771377484698592850254325304
-0.00731270274846499884325361525558656645125688606450728000376088158222964802313014268061809701830714929205100616719515598153963773744875607504171268507109539222631023020925986243634321173099467623170140709395918991564139875361923523126097267158746355603492091873056623110770309671709636529637260386795281951269087
0.000920386683291498686231448578804050156921888253430955647215548606405823614147754344063759292293970736215168428243457939171857118587747906004936137761672415671422467619907525492013374276317291806963436462023396130598804694890918670316809073490445038923635032368757339179250326202429303002345956886829783771481517
0
0
0
0
0
0
0
0
0
0
0
0
0
0
0
0
0
0
0
0
0
0
0
0
0
0
0
0
0
0
0
0
0
0
0
0
0
0
0
0
0
0
0
0
0
0
0
0
0
0
0
0
0
0
0
0
0
0
0
0
0
0
0
0
0
0
0
0
0
0
0
0
0
0
0
0
0
0
0
0
0
0
0
0
0
0
0
0
0
0
0
0
0
0
0
0
0
0
0
0
0
0
0
0
0
0
0
0
0
0
0
0
0
0
0
0
0
0
0
0
0
0
27982144518806152588705781765746524058105.8754708792696898624079797530453594356007762287229617529312218192686103397071828018872698081267194468191988497139865701751160431738553504435615363052483530426343904489248828485963740865160580418105617200313393744907942707679611115335273825706458413879284948153973887913
-42053195714251498837664485201460228704471.5557947815953939093076555979273315859892637137776610495394566146134444692795210648767528731222297658115751950546524028315691379405411733935912974693654360633081517077693499861835126622746556369547835240210907181300577007683892098962718989220874610144519401452983139358
25443764982020612516432526852340715635771.5330489960600186823880834475971389949185551991215222726987851437480481608706515501523296807906814791089086044010208365903576135613661124055675634153921072114244623513561396595419509135937365152092143582799820263335973369771064249597842471407945603018183508700278485266
-19902101005438104795320487590922024439325.1183024849045730770152691257016884821811357735902459762421763860364181290620408868547099464377395479331023191927770156377033435244629366319361382013210911599413458493453622341705780551018445355589729109527818570124009162867683996733973808503340573925118522722501501371
18663433424248291836939748866717474796224.0585348022961031760584747449657155241698125553353876897690284763555476596948416067349950040595868412877286888160341498312766326450910803961024713307292196492234986371009426336754242137118150511369917976663928901533072560490318066872140956017844165029554916709070147818
-16415048736846245510792452457511541757134.4968194633072378953078155096184057022529464772874229705688730804001450165726313308034588738605524755635959098127600775451393340268391716456668480982131950504975927938278476584817605062565499621985695268873447723104448096341042171322238288232766192724654049512173677415
17133442765606371321242068511436646833548.9695346059326094443029363383450306734379838348961080496641363521209596918492768760214346213531295594912656015076715585655563593568375218984476601766331432394499428105094499645190689195019757902774900063007342534867040627111399584640304855492321862184721849849052662755
-15934552939793353101624906868497431541202.0886545377999239722926025162846635281168066273215770761178833246095512742691719746485734427658964065832491834383444053235433540826790089926435780543842744492460719114846457843881704585226971628882784332762273134201182387085285923161042817944494580994240958528328572469
17532549309706283913715873436170572237477.0405036637467421636323011768766739302990526111980980689218521678597065664950244495123170027365776570885698030149984490268290601704100236989171051975049397841080134085291787945599718000811812109990094920906887126056223463411605405017303907622819916670989683207555256125
-17153030970591704343904042757761576896256.4683800125286326122420468879804051752243403911898690069388567691049633489868957353859775223975586796412992967027584647047871815879359254404126813988619971146113387387202796697861342395478063375937123714132601780975968732490104915369159498875906536496850420110557446149
19446644519670227151245863155532683941892.384460967335432194971179868461346681863610398096934808791965620256890525006445360277058722100914059359746534696649742869816616425998395341044770802300867122970748459840314574124841479061247304714385469439146492155594475896529708458855628912169953689149401254459900614
-19978718228775813244375961770106816846970.377269125416496242631767789872540035529635192862010376039332063565657375213602407980403838212640651656982171451114457028586527729260478144754041887885893893776820677879776904825696580006886164437427023986873052360002993228983211147369911006826383591854946480317653188
23114662123767875421568978338457888678180.7727456034142273391902011000255388018403365859701549096059933805938148961314775708323501284010707146723269000391433661895287110934046854249510893264210782329484294922860735320021514107727280727097045752241194861384314578535131593944783288098267737888437342151863378181
-24850090885356654294745957721310096555421.3918372045556550123239541365538506334557852255141403270014093616400697015059628738841136754406008193734835062309023538135854836496825506694968267886676259762093851877555475912497777288461253155335726611666711385622688707872853100777279084806379121535529319836390385984
29242331861194106298386801177471162970114.4081082955664731735810154487952087124838069859860329887701862038994215595798063003525956670538331020582283740061312576917688155761705985249769112496112178173656703944703327268328633402555848008019447656570433399126653018991126549309188299864253103126041836637248628989
-32743434044218272097275319781390137793580.957125045254723466268048622047437377414655170739515469353421617516828080038393179037354914509995796067383463282967964677073170651638240126882286419415540247871464940582748165156023552095353078545146167885370247765257635108755354995232607438760724935205490316476167659
39166360338406764527969056066809858504431.1612872780300106545087713855190384113894876532534623429652500996495934804517340384039300608028579190215310622537024475465377953352251911668341113683083153092077724216196694337590168479996483388910791342207589558824840410597605855506945597954454517993504798625546707672
-45445938228536157776185644814781138671076.3922429808128763933780590640055602721233384007178449425132294510601157131085946562390902206190783812647010204456437446152633808287292243992172292801498904485283077020418182662741068232352965414688876935121641115124243689666641967227272778013912739424466365289004525405
55272624434291661995191269271839366546707.3261952433908489319810661961905721215202181575167164066251977177017033735261356290908387068896707372941928455253154072411572355356302942965419456541045960208372182840259552600377669336661795115062265783146366555049119970117427741361237811127202808034574141869987097504
-66137325923002655877215450224988775808840.3882758654461205525436056221618171475898844432274019671358092800207052777514153455330977088678756093160215451423682564249454027340450155234691511637592365504832617787757232675318509218741608332883255597399523142143133328767210001108748770508461303042869200371668199295
81804287859969203448613343803132267799071.7461237067321882410352447738358329127480460499974351572245076378438192231858120438707569591844849552675190074648382659121545356321212620382857476508833155506954958520364982149395840273209401338269505741219996104843194316493866618342785106517224720179978438958261034686
-100494585065719062387861252872126559385916.622200508772942724444367423554262473384985738780510897787507540647543023940914502120831541178107701096333737057706875876306140964616142795633222446658089297003512344374961610453530328632765077768078019130383987482938434927460169517683696256879806970468135031587820121
126373296337067965901385185197455778535568.786615863002484314400629307482299033111556553133048591339202737290667473832123605383077540782582924756785525228567568088788851486027471006689279505756872330947171331425676983068775686026795854793421496338480959273398355998222727533310281236852143058669313964024094424
-158753180966704862523301035436862927118305.532619379496685477868064523228488243224970421477907258983475499163158920067375268864478598323739423238293913028769378934600612199796916941094933956876112102325460808525706129947514283532576237005478187807124891119078739481960125961226934382211299841021288162292253124
202769906904909314216766761395353955608528.969351198196648330342897643261936696192760241074580087801456410976525019199009682364568900159216338175201856686951150918886487630033800877642187537926194630934624158601633259537493059618335399961383662503408717859974803722595381738217950675219488972270914206276235398
-259528687934306489468051375139702848063582.642042299990384927237895338982931519670282570304264181056943511974357959794996470886979404600636339380893717686015874907285966062251460218351867253491370201569940512346056727460910047635549917252220731222267160365390270120916825796610743003256923460127898459237207937
336148585072151161070316499120524184906794.972888756551757377960806953925140125986289314255126058197978912904128017564664429685125662905935841428767485642881680594769426772041990905392535644146376853392479460946930150787054035886133031894782291360119550596283318663120863042509413419203295995821194058214526435
-436827471430138284515118492161689740157125.819130412414806080690215365981416270391968028542265937227794348063673778409783622369175267644944191488615957820279691923344164435164636210542288025273008823896530792775239622832724762549262996173046165777394544827981363223082891826298235790701611599484323151475340643
572456873364250239133771163292086297967872.573223717543738942420873500735715451945208337838731810578161187513834955526466044933382882639258144191210839637703953970929892359858925574436765595508263651621112539044731284343710181177049552093541677678759176966042140922271905906369504736669967263960284919214063814
-752639398720382412841685991255402361794952.855717076960898317624628036497718215067381714984095392926972951615740062500139088592191082535004275603685976503027405054606815068654842583187017352393517554372977026559865887174277621076214917045113389290673290956760322098759657341037145031340676924072336834558227479
995098813053209517556217809012792056733342.650993319374261071580505775546648527638024453913539117076760646090558369157041582273596477052582372936737476233779583240015106867273894816722187936780432549708438420920808393774708210847067520353984525215060340124536609108355098515477365728738259438598125352328541543
-1318722882566218352117805710514386863057192.09358667272863510947247840549140507761977855589535767950812633866807147008433535620955157886418935033930564798937287098914712018450717544251164380984208222213257095967614975859228370364393332226887841437623553398547089261448790878766532164909659013308051593959242248
1752969864946579804126408352029194555905716.80788038768458176941534282304200869736620887833172901933620847050366191104353642427255751300358427200402171284492799919749704437636520354917379327547262678462694498141550749887822565675359506239095523862550104538415413740647237541459613438729216210209376321627645594
-2331942424790976132088945488626319034006034.47334597714526963424595389702646521243828504564991977289101178649871886385110495265821221969910461490978140258449999869953314291627547314271965252632378293337884534762422706928555043311123532987212539167822972022607097225581120114503288581196589276940180248652275847
3103781172050838351301149145630884870420438.31623077606224646680065253834192417445970252900250603116143231049203014368941920085525106548304519486183513063458075723834344581393456411727938087262410911070720863223534557953694681416715091299463628338536529398094930220062754149554856707049021552732473435659418036
-4125390004498443345178639812010650858211490.08294169050841587975810808655683302649434328965652086620788546494575916025314069950733842453415873069041953518214463551209970701779916000148566580233821079720853932265251681613574761209690161553887651457073305436496569642375435692680517603473377298807338799041819629
5471109469130230414347192367821230183955017.70088898957172014419852709111454015731303492030613928186066141612910984577925188063124394732590281565191626396465618980649961765676430389648360067090394346787868110066838190245439300379905854710729795112957172213164221166830916199948955112399288886909528164268146582
-7226622789422100673732745642233456929236730.22325017835890896634772877946956678109417172677990356807498685441447191023550048065449172651335965400076266468634484822815904465135526091708423155092229979191130819292991828328510489605414343291235528611416885808970677154806733459269615846103463604544061584393294855
9494574893363327439574969646966975418529379.51978745796426411689423239932609345174347443028501020785895417053798987281269696241168828184022457378514393796485452488816598704553821941741925109795049628533227494380997461093052609987422585030109390075558642174029748838960530260146319522857639838656569726629730544
-12384001334027378115235365071803642465097437.9545996170288800146375023951431644870566294890217799992781660632291066063941700418652810887409211417965005751609791804923674190070039224893721495784046576525674154799960076647510098993845296795509125343781532342920898964790495131280297295443996136138833478747980693
16007882856455716780822224973780733923595001.1991453552257822081323077208057875174010120128545157010194620831847044385882922962744358718220874664162007802725585543040665889346437938282497155607296026093249923176337606753422268171021725833641923775294900764995815883767695598381539236224989375875390540057412618
-20461695126209366446022980708198667564328734.9634740486620235179831227734053783462783221615698610630886578270729903254322904437307522332252488658400183755780589620362008241515214652823349962996155568618586048512424126985685523811908070410913058553578919225100749999801260276016185549722173338939651344926847764
25805946579806449536640958298650179226571169.5124813389645203255791207858799788985841481603325633809116861584622701228182254336194717939240754267653988520780860573626425010723332930462817458688514518475933394550833415470385739440109541716088586041499038567013980445533131790827970945987380088216653877854439283
-32027918129162894790827100265578611658090712.9607122771790164489407365421664804440415783570382852199822157148573096409617837810823071795208231727678047409602305156988153914270535946007464100374039147859848525749624709532376065060862306441767303325631175820988663693679008494828490018277022541827970848473731777
39007483703505108400190212946543383990872544.4674062942218868953414653511722603850388516137762216061863545176629486749258857329468375279960100708196866359362994454846728210339903190649888988973514050839926731251576383222408304570362734375729561011679848583426056544695584510089064012581492567576204925272514769
-46469107311060819187061670263885222926577045.5488138233915393256107621809702642379395095202897332796949796727929485634313612402779853133394121036768752614832241348554264228788508015795497723821344329399118499072327956926756648019691568785607360217968103396250241906123096375102158163715296127383324798834104234
53952613752814325180773340802157591798463882.3900414168270876322894149161150471554659317720982519021562605485872890767625484045691929552240682220804467393568337761037944306151001844567490866435820060322904991561372903491009694746765469692206095738199633089052361744200587438779822166506115949515709861487773446
-60796733191203868668722336604296665173520387.8881040909102896791982922855457881326255133841027844874932459870218807576428760911292341722724934296387393262442067708029619516634851868112307321964700782435392090180410321215633406942464383586183053869532238782939001627704985633605597922137236865830727618755738703
66176927212042118498199582685331796698173312.7260412403718685621105636946157325858645697585112883247985945739820600723592718056439314649364234291312632170310756879291480750141287687099263817475093082955251819428461882983286903931033331337577776390775603445318220801583289558786776525234242468674757851840757157
-69195341821930197836818118193526776699009235.5545225341872838215524023774974006701050867133755783405097480583179183566468648127440093123204602137489303826431872009172855286080374375879177682799051319793301131507006299650880481807739212550168561424753521469537200391929443932549569745730411395913094394655706685
69051092353826585604973779890266780237418466.1323697509475727145447365417664223567073914025326976539619706069762558513654800311315939767096107460435039560589704134935629217551755619135748406158470721664798142600156904080239193175379592661881943517834626790599746728355577003493158492971922195961484034553802766
-65254136925473676754151079190618368687965384.2875259243317063994004938818477200730748838462712261071234835084106938753529991216948799099761181649377194195496046649847453698145016117869611375351182400933448394368920595051246876107894784437449196863687388888454830677637131515184040636383445062914867645451425713
57850815611307766432566766065313761494980873.4669557983765040198272386550722280088063505738489397169014508246814619493904388770783176251490617499634586995519108602913142080061886569533489871541639518730716409336641501479024659908871454193711281988017968178811210899300689381716737237119587614982654549789398083
-47556409731859626318891254909523535288366744.2537946455507307846980429519250261002764400152669154409275920692970634890701387450884707306762427796169377052378746589644075651019262453676387551276042992568141689332044828266249655459407372671349900019528788464490016249694487060436485177556828177658801306052753394
35718918677228193157804003815932101265004599.0863151536605628656580673592580403956187480792666383949140554281437664692745981085869810176494250736163693834120060635367011948774788289684484370508728090344960754350711575021045237571902799215170705940738169772188514098814638361010059518312815171948835985912423257
-24040890574938511234381365555547128397526475.0606217194596233273035713007411402765330506637252889726060067176671164043875680554560239087561682579233529407049494658657063973780032813187988184939662924347304397002635372462551088161687895739139371886447764895161121612224661730355700909736358877901391413165134478
14121093020177027578826768754518108360829536.5628357472275669125277626196782853792857382207702233465833514708488359169507764905140474972563340482685933773218717886121521006407250918808864305894860103435191491910578654566836694185120733368094013118550059371343712740790369491620450631247437902190910574471393013
-6964585216291272914486374987780682657930910.43102967509265949645091108911025730807407360999260597232506654620457336455450603114006844043724315293801886117266727810278788262212580800695524719460315444088636915336526609784827587553994248864966608653788938606508317294860539712714569129545682216082061462837291203
2713647985212909741241347729386678106581201.03498087270805955672067923160627168084824072179575468826723055941886750086248800503283543741937598233505067282219867751135878317739997331709177450121127745141247093770703576983987927212060038250389908644719256088507161621434844547725672437613988820127280906633107918
-746427360954404833637900775336599286931247.132088579277548668456788426865850668379826821382922414593491377067580197177831186903072244558244411236472286679518815701683778716574600347164284022689211978394955913310046180428442180099872551867999736055220944115093315544022000433372353746973055348280327233864064953
110179711262190039347051544162048433261444.228949692411287420015085816767968046381392877145205422649561384749347871614919182403520395659838611870040932384938129463803485994367683812263369653169390362394967015919174110821969367048767614991352623528307318974286324672692000112411414228961605234738968363999483125
