120 1
-702703907601778204398077664131048961712718699.642410842482995526635365809500327909715655969451413871384668530896410665797952506379330008051734825651291380976376434847188141168847795756942196684485743101850677452634298488030291503778233637439972194041326695369992847253345121675824802001910778547441895655753414
1196122110468100778788399876384799046073396163.36398293288132331608213489920520233204979796796495957799551981735169880197981497510265442503821100033412043550760371333664863900968730500732572037773007960835660729496425488799284169422680605028856618323146638422058207415407789855461269436397908517609422305511215
158108934555899476031934710319724750055787486.951490039807614841411426252042093918542953646848302775907726763822595656063825233143885549117367012919553564736274037582077701100842342503489013080667131371773890413136269839166859090524657789884270467022575994485907204490811512518058928452385083364665774193278108
1046542259689504583243286238246530238574747053.08248194318416176289316364931797773808443819262271957984514834852752674252837105040139458032331310511553120301102256961113650314980246298316440285961972043217707631912025896498031629155858186321719087690843210648306998368643948232366436480997642819854197068799467
358597276030918741159788392836657466544330620.21181634388771620662482812213834323767260774119641216051738477937654877400737264474334150930337491857254018608366043865182003074974105714926947261688381136208897529948128624872299307534659406427892846179898444762775616592034964451585197866639443289972863195764017
1050035836520689176999204067079194072975386898.55421829855030035916064705401035793518035279768490866814718238539347890863588568864010116332264229952568093215873082806400750512323317021001209979314218394954649516018706847216816244450539992385070440038806407634575055918793564972704549762094625930241914709491188
173287385765759688649153756405952714228194871.710328958915549518061988214263533227515023781255171733377410059703519943924288737849608077771359453677038013821847172414879024823873359887138772136950377998326286069808427468636839321754018207884375450923306542789535089910409201785305055995747281059864858483785886
1119755901097764844765708083912906298958072620.81288359639224905826712450398160041017123843628514062112731596024838441721821326440251860844537630711418625558516789130679489573847853026569224007506049333496021960248129366195626171085975343359603539519923832279791437564118287312175459949994788642852906505433195
-182713694034589001929545351663244094277026107.987239303695114605383715403044054765902601197769799755322488214785002014375814605354841195299374327799811349032472172373799947508245236232346327505054661436890518950520473485877632064452489429141506894454495439480948386217577739218015610006551108487679703979994334
1401807300419242499511220003960221661171097379.10567615662994954702990346189100122990527888508701672348925877276304504290684301921469290850709874837831352631865637083120336084421558153001250657789023912932377498791852552671247248746042463339937206268011578871207326507737947539408518024256897923062710412687729
-795424905299048251261788388049692895123854245.197855230709409564444743353763866122759453028109409458259724793675326058942581698105247802842599482426846686746515553379931007778212068510768058230630791739774874215890901685958575596133354477105721702017159991225598494946674267381591566356951500021182329548150995
2077744368438537310548158935886230653820847882.59584245456352368356581743325199329260279622451525302629313584853200778222660654537554276330825570758342093005750849468042146036714725413962329503300376351526455014699614236669429948456437945289515915909203741489603990680943031106632225991435820893626289904604419
-1880673219900033127027241921642981119038939090.80147363726314688765580735386262851605345500694562948943720045563537605571326961574935060991744524991026205194410174703438524948009441177377395050321585544059092767875010361431549219127078868952543564582115226058692106954640296863606650695417721083628765693611158
3367719758609169468838245226616739515571002683.41207227537138010970241985815417361582439025953518402951815933549007744356280820961359160861294302907491827638042361660860750490398491021884468671891923702176034162319802205558447319949827323488800452685163541513598778444317494017358913142718595926276804116958131
-3577936115369461021363968294781405143702785531.67434411922327668377972182191577664412848719422539903010313559764402355866613939888847294180156408669373254460973120812539496594850019294747691248986567830484918021571100502886307934861283472554860686488058753287662525370391408288293610739029615154430500606158739
5115376762357146079101455144015807246453238244.49030093816958998286345007604615064399696219980594106849834502521930872870456163849550947649794951422357271110427670762489776353084737554233234681880666126744842820371736488823706425480801291754824692054635266335930500609029987725478216389266871499046293404438251
-5134124947982730803998590166910119733171991832.64205520261690838897315602574825422242935146244814023354294550935649019111678737989871240205300829728351812969345917371895878193728735878054198956122022146713658658073580926637351473871202096738970256488237487286830012214292036474512613328142568916021774416513961
5620386934124109755464149370344213794053933768.40275227033261968022191277057123575710178200053412298947317083676637430082207927222561171677003346644285236888352270263152897724062430811866152232547982455511238050691281034504376643331511234997238341300887952525759651471263221135059581563536100208199377949632929
-3933577972844457504479244287156658919031807061.88240898891748030235965977950443978667190383967503514632921123945171246579799943627883811380165683138017112977136942530099271251482905654792322483245660421043040966926236477006166006075083040310909376797977936387627594627928192370663951993979503211471156846744809
2383470056516685708197040435136739936861108661.99084296137142563510779146795179789011566405179071085170489621221152970219706152752017202436324005107128771857434534395155694963240789926004410695186667174244863689015515576187088732298959182782491421946165945673090816180148858524437114435929144322917971537819838
0
0
0
0
0
0
0
0
0
0
0
0
0
0
0
0
0
0
0
0
-49642153822436557974461616644697741920.008409370608222636469064674324420919714682543985390019500611111912241997376674358528422487571830085607698997643839595661034369196331814428536633522796760005063897183688315101331998523443828897251672164677589092585690462109011561963015527547435642305877706376496798761357
75137792376712428403170151934955191920.0569880862479210827424253777065443175039868195102292999317426125679968828829793671103771198632573535195288752021683829370752984245188614426027858694826584431018904842979753573835104347283489681736795812560690298742040888022346807445935994836956484731168530655840550361205
-45843915194274318653534252875579597299.25507679600982757374785762180321048490893270344191186469858055987124249813248378411425254616443163355026687755527307188150349101958554311254650914090875412356421558515095822221704963684369352839799135716904825404132920442950272334885208054431558435295042012709949465455
39024280820525782185229337653364531167.7575088377226252266742645229811785955184229818056521964218072084794323928641973448878594166863140801827810789581094259702994090189639575062684455544434663869490203731270092948873784189284739509477043921673227179859392782725610649930642532700681465420627952891012067207155
-37275143665270300631118420703940790747.7819584574153619315439606335337755477651030988379913263348754567456749562223738456441269534615896989816465960659910271608180904193033311648101784016678907490665517083199090488008469736694415817529287520017202525933875271747567559269550225842838282017064052359513244288502
38243861076326004526323951139096973415.7279211715984119734321662862702691322634786537107606544435312109715285552140965067307735645782600021624417548138784245241173972942600555339797652899645722414398725301544438619684220674744373071812030487591421847592621710525210976857617227288584740101128243925753725821119
-41372148433754765120745837329433340564.8093364289422088971262522669544639549192924500882765460349795452759990275527862892380545844886320434947685989539791295988779921816078276286473236747773976715850228271100330996067774303195585773033976229612340009415247922807607001676250073215984949415197281116452107810527
46660671164197140880000860862908725723.2959492255013398335053046822307458957445425751950226002790851058278718565747924522171940654841450389056290561906900469948228322984542953923000020815008542131543824319987699791608770886603772471821214567778251534911852057010459270603733377081051678493210123146619509156995
-54379733606183421784692097362859195552.6771474014803376209749130141498061163183783574636315213855133687669702006169649103475356783400464980357974936403131536939386364460309099165609291772073363636105779129374959666052873537921859193094360595537976060038899228657100995807964837603387205237966749297407919079275
64944422561123464523922529151961108104.7159255197344766406400293958787035682541284172786822646046794402042648993234413787162600242545472993757541132703528351725338648206177978984077425331995008287928007237460043269804831972840663910137288788991251444709878474012471171379442102834465667848959176982152111235723
-78781172751877761524090514818953988662.3431752243792368282788493216129827172959064046344964495075569813077887996625330160874823253809109017363909038643903148190869270096929683459797014805799277842207221838062768232451277958050647891339073761457438263640124508391540797179138886102156963098594534028273065152301
96089940021845729869065938234315905442.290973146175952898762731002652050821220889917475253575569747630195762596276505649400176114329796190771658657546224064530642986793820664789191336531948384515654135410073213936491317282239647896517880286696599149737318441526403978574329437665249926464876712255832855686526
-116411533213252146349511624554105440064.793353613870008856078600066290617356041886989245661474231027437137308931439011507848413342259784029565934080215538596118081415401604320713781602760135718443467813711858875157006979009367269048133740806917501808873483395993694716243945519938898308689342785938653383100285
137940263336321502860992515117808570948.727690125036454726770635045487407425282421834613052722161777801595784863147275521587346440219884909183502140216990570378218248007586982296148292752255875669104122438500290675976210047952141676467951340917176076739903850642236816372357013511929222271122480369239208353787
-156676710668009075463389319135703980086.784101696217582372821126168499336410834129002972080634896923826134369544199468756763864421936481646228242096365443201524539119156950132858574531461167940146000324886915977050180502936413596550762798444334783448193661035738555991160823221129936472138165205885242488684532
165929174926144877292630252833983525984.908294245005442964736083826513489891147732421919920388039857733596023216970996534106837599600289750013507350907756064831774841177849070329533417252755387193514581231512739903133454042727607749324713621074500119313239832016965638882144607070866422191126604181665837534443
-157380801288159139249572677405128629288.733704841833846917639938602169856835871032303904722524953658518079697254556850254420834653659158071841766149553649435766047503863228632784157081128920215523772778456603591806197662779515071583050647709193029671428042886595439769382482093569373416368798611377650865885129
125401720176252577429005693674682446088.577827684413571811114659337847559373929464447201888734275517463734141048653650734351495569400792219922066176243036322284475509447469143149742249620379517888174071050601158536543995476175520016833289323489890804233430001174940276817243839623131689845089418788533661621619
-74656510274345885301757396858846336535.2206241034301613658294590611997403583076987105365768757982335585435034445522194997931019246488884965555739402307245217737547970530523304199960128493639553282873372302631539703950156388152052665372105747447939468415327546634341015751077754583522482521160111832309284539827
24919889985531043219068478010280014635.3793097575685156957264434918941146937527812568472857832706193823666530642959288650550514833079928506867855840868687168376729900888327883699787748262627402954658177497925448328309083266967662973724776671704525444101674933959479932548176093991836499411253523133000361668523
0
0
0
0
0
0
0
0
0
0
0
0
0
0
0
0
0
0
0
0
0
0
0
0
0
0
0
0
0
0
0
0
0
0
0
0
0
0
0
0
-702703907601778204398077664131048961712718699.642410842482995526635365809500327909715655969451413871384668530896410665797952506379330008051734825651291380976376434847188141168847795756942196684485743101850677452634298488030291503778233637439972194041326695369992847253345121675824802001910778547441895655753414
1196122110468100778788399876384799046073396163.36398293288132331608213489920520233204979796796495957799551981735169880197981497510265442503821100033412043550760371333664863900968730500732572037773007960835660729496425488799284169422680605028856618323146638422058207415407789855461269436397908517609422305511215
158108934555899476031934710319724750055787486.951490039807614841411426252042093918542953646848302775907726763822595656063825233143885549117367012919553564736274037582077701100842342503489013080667131371773890413136269839166859090524657789884270467022575994485907204490811512518058928452385083364665774193278108
1046542259689504583243286238246530238574747053.08248194318416176289316364931797773808443819262271957984514834852752674252837105040139458032331310511553120301102256961113650314980246298316440285961972043217707631912025896498031629155858186321719087690843210648306998368643948232366436480997642819854197068799467
358597276030918741159788392836657466544330620.21181634388771620662482812213834323767260774119641216051738477937654877400737264474334150930337491857254018608366043865182003074974105714926947261688381136208897529948128624872299307534659406427892846179898444762775616592034964451585197866639443289972863195764017
1050035836520689176999204067079194072975386898.55421829855030035916064705401035793518035279768490866814718238539347890863588568864010116332264229952568093215873082806400750512323317021001209979314218394954649516018706847216816244450539992385070440038806407634575055918793564972704549762094625930241914709491188
173287385765759688649153756405952714228194871.710328958915549518061988214263533227515023781255171733377410059703519943924288737849608077771359453677038013821847172414879024823873359887138772136950377998326286069808427468636839321754018207884375450923306542789535089910409201785305055995747281059864858483785886
1119755901097764844765708083912906298958072620.81288359639224905826712450398160041017123843628514062112731596024838441721821326440251860844537630711418625558516789130679489573847853026569224007506049333496021960248129366195626171085975343359603539519923832279791437564118287312175459949994788642852906505433195
-182713694034589001929545351663244094277026107.987239303695114605383715403044054765902601197769799755322488214785002014375814605354841195299374327799811349032472172373799947508245236232346327505054661436890518950520473485877632064452489429141506894454495439480948386217577739218015610006551108487679703979994334
1401807300419242499511220003960221661171097379.10567615662994954702990346189100122990527888508701672348925877276304504290684301921469290850709874837831352631865637083120336084421558153001250657789023912932377498791852552671247248746042463339937206268011578871207326507737947539408518024256897923062710412687729
-795424905299048251261788388049692895123854245.197855230709409564444743353763866122759453028109409458259724793675326058942581698105247802842599482426846686746515553379931007778212068510768058230630791739774874215890901685958575596133354477105721702017159991225598494946674267381591566356951500021182329548150995
2077744368438537310548158935886230653820847882.59584245456352368356581743325199329260279622451525302629313584853200778222660654537554276330825570758342093005750849468042146036714725413962329503300376351526455014699614236669429948456437945289515915909203741489603990680943031106632225991435820893626289904604419
-1880673219900033127027241921642981119038939090.80147363726314688765580735386262851605345500694562948943720045563537605571326961574935060991744524991026205194410174703438524948009441177377395050321585544059092767875010361431549219127078868952543564582115226058692106954640296863606650695417721083628765693611158
3367719758609169468838245226616739515571002683.41207227537138010970241985815417361582439025953518402951815933549007744356280820961359160861294302907491827638042361660860750490398491021884468671891923702176034162319802205558447319949827323488800452685163541513598778444317494017358913142718595926276804116958131
-3577936115369461021363968294781405143702785531.67434411922327668377972182191577664412848719422539903010313559764402355866613939888847294180156408669373254460973120812539496594850019294747691248986567830484918021571100502886307934861283472554860686488058753287662525370391408288293610739029615154430500606158739
5115376762357146079101455144015807246453238244.49030093816958998286345007604615064399696219980594106849834502521930872870456163849550947649794951422357271110427670762489776353084737554233234681880666126744842820371736488823706425480801291754824692054635266335930500609029987725478216389266871499046293404438251
-5134124947982730803998590166910119733171991832.64205520261690838897315602574825422242935146244814023354294550935649019111678737989871240205300829728351812969345917371895878193728735878054198956122022146713658658073580926637351473871202096738970256488237487286830012214292036474512613328142568916021774416513961
5620386934124109755464149370344213794053933768.40275227033261968022191277057123575710178200053412298947317083676637430082207927222561171677003346644285236888352270263152897724062430811866152232547982455511238050691281034504376643331511234997238341300887952525759651471263221135059581563536100208199377949632929
-3933577972844457504479244287156658919031807061.88240898891748030235965977950443978667190383967503514632921123945171246579799943627883811380165683138017112977136942530099271251482905654792322483245660421043040966926236477006166006075083040310909376797977936387627594627928192370663951993979503211471156846744809
2383470056516685708197040435136739936861108661.99084296137142563510779146795179789011566405179071085170489621221152970219706152752017202436324005107128771857434534395155694963240789926004410695186667174244863689015515576187088732298959182782491421946165945673090816180148858524437114435929144322917971537819838
