84 1
-458710378722956938986382738710992327793269258.017214022667963626226268132852735927826531739252696778340386563375984789036514381504900071241995965638292499890216035277401183031947439727347674519339935905536239523085336076253305991456331238093262173499615585503109926137181220048525617435627413615695190822789195
894300382875194376363739062597736195060052431.28813429862893620739460071633164675962394727144172355736511158079177651740533412193022283510997011931461305405198480694168599688530938984469266781459543137381963691499218432953511210063650802077270183949188376283582694887339132949117385090465085358716945330759703
638172596150062724700291282357296165171537459.889020636911765895482689135071025055294015845343764149825170454997925707613770743548231613667143066753817885698145084962884988861729087633070199491330956286650363744908946668052018374776226618874044109327905056307115936033572598707986729750267999992357246152880584
996036817181980442600434084138489439090320503.241382666081562486866502882776609243551460707962041544491848308220155400955433606129432466905429542869057826908416557903527208972679522374187549459463288772872555059534408416616741873515813541549171302288041872573733604273120259305001042503395014435073981757950386
661085959948279662569118499904775383873689820.171403179335005642322771256198571145433539822354562827680424321741166802249750964202474877937285258076118757061209304621835212691696763132326057999038083317167822022844308449831723748587198985550753026439510905626910694383904668205516653557236140263683763478217001
984847152557141322217687889734115973644179655.068633371954691294111503744419714081343638473372581679634410566598396641650015986136457683209803660507272934144797054237113727544724365488225257014676680427015963648645679638878733710008534453923718195682586750888003843233977353059905639476302471910259660951706853
342774674829584887113530255158920471268839522.921107072731907715839001706253326632847141667080986283304739388088980679145252689604627614156403842199745754108024521886963346140642914413414641571353455101055022641011313624889625041459317607008784375758071324959259225523417541516428626757384986180570097218088471
1100076264152122619879588464462369103664209142.52728811584960310170214253417456759489955402611545268174665302107470961106484191086132617046901494082240556185875077635248709790715252004903222608170973004436500922514979882342903345041936525646551709620256051236306293320653238340811714087481864552184227861691741
-167436885143412669227474607483956020929884339.090720700679820403221542013966882245415304439681941767144565514282233551667973446153398118293637923077710828051398836386147089745222171737019730382836567482920267707259042916701527026794145436090632147816310767468429218972181550314546391528730965678815827340162477
1529202709147668953079231410218875949261433110.9733482231830580735349767355668157672713358694432587258861798518813818560991188184027451731198223136947949631260198565133510623768368688323104685574196539000513391806886495190376770433937455836112552505204453880619751734241061952379916305422178139088407213274437
-954564827001190597959593572686349376390432191.492073177199900347107605717655468511220573419847163787749657632565264722751502543856862645404846388642332181652399558042259616160293642340857846767385418039745284449780677413372508160312675232994805724233357241441270849955119886314724836036777451127090282108126208
2185037045260845890464777286935777602683277977.62640458495080098973449953342392365835818759236115999339152461236925632905888234645080806223248336725111497158582532647363653712022226247636595296887090710389517805857155900632071387174254291032288458217577819436847644075665330142906902583428872700365685896879975
-1472788727537791370874292213652532589164031689.05992454871956017451768781506118273692907662862085330310161000649516505314705304221001504802991439403236029715559456005431581317435862055697886341068087045703943181784811094262908037047453358510961278165018444424250467980477435634959128014024383106920755380617359
1740932941242151299579436261806491093124715497.84593290499951450988454647930983346527221083544303832083243805166615386712424512808137570749166360066589419499004677764872702508583948735922841634772897807079090140858953654157204977769264947462629031062858987152452717317080901523111496622909886419631413455886617
0
0
0
0
0
0
0
0
0
0
0
0
0
0
-64197369759358019655863303964506178035936433758.0169978609763849531066453485028337243090883573711446547230940488379395819488963648822221755733967026587630376640472542517346320665498180166576366101663593802938687823699750052758939809691718296246723011139081198990586094344102642234174155808902802332306964808985
97483000181513981456732956818749494316272028960.5394175848562488138756874736503876391450479162714012782192885755788376498007728147797189607793353221148085452850465377447922482105162434680432511742467886513391178949310155985320772444923908609300448928824536259499729170259430501582351496104716005038703516675899
-60424486671647253573298384683742998352071478885.3819107199084433392554661754752182242007839014579859423367358743637799745386016941827032334712111135579627397059678697279109343327662798940554239469232389424022399021251386406343578505675216207438339177711719166532300597547961561046351904959109453725438045831281
52836724568231309887683464416638769820323300859.977363296899145884965127094844365587039320715321382859089761645525756505698044047695289535092803580382505311006370741770770280890670036288010718515401124239251707697193130053410294382336263562609223900357745144711508244262297328027245403247899367023150106919388
-52272232805700549186326271070699263939298742395.5924925807230881919737173461995668484689777816865558739177357415144120418796728548173363058205771975462192191904814622700980607403234636628803792489020902313454498855204478144351205427468622630071879340615340121060508789490565725609220956014060650241386075732845
55759599692267742507733043974119694439632149475.6653649336115709530813262206478503101136933077689068928669769806665120194612691501287616778519203074147654176342018979851188608392355343283578899638847465563214480151576782287369815211936666577026013589276839601766029380281214804498766007358068901038544259220921
-62546122848306847332240884972035004667002854055.8492724211751052250046997483567756306731637547167327279745100598360010775317714608403888482775418709472736957509669056839672250807704468797832035094990993782854447212195582243576698362320813368100735682924629240595892257502534978890211763637665029659060433612842
72266101232009585055545137727425540516168921598.2044406169626022655963605246126075687310719796408130367292917708783498908778115722257308306536322661302268028344615916684465059665817657305705467452937622745501465093291840821879460567177835712259318101832779006670190426866276375976491760559177468674422484494767
-84094341676115014465885109667860020438930885885.1650682826558180512467064064786721679429113556351588559130042021712840991947016726978140186944920386097237166534992377266859743581293878411057576867613941881134563066273751619321552970321748896345751670897153649523229436469141278896335827937957490944398137692156
95781166377653813884395723088673318618517221625.3835407950290355100923929015110682622567092563066446527169366639286614570065500486496060456056613402645265288297811502036060562113865973361063440325934263735438378061008393202085083498745261698596907290692251742994302346446162953944507094505830259493726409474139
-102535207920699123624761996941412100258319965341.181227522781048668052110961069376494690862133235075634634391963926257756882255273891946922367256916653017767046705708684283125657680360707408094749683066790955033279090720862129324857376276488433494229759485965781513233465473451088936122854194046166279079127694
96784173797600101494795442401990962955604243333.6598195579700382006577835859203054744462514848555806921641363926920621892834048387186782357150963201039804133528223785548956602685182518594082677461267936645426801692509385062342623453324683928224871495854614612979782268990517901511477026131206490349797629587678
-71662527138468012290591035649477994218925890460.1713748875952860862157760747623362655038156752635627748037442354652672874183265365981192781340305635181630696981226287541975290338331304134592706499188658310354897846541636083658992841401329924867370304342222683157032563772631268845035178774854322696698745805224
31247004259234375058345734297021248865481498308.6235102475629688084512212206582812478100534150293333414601825529453916369389827226561889008598624164499491168516905500893963378637209833045528002576638607049002547354080152109826112901262784955852284379838146020305685390457153028867764700146907872757835699312746
0
0
0
0
0
0
0
0
0
0
0
0
0
0
0
0
0
0
0
0
0
0
0
0
0
0
0
0
-458710378722956938986382738710992327793269258.017214022667963626226268132852735927826531739252696778340386563375984789036514381504900071241995965638292499890216035277401183031947439727347674519339935905536239523085336076253305991456331238093262173499615585503109926137181220048525617435627413615695190822789195
894300382875194376363739062597736195060052431.28813429862893620739460071633164675962394727144172355736511158079177651740533412193022283510997011931461305405198480694168599688530938984469266781459543137381963691499218432953511210063650802077270183949188376283582694887339132949117385090465085358716945330759703
638172596150062724700291282357296165171537459.889020636911765895482689135071025055294015845343764149825170454997925707613770743548231613667143066753817885698145084962884988861729087633070199491330956286650363744908946668052018374776226618874044109327905056307115936033572598707986729750267999992357246152880584
996036817181980442600434084138489439090320503.241382666081562486866502882776609243551460707962041544491848308220155400955433606129432466905429542869057826908416557903527208972679522374187549459463288772872555059534408416616741873515813541549171302288041872573733604273120259305001042503395014435073981757950386
661085959948279662569118499904775383873689820.171403179335005642322771256198571145433539822354562827680424321741166802249750964202474877937285258076118757061209304621835212691696763132326057999038083317167822022844308449831723748587198985550753026439510905626910694383904668205516653557236140263683763478217001
984847152557141322217687889734115973644179655.068633371954691294111503744419714081343638473372581679634410566598396641650015986136457683209803660507272934144797054237113727544724365488225257014676680427015963648645679638878733710008534453923718195682586750888003843233977353059905639476302471910259660951706853
342774674829584887113530255158920471268839522.921107072731907715839001706253326632847141667080986283304739388088980679145252689604627614156403842199745754108024521886963346140642914413414641571353455101055022641011313624889625041459317607008784375758071324959259225523417541516428626757384986180570097218088471
1100076264152122619879588464462369103664209142.52728811584960310170214253417456759489955402611545268174665302107470961106484191086132617046901494082240556185875077635248709790715252004903222608170973004436500922514979882342903345041936525646551709620256051236306293320653238340811714087481864552184227861691741
-167436885143412669227474607483956020929884339.090720700679820403221542013966882245415304439681941767144565514282233551667973446153398118293637923077710828051398836386147089745222171737019730382836567482920267707259042916701527026794145436090632147816310767468429218972181550314546391528730965678815827340162477
1529202709147668953079231410218875949261433110.9733482231830580735349767355668157672713358694432587258861798518813818560991188184027451731198223136947949631260198565133510623768368688323104685574196539000513391806886495190376770433937455836112552505204453880619751734241061952379916305422178139088407213274437
-954564827001190597959593572686349376390432191.492073177199900347107605717655468511220573419847163787749657632565264722751502543856862645404846388642332181652399558042259616160293642340857846767385418039745284449780677413372508160312675232994805724233357241441270849955119886314724836036777451127090282108126208
2185037045260845890464777286935777602683277977.62640458495080098973449953342392365835818759236115999339152461236925632905888234645080806223248336725111497158582532647363653712022226247636595296887090710389517805857155900632071387174254291032288458217577819436847644075665330142906902583428872700365685896879975
-1472788727537791370874292213652532589164031689.05992454871956017451768781506118273692907662862085330310161000649516505314705304221001504802991439403236029715559456005431581317435862055697886341068087045703943181784811094262908037047453358510961278165018444424250467980477435634959128014024383106920755380617359
1740932941242151299579436261806491093124715497.84593290499951450988454647930983346527221083544303832083243805166615386712424512808137570749166360066589419499004677764872702508583948735922841634772897807079090140858953654157204977769264947462629031062858987152452717317080901523111496622909886419631413455886617
