102 1
6574871894954278214494311109628455522911434639.01709666073253972063778029038225582859148440099591502293335643562672966045798392954864968521052504260981125597065420453514848774280150207421198199692889525981640381967835775758774456364907821196005863088384211585598529501950868737645348386552570010552913911124728
-9828590383836336369826294096246829384044332227.37618807128374322648094872824073278183364576613521621665111154147496153892613318961752428739619840733790821383456289948603547228937688177653126281911031229853367998848175356777285739956410305620240565386716417531574373071451483009509632887683172369616214309326942
7062401937222930866821305467961770471324987703.60474241370275016206691763520386191366648264713881339513439636866150057091064681547737765978502994796560034553046448112580319820999443266096908118679718802376754786426200353190754428274097780577096914984188746393410524022297662520350935068062602756157986641107228
-4835189859355740790942582833523593127611989070.75242928268637233948990177012941896733492114282791437890741802195978389288920178116536670918025257991805193059513765845577958038839000943474721376688093478499618142702471328094704194236474864206407957339231120597018298746042011244628165364848680364694005452654141
6173349976034433428343471257875988423894450071.9730065853114336481224506540582501132235938623398693742518370974752913907882374091755000521292982249083618494811223421169286524056880548911139411155170596861612093119233970118804048730539879047823815883858251210842329090205851693690997170514236523293684983596415
-4988354751304737261260146704117872122770454503.94118681676572914658167295405182589278897136696539041687558621039802559197123447224372080099760767657763468185708887260662446981388082584344246946146863808717430363247179372314420838554562358102820100425995128406064734897036648190318512831298810487218883540037858
6892509030077607187733818720193102426049178683.18511768372957305042418175569624210655100600676105043807718007341866305372205773884880163914939208479959623635389780477445297608553537913863621152930738113299173845936886575823149782859389796491325483394968666438579690063117677761159198244522908161413638299820471
-6593683916371019501179981256719414665075791003.36497309180166924353385464567766384732907363850366174377947363819539279393749928278429924962551036696372707672764410827961324720953430230932232041880361661264086392401343805345136141003735245516805940654544467155313449419714229503851466058708737475805293539388051
8980689087478426047587481450654351897754724655.23448258698768098739940603513684611604016382061660435647017246191222998639566114362342261473587475774728366043653016550047784529761730215345486102574419016502959071897943176825200690949382707807624110299747285325774478442583721190339309287210234787815865130436187
-9636420731745016757271834962036703514236043621.09714853832046367996999438673621640202783598908688596398806587725782272580143165529582426088112587479364520498556297163501652304926137467973896993828665571060503389684549091716165254649359981457469132311752755882285541518647286050213105373706081793223272290028309
12558575634041013575913950448060281917768887651.8063826320707894468707655153716878103227686011709904457817710002892681842080017272231372471587002499348905959955103780538279829705753793627373607280408407306622732776853169073910172963714631443222989220429696951151026211713198341147044518091548546606209310833586
-13826138489798652197720483344870490255292001699.7197319254511267188635083636228459841660139107872058988790610570051902351049724692697412940995779076549279455892068947792588321840505456404340213416120472584158340821771051417947010678937252733058412917689770197664473818417544408103657081406966917482169915105815
16371157192369757640746403302723976217828165265.1417404683464186697912956907741471235677470120000104786623973569299602763862060873402535945337017660006727646782022740191413946092515127898454223869995466250773354793322365661284612983061708410849131722266374827798695978694332584366568349661851988940338510558916
-16198247336106876071792620364766588053038271657.3744608138199731869979448931643914421813597842478576850854905649281211577334423621056363565945103054510607687447827463003748996470967961975945985763152035558967750073889454388315016598438114568064393013669762702382593341986783878804147816698377400279538811496686
15224015899126799835912032210245376501060856488.6245511039739160744395715067813083218395177327886709080637274238276661167396857799909389717599475857621275631127124727092212687065672606539043708600914372985928476490146087784860810600569425943504105367750622068391809640874667124566967335807817127139076420883712
-10201528378420841511151642588016415720225638861.8064909242841509847503069518804047450505094885432137039960570626084264784462115776218794611611954223746917619706616216275554180230330274922666698652020259554158085942317395956885225815320559685734296902548240743609458883852787626698152523078869266727273644359715
4877096450984586672937992284234993543479002371.48926106792580399339784666972206354302272736338439666974917991110790753520943273210413804306225233392228421516823390245594266437843063029642687433355218058248739101551359431992653143584828702268326486626681418697555828483295896627947847423602271727806591034335523
0
0
0
0
0
0
0
0
0
0
0
0
0
0
0
0
0
19149244271378623997163721739072964416516.9249374688342903102591886526789993043986412725356926588337725061031876949983502181775955939914697580694299779821942956951504515561049338766206909307350427439688352047649555463230298099365899657852547012516790644087773410272988484732516934616685640130517542570532205058
-29024077591303113222277411541726742421615.7755347543132130311552089728698945144498689934725213859547256314283084158866316183452867667867609095425875095891130530359667564987869707800535347562897901350020170744595854110516465586918121122928309410121878052798246157675266017668916052469852997661541974949231816454
17828954621543542640674668708782852475406.1359773670078292403652718775891014069123260434517945222152405192928672051692673804654101183049204051238790545905877085348208047916449110878013156291214702017655356195254814390313238425284525820248493469059688893268812731680145824240313207292007605835646228152566776658
-15355439255896921914642026702228781472640.2878329633495323165960349009295348521212748739143207733724244210295588907873642674786885236748555552018393883523216270429033373256872940311477117884630060782080649192873229741207481690972796186002099106674104088893906634210243674871002631800189380735902308092741114821
14899885930655562641893852407702061748478.8668580137285144103943664794556349128537899662887433373996042788639249307509140205677016755928791445883739480092705465200409885542794402359701593362202543332338912966640683177953207331196621751870469160462141850867983901411447759355708233635039102835090603463860749373
-15571198341522262043050497690085603375672.3811839439646084086520776385125148836105901009797006748069820499452991686533118394536812780854676363804172858307697046969387032478856484660535310989258055161994661283470940994043547277928722847523639984755822848042844893722858643761900386826059446612218155428475551996
17170425028893467408977966950815242500845.4228156064464156931294178625290230231199459128104505975185546640234531466784951926124892462403887244378545894468392955936776465989535822057862768235314673054914883936522588353638360022545466127490913718412493823663207870895072291960981031642202171427534331876282592232
-19700912834186621327704325465183522011602.0577019580417164392133806161181147931000192823584574657442299744939779510248913260357785224255401398731177598315150394913630781222212069140406987637327114945043007422047435937524171402798832378758983890574639114909307298399398897378209054626801730294387736383039383755
23226699406357691230027154142908697078341.0772513884263678015795041865699761162254652020521547919500677905315678022186367425675283628516955125519638288589539790047710610506078125657423273762024924373942134962493357816421387386518126955602421136002899490179980445322081775738036026169734148919471200200621084566
-27762570161384993296086406099053964742905.2147536198600450323479961628468891874112766482137295100366209954369280630916174925615983589976395411690884777516881809015640141197974287741458443335244789914029976872737508589998748350977979909764163273449970830124724005462584280256468456483295677414135013827714277178
33111140394957123324015780205411088082798.4216134189079005733486774379208098246666097375550726800185327281598375162830442667551183643440512431515286730919761361275414360979107442654898505819542828673216301775247544598944722403209546762762357621689479893328807193297501031186042682233995839844920056340935705254
-38607649747329825246028165690538269180400.8813009028806946816751143772258589573303955459375456246098811283722507849198393071061061382611853401121199138539258494720402875277412576701149773050065428436689731687343269653371613348166564463407871874195576968631320186903704444920267843949746049214044919577362803538
42808022906293421612464774779923522138768.4947938774825260917521604044269576085551344649745591508542435139390516865556086152442227435589744273408670393755799126041357790879723098501537097124934310573794446836292962233171046585657123156504276831278262508901343115705613252988765313255929340867940444224416584402
-43357287759419264409344630323218420729359.7417199586107606811373470827190585253322822631323081438267716620901282213676510361313338834903621314954893772091358901873617968329474667794102373439803285470508045036379989190350420252462172300031219832211367108766024546503665267725937612288567158685456828206298714823
37631262979984288479733679408256557663259.9072891072924660798936926898534047546911831278106596309860451365054335609264285485423594844496035364685366799747863335104237708496447559894432378731894464233159917371524004564691483204750338473129310368410354883091453741402652849559067231328484211578307431412230344947
-24896695025220872170620578442404147558995.783763768013585100143845123797486104069629200606386929124135412235721844644470984536672223700827362637379932042214764392717475715524087345661233967528744520784077477821116949358289811473466755974383913326993336473088995797390435933360987330304386367819509911959718401
9423594266094240234902687418606123819364.03007458824977050030690086532814939562431578905449200127653981794071660370293847023692792508048236610506372964665162032961844590045992777239905268211854151628854290802857694278794283171846353551722202257883209438783929116847067012149757850744714065127392196023265231257
0
0
0
0
0
0
0
0
0
0
0
0
0
0
0
0
0
0
0
0
0
0
0
0
0
0
0
0
0
0
0
0
0
0
6574871894954278214494311109628455522911434639.01709666073253972063778029038225582859148440099591502293335643562672966045798392954864968521052504260981125597065420453514848774280150207421198199692889525981640381967835775758774456364907821196005863088384211585598529501950868737645348386552570010552913911124728
-9828590383836336369826294096246829384044332227.37618807128374322648094872824073278183364576613521621665111154147496153892613318961752428739619840733790821383456289948603547228937688177653126281911031229853367998848175356777285739956410305620240565386716417531574373071451483009509632887683172369616214309326942
7062401937222930866821305467961770471324987703.60474241370275016206691763520386191366648264713881339513439636866150057091064681547737765978502994796560034553046448112580319820999443266096908118679718802376754786426200353190754428274097780577096914984188746393410524022297662520350935068062602756157986641107228
-4835189859355740790942582833523593127611989070.75242928268637233948990177012941896733492114282791437890741802195978389288920178116536670918025257991805193059513765845577958038839000943474721376688093478499618142702471328094704194236474864206407957339231120597018298746042011244628165364848680364694005452654141
6173349976034433428343471257875988423894450071.9730065853114336481224506540582501132235938623398693742518370974752913907882374091755000521292982249083618494811223421169286524056880548911139411155170596861612093119233970118804048730539879047823815883858251210842329090205851693690997170514236523293684983596415
-4988354751304737261260146704117872122770454503.94118681676572914658167295405182589278897136696539041687558621039802559197123447224372080099760767657763468185708887260662446981388082584344246946146863808717430363247179372314420838554562358102820100425995128406064734897036648190318512831298810487218883540037858
6892509030077607187733818720193102426049178683.18511768372957305042418175569624210655100600676105043807718007341866305372205773884880163914939208479959623635389780477445297608553537913863621152930738113299173845936886575823149782859389796491325483394968666438579690063117677761159198244522908161413638299820471
-6593683916371019501179981256719414665075791003.36497309180166924353385464567766384732907363850366174377947363819539279393749928278429924962551036696372707672764410827961324720953430230932232041880361661264086392401343805345136141003735245516805940654544467155313449419714229503851466058708737475805293539388051
8980689087478426047587481450654351897754724655.23448258698768098739940603513684611604016382061660435647017246191222998639566114362342261473587475774728366043653016550047784529761730215345486102574419016502959071897943176825200690949382707807624110299747285325774478442583721190339309287210234787815865130436187
-9636420731745016757271834962036703514236043621.09714853832046367996999438673621640202783598908688596398806587725782272580143165529582426088112587479364520498556297163501652304926137467973896993828665571060503389684549091716165254649359981457469132311752755882285541518647286050213105373706081793223272290028309
12558575634041013575913950448060281917768887651.8063826320707894468707655153716878103227686011709904457817710002892681842080017272231372471587002499348905959955103780538279829705753793627373607280408407306622732776853169073910172963714631443222989220429696951151026211713198341147044518091548546606209310833586
-13826138489798652197720483344870490255292001699.7197319254511267188635083636228459841660139107872058988790610570051902351049724692697412940995779076549279455892068947792588321840505456404340213416120472584158340821771051417947010678937252733058412917689770197664473818417544408103657081406966917482169915105815
16371157192369757640746403302723976217828165265.1417404683464186697912956907741471235677470120000104786623973569299602763862060873402535945337017660006727646782022740191413946092515127898454223869995466250773354793322365661284612983061708410849131722266374827798695978694332584366568349661851988940338510558916
-16198247336106876071792620364766588053038271657.3744608138199731869979448931643914421813597842478576850854905649281211577334423621056363565945103054510607687447827463003748996470967961975945985763152035558967750073889454388315016598438114568064393013669762702382593341986783878804147816698377400279538811496686
15224015899126799835912032210245376501060856488.6245511039739160744395715067813083218395177327886709080637274238276661167396857799909389717599475857621275631127124727092212687065672606539043708600914372985928476490146087784860810600569425943504105367750622068391809640874667124566967335807817127139076420883712
-10201528378420841511151642588016415720225638861.8064909242841509847503069518804047450505094885432137039960570626084264784462115776218794611611954223746917619706616216275554180230330274922666698652020259554158085942317395956885225815320559685734296902548240743609458883852787626698152523078869266727273644359715
4877096450984586672937992284234993543479002371.48926106792580399339784666972206354302272736338439666974917991110790753520943273210413804306225233392228421516823390245594266437843063029642687433355218058248739101551359431992653143584828702268326486626681418697555828483295896627947847423602271727806591034335523
