198 1
447944585382184543277.002556350072900931698793624404426047451916450923558232152362979422335801626672692513944951945213245441664946818501953143372895330028049559375967559618803333914915097962265866579444750006009751601373337064496904764616747014241529107418684893059749647340744566332515258190214840290924549289
-671164333250604432445.852084445295707399843198496467560684571414773192833265219916651911445156321227407164029235916628423220938255931829027770669699314171994790163458167849004656345917805926713403313513792613899473145960897674194251216642037782698655030547436367628816274293605057113312924856463338414069476336
431443445224946833807.783672080968952451813585204158639508367123928754835216432884409350395661322170347990000666529338044903919402989159250702783138181561524474079890057536329349647794182503509428453893768246314534548974946917441174182808412602983126438998966101804814551609700347516684020712296935073689306262
-313387142302363029887.289481399749560370422726553195502058395827363788506681450272361960838498099482171772289974359238216876561853853102471219106815750516024396591803911198897510252783924475452806393446546672576732054210380847013904902256273103359040285276247426339215390033558780132068620660906178454330903076
353961024974297199891.919959578584010480245394517777168311836479301818119388376278306576057618126624644563459689075744699893121753596222304383300269923498514256648802151125367020420868261736719739367823325892342853356469544937683934392304548876056540427782543750610333688901281929451934949943223747277500100474
-275891419896862923157.452490211241397424419178169538034812592047743713852393100401799008917154501129477214134045154222715429499983651572656789609934171849776517858347771885183030896524213871293268761225407934193598579609594270120346896101454583632674513935922445788175560193560543665753910407457350806510541659
354023823598779782375.816219811349132690232189469453123242967894440604653087518382313846062508003253531352370067682832073459459835458016959198808508630227007441876145281278918118095267553915841507792617796388632895981932683056166976861070762183349012777221116048363223678224542707828358339926542386738950693873
-304591335125007670722.789321029599532048597316717877597951301530071668535406611380786492913029601395774978318300861942254689081386030834432346112603847954173458613787706725462430217294562429364293037543870814738667569990021894431037271212251571958265097514281064938294727500520070878455051991032407901357834373
400519747354910311923.486881941246053481668317345660026651987423944404988257066534576861310781429515951427590570587818960007827945358010364693932147345718223015593755841663758798147320653790406402461854432743569366166261183449166601855390266965029713917849334586445988386334744890940103425239113945135588480215
-386320682090351505723.207017418801907934899054321019087425378132001789687806541846546637118571527364373286523482162473476513864953020259872445374633011779978201872745613581774855347731521017905391772154111272096390985381611900725332362237491491567585707508842571742446400210113648540982697424986846256075184357
504518144785198419502.200194872687768766380119217439518504289168327589080660790002602705426987941506213200584817770742069018647525524694573548020816799738081853347273646983812574485599721365817580604178132620434598275561108315495389808091515709334156376727033570165017587444448244932803776494344261345707046872
-539222068565439739009.474888463869665779724711058367607196692023404080498865144382913181644699115159456198442882052739390116902345846175726451592943140471202733430548808288172493485370160279508822870037735146354060962005951170168415376718176505906102378840595211683706449289941349517158783487229027155399152621
698561657428894559886.155341117437154608956051810067992315708654018968126221214245922827100174177605787432680105982348973466812094904017844383077794336749867138080405372534638051627741515212815505869498035594938858393157158664568225527492443155354504191343273512079808270728174013190525802504384579914131938446
-807982263751885702973.292833367666000460018674316383268737018310265969565317866178728727014206732474923809482540558768067477894805758169189303549244704477008507605023244974192773120350082252102710518369177357297941755517136900378434313168471982156874291155576010922943249742055215620292160722115750282765790072
1045396515051881781968.24971504392963267268593122891022132250173089611556271055574073061876588164541167229987232475729332890927373487652477367667380294035924249622563312161488411067763551751086404227748059828038910550876654520184493366944389469224129859311347011907702024445919574553875178364816721677653142664
-1275329642059464294385.94301717071387052543740113315695499552330300506411387054996194023139536852463497235647703561249436268392042900702440362030225882281185498033441505143060297429006994789071010823348044437010868116725788154429880680002984954195533051600533789362940844359567662719499005868158533395283778955
1653617241968663618015.71543812889306435900212178651249382966522377895171891766514962974380682396633629413342025113181861315013468484549341266551853903178282254226202360921284747174545916745918837382613667564537931007667790115731950559956642740582626862526354555704875543646757037143998396305581693013668472081
-2078776645773016490410.94007240690880349049342034339822966030335816860113406806514667904642377900752014843306954872364988180556245296857998206823030840648306932338091298050121959205628680020001140054277079837705984041532294915373266323206019363101576649819005670953686559371213614628598560211144945424125494039
2690807249225475432974.8079227877776160469194914407386059783180710296899164634751615708817407955503898574137891616787310891718156043551562953584363846389318273806456009566332604376827380080574671942793200003449431456206428961807633401686644397390871609615807833447738478109350896649450442941336957908764358587
-3411332830226370410670.8182153652993399133789118071638944972663007004783135694878231510886601120923144659389733590016315491351019331030208538078086790062044458606880442604530858275929595454307877102828716406596592750443815770274923396128409873400262960765426648876104040620324387657523925690823397212415885601
4357818572792492512757.54411161438752756992635566288245220566774054280557584081190010680989687377616870723806120433446761466027122444737084147184562272925931211685103124755174943869568049462242383284224096134424870287801890349688861463638300065854520146778257393625990093347830350439804390633123619124879554178
-5445638617451197673792.65067480998615576029191801567583145870359158530276016851071374826277750291409710175240284821979512310106522042818739299449292212654536803211728875534862445280466071489271376191992064425481561435661229174425317032364931218661114504027631821448581219566163115924436634528898156420806666526
6732314479671724926346.89492902260217102329144684258969656132432383575652887811640702862561119941635900563502272380874201034496652400713528018284789911406826995001472995552698424056689474473278609923683037141316170753391897880015880097771284500438242289034467875488319006281427130309629297329498514469017642632
-8062387676041301555695.73650104462019228633373514590810029059479088917592732629015268292165194354325170005486306065012789265432953642722455399993929339409598134426904276530839192915305632711336491057814744196589759018863348094444618796682769469705650256545168514154495047815175077362016304285483492804887965202
9361186247917453282903.59701942128483857683688725239080740020825514879230845701945217323101844017357048986773960145182824302269131824378590952667277694554962379906838060113764412811542852966332234265279739897600199747150172143612913059039680492317787230766006490161946705710384069853177149782169558923882809257
-10331836226553054506878.0076387047075249735116406590372073920372505250192982487011355353407302168915074448112365458097153921947859119718199408074091099369297078302403251910788106870723094782411647007185325707663190518933301445072787733566489706883266354919033704179941873085446199236340443917993559196087934586
10754176915767365661534.8176014964258726072344022037899435648068172099323584570088121319509246178309101709282803312933841885161226961471622491362544011059146049153658113680548033587160048855943409062645187890611815542273254963204586975691378668463086757665881808631075876213086595207589970474543162385512028184
-10293745537706181962396.2123776669067835536360380059943167314140424255149054761598356993178062697775328474759414020087366319598496279543505429005543616159831101282680960356945472511249581253036853272714876039460397990517292565237906441998157887482505664993974988452341499658815666146402471357328651566859524616
8877692730229857284665.83368832944122045626600365297902085914863641682996228147625489886214871887577535292864669542208718982793929776991197843892463398869765575478149698584013236158546126018891559438081895119275693395869067593836713171981708158092402548131362028306010385855588611704838302117377095596284474269
-6602445256076175260169.47302114721575269951441950700760999251017540977889544450884309595736511905222415673713373554672463041730188395123314105183028174659024700979686583560070551722152202651167588039368368340632655310147149915276789377858424287103905671887209869466929276310210800963128314975263769664302414609
4020850289211414663817.2954341348467006460488525059301081770997625235695989255581191126969184065459289907698024919056899035590437355182620148926265387090778969946855250652873154595208734931262341010540466653856290739473059592914561048440990328377722802043758037345772146916590315942078669279651320871016915594
-1779716552814920291047.56080141192733271804908231970022068912864868444088534079691432119301950066159861065657281809827229434088719234896878840123900285206578799957970412100607346251316750299196734172392794526855218163592919038534665086127211073715898698954267132919502881656321696513079827405166462496559756526
454889713125770941485.732719628433760744236297420404377216323900953898903409456120041416557333996219822493627802769494757106040787160269835033113186670264261814516778307627423214958452046674097135130027436711334616822475148522403191976213026019333656134625582378169760801385539768990074451676642693434798545725
0
0
0
0
0
0
0
0
0
0
0
0
0
0
0
0
0
0
0
0
0
0
0
0
0
0
0
0
0
0
0
0
0
499520456021210772199.64105885476473422923345117835170449359695084022357412306633483662979252191163996483510286970669840823624958940732967134634457789222025770830401144547086304392148806593910653888105530240019578228220343003618751387433718654131863836130630455506193610899471058333326747244896806793186770872
-748904861122527634316.957818049301943275647500643238958859184960021490149917565777855786800335815400714834016488091720125546895759317775287127340785784015588989500368503110920123174225573303743139624030640089516529708819022661619905953775963868421622940911775691194507984550688134125454027960203974829582916858
444981494971106267713.149780325368539422549773680147512942358407139941789971121539941306162963354228372880442015120382826246443314862659902142725505084858859064778459232084128235255712422364343721255525176976764178857110811999404580179079982850973315266480246423193238647953427209483553273690477305466192135516
-366475057752460401607.597858375592092325982165586359871689828653329701985278325251602115733515863940843027076921057405732851789450588396030089895072984729370017177678402938750451680298735970906157922646490712554722808994580768382452158137470524752926624760789877874054678563178865171989110239235869686192979701
333353324085131850411.567416678652634566942884850646235408908414583603626222443285356931453769508549728022746451336824583814721319527547406416284691751675688001320954078881406428248223876101500398762619230281604906521362925501566250502145373935091455672088520816964468883730567988570510808260025876536652192336
-327889252226713368569.434094519301898370096269905344731421270404957889872627557356361454923786760708831260376764519822662960416828409982915928494276572841109602471836617534125376676748320280334752745230082399604241992519123486188263277252108253848706595510498686775185855856760332406138352004843774812109281975
334381373853271218260.745940278367012778391312379412926249396002604484567984360906349709272803118334703975683976990444521987482427456145510421468727974551589160580047480009147391055730382139707940451629790366056891179530902020373345729027975701532550429299502276813006359041761851157678781065754061693728733129
-353375825160127048077.573114819535240228258788130744378677272692201313875720225739563495733040202602764023835577626219592038128269884402140215057661970823871283990022498478483024794939079225350225568827816133899212738715338758914458336662353137748941091006515639440602411806995260948580088662776514919948033808
394620692234800256938.996888273289234318005212398874498093978919130942915775835974477230631686614877284938345259077828600098284896712482027900303578045308397622957150615964100135911006896951479398602525920760540459247487316172186571109407784264396738350850535610946501986670612107410051283942618850468675448884
-431360565164633746273.606305150678857093688044043753446287724753694049137293282668901222616781514265977186027860197723913943997582478436626103405837756644637791282464788520200604973989933237266489678573269113140227252025510696627400217647420560254844641732385122086593051457270862763765997712483416979402529225
521547349549127092878.650535569558202279231909536725413418652118119525296569871135128166053868319602927025593578988652199175124169645019826018721477169995380652716087590442338565263727224324195238595049316892514896438641160318497041221508439387432708174009139189362907604162274764980565436218158392791262285622
-585307346346719149546.247054811104279128837471451189653364670104674157054007886946308614781788909157869225575248567898883885940287887613910193180063212445749540927369087176869322792565867393804077025342766688440068997789102101813484489242705050895900166692260076365278755706998460921689171115354031688153183784
743558916509757270338.79914801226101709524076661734996128969788197645075887144087744634071777301043706717327687585029412306519159795638326851872177771239279529254814323747959777094480602332877217957997671824335317104472665738085628855457436126330362599867811140419516042026850886216736637445006326959378948686
-870759352588646299939.944999622153864454125673603092425834466599464906657609581935900379444512589898675077745460402279679507512474223448635787716477932478656438774006717890015650497490724840353608393948093495564149523760841765497324262505495832127180113969591334007039852074682953598896865845314999520284973763
1123711140038510719488.31493714741626020588704678323841061968598244279224454460852850915204978455300463455394351578446442274800978813173301371309436514295334278965260049748308650580189615786896291900309675140528620769266398930398248167866573322338855369103508069220182983976077677912061284828950084450232083195
-1375859049416704170452.89834523955904446726204220665017409943539806971005695227322800723552803612971126936296710370450720900868840788447940479920298227878192652311698427487800533471635067610712255660984639731173702196406270433954885183818864861125054205242633972545658774375439667077355874853577871180661248548
1783158755467742013188.59837868948509878801142960063610794447382729913379100272542640808916487370324157081523266106949752863341673329582524095443447588712019618703525259167395011425290626300828419269345601777255528766773070213948217853142483378759269247947440609766364947652476654079785961932053550483785514603
-2245286907875047673462.84338458356762283781683379614660782860520429704962637342055458932706087977107777970500686808468989832582917528480434830377669377607171680801300110120657202743942003083808984240182398035539753685239672058171486595291586727748437030040516618801643719832580511138754055644577181127776123223
2905309702072227658433.05692657112841049212088432518111542125120365896312993412444046739570548354853401130123979295817937187961559757915269842233901608533669166026295196831346962331592489122534018171986238235555189644722233871077216576462733372222856954020497033196070179724710219689067293320391162046841602421
-3685821930176658976859.70535212958427413662012314456814028152626447130283399965454396824516863196370333246125325498517273366058578927165999616108762112048127963913495810367295024046379003620166163167779230294798419091681418564786745915869397015379917569838038743105442542612808106890907107143116910218284120868
4706310328099864522572.80362970329370608448881325841131232877537121737508997385192308688073189746697741052204137859225247098250907713292165947694274778516292352373310109505435991938739867009281190676973055302711952062428497953161912177333139092357535752676140483318257291856658907893749369131451758174260390664
-5881456560788246529536.57918903688880359215633987160180872785883757317926658102065463001043847905998952546569194807717474458732940738209232374953363204186432862049573201572518723033334173769012596113731634236813897823432224589755158994786542233360554787268057013888467996397953714756988133832933390415379969031
7266292939742282912570.49203623351483455952563721560245506747369154449107298640742068019761813961516543626020158454802386945707624600023994741307045920246219061862198430812868980740942101573574223295838667255974419682921569675646991545285979094968712911808823592107132971184744316389824032989223652113017749082
-8697943906379458991562.27305161761950374836037678476777899066512110014987710962538308882192351694995721196338161313985218227855768016879516717556481344495436569499906691245244697356105338160174670784366201160066276988261793580388404853838853068612426798812435251120608538233298857240703419211903407591565420053
10089269256033762363940.2880113180045953287469742727415673272233488637065664560270264643424585738951324887325457957983804059037858838012257289627207521280688946726356791567594257827303955382921088095605954306022064800952188533569778358536153856370642356282553703546049660984889065280269794849102817638495373612
-11124798526463195159402.762505059661975729313911323899496313998015471915768514665577902360670568507392086505048957120858138812805469451070052397458431647254616857325951683246104721347499169621631622014669773885960224566889352026430177047391251741564951237985404219455777101120035567751033985122080630547282993
11562822774783933937997.8762600853651893573168421084124650037046866954011960013491496843764468378716914964369925403390372690391610535178688127904957515756763217901318631327795135605152817861346104334658992086343617377494192567123659265483086106273985824037635516587041730468513794989577688476997538567731889062
-11050270545961042371203.8533279992485318322192322628840638979976557599619277427347994769514813550737291853524197401069008878420799256865682045008741451012432068883477848556452493389250687241422864847286986991234712995317834750182825545834498307835647930219734171479080351043044808708120623875185101636926988187
9509226727118679015702.04491236314000701603046127538959393719861324145707257315469832800798634404768118560239872528679958405303764464482250414535577389185070855672145673257769826103674022300658893826413616948730850961854516979280992381069516475012260561391485836747371090909281134015531327677366873550326891521
-7054131236389249904864.80088440758772755899424526587938817133384592896667003093431864155477550211778616768690234059815825247002529495805574837175915425480269046559906802188732819983290599543689150748910413374922239874416208593484470775124278174765567273766268030803053821777250808430818527733622385465872210143
4280447227947706562758.3268132558662819554015872096045796811098637411609136308697121806017575370697367111895425161430093845912585741513893777598942868962202589795364273638776731137441333442345744898850799793329461616126080345308331411997721268815418920777303956497761394502256609286321023083570149680023666772
-1886307098699590237179.28846702789313769381212189195000543224791921162104539519604269515761672137303621738364790504916983929941769227176405707477683798406684496459203646761716195709390160109425365719101139139448957782715172729343379198479039300447306681620803025463315857256760468639267470752921851781802085883
478362433310752266764.214107004295516153055366879715647014095512068991590177879487433617738378066989892252443088445538972956011932782021866154344905401457184882828056425069155891671365644326438670024460174444883261742614905928673427712416709312298894298350130261661072059815595389901121131860339932597404594399
0
0
0
0
0
0
0
0
0
0
0
0
0
0
0
0
0
0
0
0
0
0
0
0
0
0
0
0
0
0
0
0
0
0
0
0
0
0
0
0
0
0
0
0
0
0
0
0
0
0
0
0
0
0
0
0
0
0
0
0
0
0
0
0
0
0
447944585382184543277.002556350072900931698793624404426047451916450923558232152362979422335801626672692513944951945213245441664946818501953143372895330028049559375967559618803333914915097962265866579444750006009751601373337064496904764616747014241529107418684893059749647340744566332515258190214840290924549289
-671164333250604432445.852084445295707399843198496467560684571414773192833265219916651911445156321227407164029235916628423220938255931829027770669699314171994790163458167849004656345917805926713403313513792613899473145960897674194251216642037782698655030547436367628816274293605057113312924856463338414069476336
431443445224946833807.783672080968952451813585204158639508367123928754835216432884409350395661322170347990000666529338044903919402989159250702783138181561524474079890057536329349647794182503509428453893768246314534548974946917441174182808412602983126438998966101804814551609700347516684020712296935073689306262
-313387142302363029887.289481399749560370422726553195502058395827363788506681450272361960838498099482171772289974359238216876561853853102471219106815750516024396591803911198897510252783924475452806393446546672576732054210380847013904902256273103359040285276247426339215390033558780132068620660906178454330903076
353961024974297199891.919959578584010480245394517777168311836479301818119388376278306576057618126624644563459689075744699893121753596222304383300269923498514256648802151125367020420868261736719739367823325892342853356469544937683934392304548876056540427782543750610333688901281929451934949943223747277500100474
-275891419896862923157.452490211241397424419178169538034812592047743713852393100401799008917154501129477214134045154222715429499983651572656789609934171849776517858347771885183030896524213871293268761225407934193598579609594270120346896101454583632674513935922445788175560193560543665753910407457350806510541659
354023823598779782375.816219811349132690232189469453123242967894440604653087518382313846062508003253531352370067682832073459459835458016959198808508630227007441876145281278918118095267553915841507792617796388632895981932683056166976861070762183349012777221116048363223678224542707828358339926542386738950693873
-304591335125007670722.789321029599532048597316717877597951301530071668535406611380786492913029601395774978318300861942254689081386030834432346112603847954173458613787706725462430217294562429364293037543870814738667569990021894431037271212251571958265097514281064938294727500520070878455051991032407901357834373
400519747354910311923.486881941246053481668317345660026651987423944404988257066534576861310781429515951427590570587818960007827945358010364693932147345718223015593755841663758798147320653790406402461854432743569366166261183449166601855390266965029713917849334586445988386334744890940103425239113945135588480215
-386320682090351505723.207017418801907934899054321019087425378132001789687806541846546637118571527364373286523482162473476513864953020259872445374633011779978201872745613581774855347731521017905391772154111272096390985381611900725332362237491491567585707508842571742446400210113648540982697424986846256075184357
504518144785198419502.200194872687768766380119217439518504289168327589080660790002602705426987941506213200584817770742069018647525524694573548020816799738081853347273646983812574485599721365817580604178132620434598275561108315495389808091515709334156376727033570165017587444448244932803776494344261345707046872
-539222068565439739009.474888463869665779724711058367607196692023404080498865144382913181644699115159456198442882052739390116902345846175726451592943140471202733430548808288172493485370160279508822870037735146354060962005951170168415376718176505906102378840595211683706449289941349517158783487229027155399152621
698561657428894559886.155341117437154608956051810067992315708654018968126221214245922827100174177605787432680105982348973466812094904017844383077794336749867138080405372534638051627741515212815505869498035594938858393157158664568225527492443155354504191343273512079808270728174013190525802504384579914131938446
-807982263751885702973.292833367666000460018674316383268737018310265969565317866178728727014206732474923809482540558768067477894805758169189303549244704477008507605023244974192773120350082252102710518369177357297941755517136900378434313168471982156874291155576010922943249742055215620292160722115750282765790072
1045396515051881781968.24971504392963267268593122891022132250173089611556271055574073061876588164541167229987232475729332890927373487652477367667380294035924249622563312161488411067763551751086404227748059828038910550876654520184493366944389469224129859311347011907702024445919574553875178364816721677653142664
-1275329642059464294385.94301717071387052543740113315695499552330300506411387054996194023139536852463497235647703561249436268392042900702440362030225882281185498033441505143060297429006994789071010823348044437010868116725788154429880680002984954195533051600533789362940844359567662719499005868158533395283778955
1653617241968663618015.71543812889306435900212178651249382966522377895171891766514962974380682396633629413342025113181861315013468484549341266551853903178282254226202360921284747174545916745918837382613667564537931007667790115731950559956642740582626862526354555704875543646757037143998396305581693013668472081
-2078776645773016490410.94007240690880349049342034339822966030335816860113406806514667904642377900752014843306954872364988180556245296857998206823030840648306932338091298050121959205628680020001140054277079837705984041532294915373266323206019363101576649819005670953686559371213614628598560211144945424125494039
2690807249225475432974.8079227877776160469194914407386059783180710296899164634751615708817407955503898574137891616787310891718156043551562953584363846389318273806456009566332604376827380080574671942793200003449431456206428961807633401686644397390871609615807833447738478109350896649450442941336957908764358587
-3411332830226370410670.8182153652993399133789118071638944972663007004783135694878231510886601120923144659389733590016315491351019331030208538078086790062044458606880442604530858275929595454307877102828716406596592750443815770274923396128409873400262960765426648876104040620324387657523925690823397212415885601
4357818572792492512757.54411161438752756992635566288245220566774054280557584081190010680989687377616870723806120433446761466027122444737084147184562272925931211685103124755174943869568049462242383284224096134424870287801890349688861463638300065854520146778257393625990093347830350439804390633123619124879554178
-5445638617451197673792.65067480998615576029191801567583145870359158530276016851071374826277750291409710175240284821979512310106522042818739299449292212654536803211728875534862445280466071489271376191992064425481561435661229174425317032364931218661114504027631821448581219566163115924436634528898156420806666526
6732314479671724926346.89492902260217102329144684258969656132432383575652887811640702862561119941635900563502272380874201034496652400713528018284789911406826995001472995552698424056689474473278609923683037141316170753391897880015880097771284500438242289034467875488319006281427130309629297329498514469017642632
-8062387676041301555695.73650104462019228633373514590810029059479088917592732629015268292165194354325170005486306065012789265432953642722455399993929339409598134426904276530839192915305632711336491057814744196589759018863348094444618796682769469705650256545168514154495047815175077362016304285483492804887965202
9361186247917453282903.59701942128483857683688725239080740020825514879230845701945217323101844017357048986773960145182824302269131824378590952667277694554962379906838060113764412811542852966332234265279739897600199747150172143612913059039680492317787230766006490161946705710384069853177149782169558923882809257
-10331836226553054506878.0076387047075249735116406590372073920372505250192982487011355353407302168915074448112365458097153921947859119718199408074091099369297078302403251910788106870723094782411647007185325707663190518933301445072787733566489706883266354919033704179941873085446199236340443917993559196087934586
10754176915767365661534.8176014964258726072344022037899435648068172099323584570088121319509246178309101709282803312933841885161226961471622491362544011059146049153658113680548033587160048855943409062645187890611815542273254963204586975691378668463086757665881808631075876213086595207589970474543162385512028184
-10293745537706181962396.2123776669067835536360380059943167314140424255149054761598356993178062697775328474759414020087366319598496279543505429005543616159831101282680960356945472511249581253036853272714876039460397990517292565237906441998157887482505664993974988452341499658815666146402471357328651566859524616
8877692730229857284665.83368832944122045626600365297902085914863641682996228147625489886214871887577535292864669542208718982793929776991197843892463398869765575478149698584013236158546126018891559438081895119275693395869067593836713171981708158092402548131362028306010385855588611704838302117377095596284474269
-6602445256076175260169.47302114721575269951441950700760999251017540977889544450884309595736511905222415673713373554672463041730188395123314105183028174659024700979686583560070551722152202651167588039368368340632655310147149915276789377858424287103905671887209869466929276310210800963128314975263769664302414609
4020850289211414663817.2954341348467006460488525059301081770997625235695989255581191126969184065459289907698024919056899035590437355182620148926265387090778969946855250652873154595208734931262341010540466653856290739473059592914561048440990328377722802043758037345772146916590315942078669279651320871016915594
-1779716552814920291047.56080141192733271804908231970022068912864868444088534079691432119301950066159861065657281809827229434088719234896878840123900285206578799957970412100607346251316750299196734172392794526855218163592919038534665086127211073715898698954267132919502881656321696513079827405166462496559756526
454889713125770941485.732719628433760744236297420404377216323900953898903409456120041416557333996219822493627802769494757106040787160269835033113186670264261814516778307627423214958452046674097135130027436711334616822475148522403191976213026019333656134625582378169760801385539768990074451676642693434798545725
