12 1
-4728807705590161.43388283024253529740422127300350663333329357340356975630269412492231413811763466999443626315167231174560406565518581738848464200684212229675836528632676705039586305077641049014312157714282028351682575539463753677231238663156861169783016594589755647541052942735484047399737474866994042823183169
-146653262022945247.798181074028380406668541612909396485717134153750261999554813216605668599803793869400602965438197710073571265316973786940798786576607856669770928021123145840316876665411509452125014941112773774370761755707614498064120387202370791593651713157967101254390877919674574648781396125579153901402365
1.29163133969325627107897006914548988414917341265093937723311964771289046043695213328999603981164155947837079359379692673913434216700410976188503713485376605863518292999438340691219044868999809359937419284234832223113033403422243609223691876595574644423244461349944058733348869197013881049956353224545796498829e-40
3.07277075502289115285715288656684430754521363565913201969612430442624188950103046595356877457195619270890755571670292875654353564709724757029826329085724516797140937914617228666000869127793183304516917266981182847387182854952139753815224641131352797892631978700661071195764463881556236732086255972810578834635e-39
2.21024916828804342152298825235514978656016882723748606129947637210083759030722644955976238712273639502403915790404445283757224857176128526525074268494438418635700207189862758117679593774884534965518326063809437926425924016547652059729830086450733767276301771638292463138971790209647612404163947659449545597747e-42
-5.62487780384256370713498175680072975706012905495401275052648423142740527048583037794139631560128233733810059644141673756432294385414892797790607994149825963956258184645132050042404211735606151171118724990114107490247594027435684065149896966722826793311669168611142817024079284863070190469485414423182811870544e-42
5.73045048597126257799496207570573248559594025744810126643346077686371712288782336143343107066157684662777719732816940064195984994333198104740642167073874856787945090429768621249793644523313715939107929116170621964530141063892664755716923100748421775266599121820349672304450054855692627951115748929890749178031e-43
1.25881678352405403987349510501975737366973582416788221826738836960115382850548707804739853480131871935367034308252715048926055241598784507777404899097251309802932852722803888887215170722242397231518453705774443957154461107513527853942554643393033798924510801734909076573479353645096779924558792460288546491247e-52
-4.56141127487152437314677434344495006387722886209586967895485723044510613620536721810547629798238294677665304406664940587192445142363557522686817799513015314335722023946726729907271621702307463722182011486244910830458897870444971416509697629299275936783539928011409734466453324718562753438273151294372801682098e-51
2.91298063939839425483603825779856697245579443016258056381375386545107515722166008304163008993334631225535883432822334541536716986020031577361744108001249116098046156837588939789169088638475099900277663974586219638134725783331711540832935711039258203201617031871297775483527724660232125133145244300228738596339e-44
1.99666369629934791514370500194161388043648865314285181769519126594291689662439826957195027806551939978378734967707403172643058194499861940273085494814734524142060283404306455392507504489508952401119630030311981737929789810628342005309309687940121737403820462149295535038681924025971200341734553331910694139919e-58
-5.02629341933112101826470497091082443458787963703076121102552363220472184532584717050929884747378659932217883715373514286941966682266001021099925981548857285684277971506270432160383995973942623728665877375897783663733474562199712143679600531704348706188132182480068707032483317012279028298207649167684918638104e-69
