-157993179370575057274.2816283562187268793534933460641336937709870940167690516136890635314195359487890855307527382094282879481963917005195121018534113664716537111291924609375265819088187565693449364324572762651165282855782749938502325647425248262123648412172315569237291977260032620962997131814217699350078732792
-157993179370575057274.2816283562187268793534933460641336937709870940167690516136890635314195359487890855307527382094282879481963917005195121018534113664716537111291924609375265819088187565693449364324572762651165282855782749938502325647425248262123648412172315569237291977260032620962997131814217699350078732792
-157993179370575057274.2816283562187268793534933460641336937709870940167690516136890635314195359487890855307527382094282879481963917005195121018534113664716537111291924609375265819088187565693449364324572762651165282855782749938502325647425248262123648412172315569237291977260032620962997131814217699350078732792
-0.4432205118060130630646543597104467476384045066734264562951349795628871138533743873554858202271249579367389617426232724807515195932821666261288679741914735392963326730194757082643207942501585514068593746905334577928340792763460375056029315055067815776639707058954311846594570854285845311786392701183388230950099
-0.4384100780320866225527945914387077553566895301562659095057668777585961551533527943024130196708869905017339796522944411720311283372560236666578879713143799717965659119404902534279878098705273827962081457653677091811394506331991428462519048570071987584083198908533584950811592294663473854370308545816002589612003
-0.433517768196538846295676555437205150261464003014300776008345646129534303544809138883183937297270417378908302213548671516821576125554650101242328694999034626959191324243970006827559241737582299334680877952184189734420813826015081425738884270446269476475944869509364202113035143106435106499207315565684426727209
-0.4285616942361172133055956699461401497607341462104472237300326353910050718829967880025084240533237840769031633708840279093379268107588482617901635526638038151705530905674723880165814294131597039335892627957638776920756961301526037619724058895094825937508689069295331436482176856469064240256513713944196375215554
-0.4185734035873579970219986999928738594964785304311571696430323795401849996893295695698070032073856919388086722754668044638591897679288290972698971886238475645647770934720486982294320822291437887412056205538460857491217343486897392515587702622726606858031021907329759763162005184806960848540288967072273610669596
-0.4086252825884057602289905111099892112764200464704563575955757160218068078201821744643243180588726342665965838695266649394702149207283184943078801990851544997244314383788397929347792739004393255774248719598242244221914779061037607830150197280909913603460017861553878207829902188791745294097035588515811426461382
-0.3941919003685454660119541281526542487938202062291875756937261964173002000325296612332674177208527598833269796738237385435584880704333456457702314931312662033285830718232467675832144713383179606037190719790492394927899826014493771991186804732050138971788256116490918803119076892951741271192125272868495586812765
-0.3723232467455431755149685988072534517877748543006505998246888457843315140985022195236213926756471846555999765429566783662839940489773114080211434867557179571621560755592634979488327120661769137042721441664981448504572530772043995336138724676908444395109539393918696220514739548054158487855623653805214372196137
-0.3535035601420083918127857058217601953107153377584376210319949006207359350325193457398682791031592938488017946124119701017476624785846514391394040033342507534826438461189852160894728046393457043210024694648824268764720227424338934890847806711594681868598545685835148829423720390857517613821735994787952855435578
-0.3229326755670563422656168195678899569364265861845306034788784461096656096473711381782490597047784699994220597319427982724048983318774307896613181852900899806016861545658274561089770586872519771682370595506283436407968018827534337176683383867344482946473890218194672224091186050532646189659549171347853103089555
-0.3001097700250274860417968606377761871505478088749407732858119289346487585589328184760504188683130775155289339453560285374134534808406957939813531639301820624439918350977989267558835892031515503216953507777441345057419799133595026315225951780360827266979385030500638593831348503841534531903627428953806618695031
-0.2738670885217464727341985391456144623652364138332039979185479983056407401157005548573723043621939932816912399569206055142483249321777982693654891866017562733728047318219378454691454084934788508748571229924376121803546827705007286902154536300212614238486324531255417796939263403576318645563551071948472792153467
-0.2695066176206313575891447550534907829577911370087215746060924697929072614979365802601271071917530695440550594616943771505803098973255357507954079505643424447650732290851977164112899559901976878463793061018709883987993791790126297075151795481855825848831971298862121537385464678913528951655058970380939145462694
-0.2667730818278152505909474106858606473677857420197893674434003162548482180773695584449647577707907282574030644748991013255819637501783008044016844109639666664601824451281572539927397848957568323979328002637955536600809477752397774760517478982671468460463627838896143389298156208673158823063482995210594636693558
-0.2306634378076489539690247751272656516085909061463451759955745794486836464186406027788296151280734785125379738053388426366741192366468387404054552237823260973078282096356347531694476666876943909278799066072363191086820609982218592096650545321670914750227712353931748151077395182291604134716404105239208599771789
