-0.03404502900217959131366060837933857222180551886516108154278965627691275903694233663912957391440025354490906167790003599521989639539356899948699732024224575374035122491587470985678363600507892362758255891148963456461813909933107115338282689606509368746961022204410535595004552359090472508935112409620204567726812
-0.01162865402548190940074005442289051272882043399982387642740255952780409594482460177461927323257696291786067486950810932600067013164734413272367346113385943168008630272489242266747761356276354559889131807312006091681207461893450725837285649656010958979916802387905668169036087569661983788249912070907194775753679
-0.004499883235885272881125715168550872021403107600285743041353708626527330826604915941179648212136125850626110229764305461845902246839495264138713883892166849713344819658969718038563456128966628758659534630712720603115642504177509991256813221597881586772689161276596438107379357545759855407883781069331290882639589
-0.001936498042931188143906620115370093221108924465766416272917356963304241042542117436250079192644776157265058096883415929387742721165446833064100686409215525244196381996307280798598998962405345591973807866537969229156299742271636022732413541612584446850857203449278981595486462706854927563639802531378651252922908
-0.0003847492380641104561744897747844441585256502027746596611520128336149160800213685870456248847311641377299455273094083153450866679021320766651840801944309579324180243471016230456450961392205334281102585269690276077787867151985778512851794365367097806319424757084737440985539366661109302562225775753984779613061841
-8.996925530456621527015336075712778006216482593237340168736963844906585056946256980234524687180822662960862908939155029522402152491926793405669293962494348552499236884757098648755692976244416658890352143931416019881412602476631677574322518459460403179379368128046146304747197148326347219920694625796064365682294e-05
-1.4736987974724812785764757818922982902288905251024265904779629427844980011811505913701135418883935855382140898024215896230574929139615146860776859363014023321888608256173836678861868245347999757716193786733217180847510871330672312393590068079563573525463022783528953753687747415325495284639925351135049283877e-05
-1.160564135178205212334891632099660809993328593407885530615893301976016175298579351991882770712883361820950339772364223188076608602880474393098266756007439253928046587461820736093317281951981101756117822419158564446018113049386273650314772216467422058592501171249071335374160445681923921235008643695178310064726e-06
-1.502140181550295562366688502207108608814586901378361125409837898576269176286121863095391934203097774190392342511141055503157049794478592691711367653697596548257581940221643062707700057617935637111275402122889196583976841439446726552496330617514263349685990524653654052795553563583247605745941727176413706801767e-07
-6.382019719901003335399564511881850797495680536681471413630046422913975730098518536695844341421263362374887709376799871835564222113195894705082351754942578168046671703663159832294279719806563170152434099688030744895102834716740200942529701177417921917794469162374823403502821331956626704141843231185876203809191e-09
-5.772920650505491845894150143602780126478508324337162696379407510551485416013294030890540212580483640712815419296479762928265002818730387357247536363858532108299120016458440726360125939491645132301427442124801569589245840306673831787784079726588499038555004448784433228773826029579269652815702159535209555223602e-10
-1.635348140921412963952102023635557650667277934274970807934515653640814003314898360209021356842019596668146398788095936671779676847071361059291419921926645208750927042465989230704283956733333687612043094396988466565357875718988372463754799392593079887701510982016182217135124358017560211261782275712732235205645e-11
-3.967788056222228749468944735473250336937711322895786961383528934054225016269459597620682235879869026901831870866907610558408547298545751814356554661494954591314161201004940975380597665294724044436713837379011760959555008557168931002514937829098768323640576698897582532990994832274541808045047735282103479442402e-13
-6.019215643710561192476039855508826557534724939646138062169565638025094959352910508068770833995085153769368328575398225606506428152254120912868023733328735636210433118192116838685999773112301710402861482813407424024783162503866951704594663144769718263897416714593814110266005424820070688862590754930784814136884e-15
-3.238898656996295512371412699063317708956686013024302601838539604865492873546746012853973580817870716619367557776966438609498913802863457948101438837205851027797511133108438494443113183323030313862050911714578564061593558840752729941321966553173573255794589644890780339688709623231237746616582899894508148950378e-16
-0.03404502900217959131366060837981318076624352639898737608012817775397777862617995695834333183663201767807248301115007613427456223295026428446968434251739552721308366568080074023767797415661338124799797201330092451311857380434070137970889457142398768222986179525206819113177817496688129632625196122595573532990111
-0.01162865402548190940074005442273577445681339768061700192637829840485017184906323712528407774736229005560722425536517990698527954125729559952235938435906656133719281372919759615778605700850694517857671685406306330853210344775465052882436925830077693611377858933360912664783562918851344714826218691179750955414621
-0.004499883235885272881125715168795879383764977450059456418035530076366577023052750770123623922007151018580528627076037474375656958462152026357520180331000300467889099750882677050430060272394898117175704743801902976443726790581006851300543080198898035759090559510292788233688462244312830805398911537272123817999933
-0.0019364980429311881439066201151279798317824340267161145282031952587469930848431250439481430943087123044456091864342434466308103518334686642788378307719191677238958740962387569253834391690750889775485326271272233076801649020783222310998869047684574283236503542832398774087885291150166870410318610819028155579176
-0.0003847492380641104561744897747548208466815154254509039682750636948123049641339703312628232076261819152251891066153817956274150588658609279223656250900578639620835052990764304997484368624892761662189119037798887022196294844426738978462750534090134473924329667287911735654426850939678663886182039404328758991251186
-8.996925530456621527015336104929067850954637396771120483732033824449616435742826708587589568312671812448319281782247076481279238804365127307810564618592126315195140419660461802521136305880207651861213395332434154684771239881100984210701847636763058430239558692661157018056252927452389662009337864209090871944713e-05
-1.473698797472481278576475778260194280366675912067193461299446474354738155399473468814063929257899712955645668216303467387034956701659563773653117943075865071352670189401347609864997045645789703241386716578820845418824183754704256688209572335627521948322177749968376453064443655454145481009303202513575892825482e-05
-1.160564135178205212334891924912401075604075209995928195494186312026781739289965897617243528740522899944765358828482799490431417641319355534671074787940167996350119602797895907705793669818327961865932890584853615100242461379952467521789041507814244311490483129107087119051622604416708842202351457665781097981867e-06
-1.502140181550295562366684780110044923625434112730892309143747583497845406202806267875182785070190917804069641049623733893533055288353840310944587874801448608426196915722776369811114980629462692033232710651878162488641958052851013641661632481773324506790754173163038332736871411818781704193523946621704136425063e-07
-6.382019719901003335399719515040556914373474051719749145852373515835111066947998697803139561292663764326455257886961165397332449682023029551522891815376247403725787396055473135953744493065700251620861122978198057297213311934210212875987335739124020358204483972306476652126960121115768238404580070422041334400659e-09
-5.7729206505054918458918876147764328220209923335917370023194924870260547884389168543097017614966668787761115696794018187023464110150143588129726947923413200146292122805229901015859569911100799296138694068099682505672870377710897714347125644201070291069688132368740623653823893575992565578672433552720823270161e-10
-1.635348140921412963931624936123707830271265533929164963098955720785805660999614742224808799211218836579193108277352491499567425585575817867234704247876112121017223951262918731973084430676690888703546533507266111735881003295556288751990324288822480745987554164926020467344272409746122155336616351449161284995096e-11
-3.967788056222228748872295229541062342144273718120375032277123475602753760898646829877791226309462740807097991287017788156062762731486831171950012681887892411329841267578584550093165773083263892052966535083401160372467897470601073762322151815241707841532952964368214373903434628220704487972216503270376692652185e-13
