150 1
41021809100810106748958.7166913792710529044441482313111453027851875864192474398746719854945416015581130930109384861818439468668230100885855157876298361115020906717197485695345128835914749605241224692638872730392201551727536109277357043610642861730377765569816405784958203762227242578001969039777519289734512162
-61451463131985157732130.783229792755915923268051667572552480263118363666020937548809101220451142274024017997150137965989046483534698454379606860330404809060036645715347072860881316928463808135309903117451427347272836715693747473008722395723062556092076249656162818647594307361172216902530672639206633190090481
41474129113217567327822.2208399093906704728416938879267542121827404490864997183063716104320179650330439251828714140527560661504434348120085099261623997895820134008972760870904900029711841189987645271439861187779046786196334487537193413700121346839576214655623637602276851670423494154229628508296128380024307983
-29393033897891206993807.3980699623009481667084308556498078550958016641345851661081280209281077346417233064054320001934355686973362087467727435720632906539490554894480457725846058030396608335541625574663606443532414835282109069033568452534497959287596140404664018095865439879968716848155828446559018447693805386
34387170106337266230064.8296231561985570588558655809149883751385520115932229813022122846300669350307405325814030503597598078256153644524463467562932909786431004611508517242984136403673886108452459861320713215237726600705783117219312537825104270810833735283636728652278309855606892355855503508377891283049032602
-27445504561202268948586.9898359902947955724463754682396041471176198041625002895073751896914456062016348669157427834475968416733181197516682870938420032684369355313865662924182893331230887708831525354027150182924160238316613802598484883429978277647160295184109008316029704066020050129939367879440690477252011541
35891273428987946996229.9613112284665583558210301398871052724744816285489562641565124034284188908479831241302157618050351504436692585490111321706983800892971848388665586488346368778628775911679849142143392150484867778220843716251416516900607550247041723271135452584432355017933788538353845774273698100516278082
-32638342319771181980466.9134658822873591280750406004582650463040978818337502862477575393786402956277889650427542727418668766108913077092813817684663008580609817837916203203344856672996211932847793481268689231703616803856868254579889007225091926511657352649395738298953452125947170208966950864957197743231409849
43372955925032810707882.6894731444948384937113554826012089880474989617517731641453251090294134599072800260213787045996239247566344739297198948968769439776777264630560790629191746593235387391757150437888812363636098266639359752970849725872951716626459138553529496271183418908542366284339501827631609117113119026
-44640189351415033324511.301135910547736770647740694206266937241049256325889474425677186471286860043206878708671897812081382946169063219808373167426066571139524977241235656842851729782813419484672574098578529005938350468496131403995160697111800970715189200678608108999150041769346686885741726837151197353677321
59032041232572817454871.5537718574697583298477882195368945072629094149507440218547353338766038090362413286765738193139872917233415127731142262422719617454979266962993765670837081562680559041408650983476946387479625669002020815695776031131967773754706230445287363797991956586829199479733821884811511245976723971
-66729402901097030144683.8325423587166930695269372967798525894953982887869885249934056294980484688197741756405203426307842608365872018503678775315748906793166916158128201106955818402319133170925821703232829988182223562304280960759976427831877133340159671823122593576745120161654037153236523341935119735173983306
87589162312801274348638.4831930535174570501451486971222409174382885107813595262377540399361211359966072540529807314465386174806055442212098786796635414097779470390739266435780978342657836900891475107952548835494016304219841222196356815297021851155911888897231310501838033418033625843698505720437105746904783373
-104767987542802722366145.006992026806084832008597819442004481928842353949367491192675691654153259365023816708285560013226979991597682879969766049366432709551200331870898476293062224203634758991982848294755109625582127803123379181381854736349621072833578684115231724123293256942897056188596253027950622024101393
135620454090824690228352.643671792687382254591175588811885346426610386851132497719609815451569054272118553375841897500699708954183229712818393075160352295911443419926550730123931279154157562636329442526707657041768899328309397813691954138244242511256020837091649745700869589186960183729226231360519379272496715
-164922292228821545448696.215251238241190031666619974745359062097920393435219227390053323290431679609903725105559129422276193197625494056012608332351022833681274133741616739712510690933704180496069731559171977616583586358387042610604684392482676048454189295609797028354929585960920653301239037302039737351024763
206465106057803253026119.223290126169659674995406639196215044112701495304426872747484267814690301380844595599435169404050645629910699723423739807540937502107384820221758493563135165192482775097989052901824876014092072639060610535089535186821939573482846165785455307956428696738817182756752946013563907486928983
-243639462226456252658850.403518010497646501779476181029434765295804982002491329264976999432937842964917097819577857625132760587356683399878219367556611572527631195718745220923054299646605707126732358567023910338399836270813070694375161313091517078613474172417011441585622582384212110089055636142259042530922505
283549635927524448549244.253792003850811906579853178794279897401230158357582233103835302780768566993792303719562984930338206218909058682942531343449346430866523065720820180930651786807352401104222091423916040712116746935776575032274459007352161755817888578334525571786848933852437450523545768839045811550446645
-304369463083000955100444.447031396892481918654801213475574670614257780038141103728948943903902923190711904440084952439409516036344078902366749206251155698040158202985360351159800165225815952527675233509560664911775281551721357700619353698772281958756743185302157477872845397648050276621786579230495217195381991
305949360748038561486879.689462079396620937411445237982983301175076129071859621456273937134780105336539254070118883216391498123466218031074217704796713166363244457813544949342958576139364583083686708465836976770404178191825226390340592274892438800794649409610399051480583707403272585643367099940343752980217037
-267308676430219590213138.414767921787651138409724882126128392870998670992769647400366052541243352996850070907599078804646107042473852950147072618865594967768152616790699920643546387722027459085454130010877084165955731193390769272830545211442790376120835503971155720219010408832242446521658614911410020766803192
199189360326177289896126.997810097391256723160763169728442895496053610058895751950108496120790271084251242677767598603797111548295080867551159836331082296927554021666619402634486716465631537134319481381178641443945158002141451503130065148503959098008081313338693510398733916416007909087884753860240749698139723
-108701181739918454020032.083004483513646101595367501431741347035399070463586679714684891608954238841973201736350356465168029481554197613007368769923870483609374056688914624997174621247353495542027454144777767689945267615110266164878551827664017545650336797061380475731912031802931211030907979583563750957769366
37114632325284030581578.7666067042135717050351324554220491912806440747751856232950296691088274613083596897854501446627028894617511014786575891456441686283879752528640017143970437601395064613414450882850174621346464956734431241218855495391647290576946234793836366843527641777469365407175695748038358861679861328
0
0
0
0
0
0
0
0
0
0
0
0
0
0
0
0
0
0
0
0
0
0
0
0
0
537591154059976380307378.787788201007176183700543194315951830425478746624340313890801947351659131145882697348756682102631300362687519557325836296907068217188208036142802423225184279405622887523496553446802248047901558932373761130582787794404520417709175260533854850431689086386547059884561209520194247087587213
-812374936488725028703523.970895676528535171653061467944720537376871624560095015196381798623783747467116648890047499861548976710565306855632959259297594835964727406453872243027615770888822998700212231057367123246742273342876006319537048988354703115387608963125189860438796018656632643072992223299022545441038807
491700786134833679532353.48445425990767750979770724303209131061782052933838337633489406303931181517086549548207323392257963529284775352909082197360619552036748641703322075133137750559631384593859220597175877172707655911716461952979916465022446428061142805661861127863551652855802206527830949652725936857626172
-412718827522849589629392.144562325146492671163188605641704504180201665195082322205627761997211008719417333125141717807497928886047063345747098428288935116523735157487871659619370858084208824233105195214098760388712343130744406918212791645216568307090156941165853585478901805050073695493714214856831423731838733
386637025536791434359473.33554293106851938723592162065013793252515301390564877415087279978554191072624268563927956267812652054818972365600936281306796697558695828627201194193045992246679815248743365408343935062890263681585359888496317428254781795242385631700286587804512281094222372069505041406027450017900192
-387351337587161083777832.924265349347229633811081057088845661672852854053979137203469632929000523090512293779414135891730868634638482377730007381116856822752678393404264600516818238044820908530430171481660376921919059465601353753900859699696298767710582508132094766675234901127649329573478335352246906228659378
407943947100279878757680.947714222007699992923910368421470251439890956048890610321114603538961232458975756999227479457522349884643786929048657545505381851136939032496287089553514232318237451966074158105107609440153922649323786897698225285235101380469094203865337662655364093569214035328371874130607680632223165
-447377850908398870952405.877539763344985120126332848849970139511438845755976800662652208586052240266716072166543043473011837809802170792947329944257465904993887283696671254648284365606228374504467590540265086354255660494729127499615502113712887795984781891160023410124301976254788467904628390601857147760775271
507583446627054928348202.544719626690011291758348090666855794500984065112461174205262274531540058040801148678477755375309163263078873051022065924952396531096850059881330573673606669098456889111019920490359598099053351609814606303201444076472128253790054753937844413292989075757672255963162382262781319790177183
-592673136642614620926661.008820346646289331297252869818073102935160337883133061229163873955195139723725652549043792794198004634252905516541238366568981464262858794613754153510315319785694254827161107156664742417945408449396860490867633904428380818886476039282555288372406175011724897245203098197544941798002507
708755169991139740370000.166740551099875273636434576052777675474650778863864131934956676571123949717843359118992666509635148244216717559372475611248657278449976710280130342987099107142855046939983103638222426999509355911057657882042909004931257135802046946450270187505178209022460946132309678048749966619963763
-863837897934890593552205.141997880832150942332862032831211911002167093255789766610080735614388182550197638191953311385016601660687046925988824433907147093379762175353686504555747851840094640997644252723690371280126616890258719483484348915870647900875454625123939939814574294711895319600361810954108140018777268
1067457388249039277524165.66853082045272358242318334697358745464228295788948650767820762217496486123808532049465580545023866410772813062015776274138771948318780122972241859043982491150170423528334081124100762953684475060484669377010443620487637725645539190380621705919959301593642488573767921191681478952085733
-1329552309133663396108416.94533626171503481507797870169283302397660456756824852106119978995529560434151057214874653355534876984458455709067349388083457653347135416334878301003826719699813541090959349513069554822520826811695998457609449585375695123092406390078878616258390570099969396914231502556943217598518534
1657888175397382838222333.89050645063403128054959280389468810382572744887673808045563407638381979747242084751889524225796108863727230328792955506588233715456397828453942003346276029136123066531129996364971869173295957105962857883684485904747696290893913160674072349828869667133841817663517114579301056995822951
-2053122298212697785708069.71863592773967472884164047443740711505863732914180224198835286204337459158604569620388109352179176399923119449672480061578567137182843533499936752112654622193608717556376382834448380021649486772122775882612756053750291498333513192755073125540248183888666799896780462325164511789705651
2500692415504739692147406.7228939176337521192669927759478323699230102755212943961222848974239087001170708648264741850323067158361558430657040387742568430996653973755669376167168875142614961806336067084656404388262544287960562875639656658303572364736225057862148482317047381916778569727082948709650292544355553
-2959723968456938277346758.92124598256409558737146748268804299200723561720975897039007984118739383916129961448726971832414103624343863413585346156913839749758411961278629559685573727425943725395352943246537360174029383660709879192813242673628536389428637260064225397143722313848446273099893964885224184682783713
3352054072774622144156468.09485194825499270444455090024127469546279194254931537520284214191766824161520188761511604937223883648602308436458926214404822762096484226779034745270773934811853388575639575720655096226773680132439031610326769942690952534193199658739951847650025666044977110996039098382184379205264069
-3560016725663306134562850.55496269836739832855531991302076248005302328290729313462965823712351750620820700346493620461322769894316035177788577033550781364646443520681296283406128459882128507356615692625341345427047665331874014708499530780484117898427859929078528109624409749754891933890672711687387653614646356
3448329123026423841811022.64771959094142160464787130449168480766792143392605188501203333335360352765690381102733155703047915290363321030473554807113172449352413617387281194192966974713850958744640049947637748413591196520724787573908430035109463250563123759149140479328980002047241295036415234211556047108323537
-2925640752963425405762421.83088322919618868484352598507798555536195689514892301149100026597113208249156084699933874601872225325873996323478851264966435465273441181975723144789102238040477011669472707272126900524630185033795682205840382548803791159713431738635173312813950225010849298012649922789463720994837246
2039048015255978708911021.71010914242965789761442050480146991853660509307632149111767507710901280237688227501047269944442877830703059513165809451624810849977391359698681413426802374294708297000068446327514891302516844508513088962169776569848005617457266503212088706655165185092398290294390825216123760528504998
-1038103059596166124927676.58557606531578894444835060690122406157839867194106419753936536860170835298214336559328998039479565919082375986710386939061754212563390398723331599891877400366454842607190147990142328100229058067634680541871371492495277561570231437843306379173294278570096131907179144022485430952441888
289656480685966832051650.750556119854254687384995776704038483609254725937785129734440355907262429853221145012223482866116216526131966687220515435542655598914396739814907650778420829300684669960146082750446406864231824128780083010266152359543843254428956326456329193175305542223632521156735353557176973658238404
0
0
0
0
0
0
0
0
0
0
0
0
0
0
0
0
0
0
0
0
0
0
0
0
0
0
0
0
0
0
0
0
0
0
0
0
0
0
0
0
0
0
0
0
0
0
0
0
0
0
41021809100810106748958.7166913792710529044441482313111453027851875864192474398746719854945416015581130930109384861818439468668230100885855157876298361115020906717197485695345128835914749605241224692638872730392201551727536109277357043610642861730377765569816405784958159325138426470960184445509978183564875578
-61451463131985157732130.7832297927559159232680516675725524802631183636660209375488091012204511422740240179971501379659890464835346984543796068603304048090600366457153470728608813169284638081353099031174514273472728367156937474730087223957230625560920762496561628186475875877009865059214375246612227501668816941
41474129113217567327822.2208399093906704728416938879267542121827404490864997183063716104320179650330439251828714140527560661504434348120085099261623997895820134008972760870904900029711841189987645271439861187779046786196334487537193413700121346839576214655623637602276811008584736357208118363658845924294598212
-29393033897891206993807.3980699623009481667084308556498078550958016641345851661081280209281077346417233064054320001934355686973362087467727435720632906539490554894480457725846058030396608335541625574663606443532414835282109069033568452534497959287596140404664018095865405882524489233105340248811939194448857206
34387170106337266230064.8296231561985570588558655809149883751385520115932229813022122846300669350307405325814030503597598078256153644524463467562932909786431004611508517242984136403673886108452459861320713215237726600705783117219312537825104270810833735283636728652278278122997505536905928370609516790728233575
-27445504561202268948586.9898359902947955724463754682396041471176198041625002895073751896914456062016348669157427834475968416733181197516682870938420032684369355313865662924182893331230887708831525354027150182924160238316613802598484883429978277647160295184109008316029672318087071602501807366661428307776081759
35891273428987946996229.9613112284665583558210301398871052724744816285489562641565124034284188908479831241302157618050351504436692585490111321706983800892971848388665586488346368778628775911679849142143392150484867778220843716251416516900607550247041723271135452584432321656446428197617022033071557922376124244
-32638342319771181980466.9134658822873591280750406004582650463040978818337502862477575393786402956277889650427542727418668766108913077092813817684663008580609817837916203203344856672996211932847793481268689231703616803856868254579889007225091926511657352649395738298953415600867774541741022127615186936257042578
43372955925032810707882.689473144494838493711355482601208988047498961751773164145325109029413459907280026021378704599623924756634473929719894896876943977677726463056079062919174659323538739175715043788881236363609826663935975297084972587295171662645913855352949627118337759003402229655045298623210162576155145
-44640189351415033324511.3011359105477367706477406942062669372410492563258894744256771864712868600432068787086718978120813829461690632198083731674260665711395249772412356568428517297828134194846725740985785290059383504684961314039951606971118009707151892006786081089991452240246475961508942755403141864172433892
59032041232572817454871.5537718574697583298477882195368945072629094149507440218547353338766038090362413286765738193139872917233415127731142262422719617454979266962993765670837081562680559041408650983476946387479625669002020815695776031131967773754706230445287363797991898995449399735849472315160242223304589143
-66729402901097030144683.8325423587166930695269372967798525894953982887869885249934056294980484688197741756405203426307842608365872018503678775315748906793166916158128201106955818402319133170925821703232829988182223562304280960759976427831877133340159671823122593576745049951999190013188197347298607639418852523
87589162312801274348638.4831930535174570501451486971222409174382885107813595262377540399361211359966072540529807314465386174806055442212098786796635414097779470390739266435780978342657836900891475107952548835494016304219841222196356815297021851155911888897231310501837946715532717145288469561317141414206131093
-104767987542802722366145.006992026806084832008597819442004481928842353949367491192675691654153259365023816708285560013226979991597682879969766049366432709551200331870898476293062224203634758991982848294755109625582127803123379181381854736349621072833578684115231724123282466514130855459355555493461190770451257
135620454090824690228352.643671792687382254591175588811885346426610386851132497719609815451569054272118553375841897500699708954183229712818393075160352295911443419926550730123931279154157562636329442526707657041768899328309397813691954138244242511256020837091649745700856144448643834443194528235692204154970873
-164922292228821545448696.215251238241190031666619974745359062097920393435219227390053323290431679609903725105559129422276193197625494056012608332351022833681274133741616739712510690933704180496069731559171977616583586358387042610604684392482676048454189295609797028354912939728853391051759875856919383208880831
206465106057803253026119.223290126169659674995406639196215044112701495304426872747484267814690301380844595599435169404050645629910699723423739807540937502107384820221758493563135165192482775097989052901824876014092072639060610535089535186821939573482846165785455307956408423345228396424238618941214901448733428
-243639462226456252658850.403518010497646501779476181029434765295804982002491329264976999432937842964917097819577857625132760587356683399878219367556611572527631195718745220923054299646605707126732358567023910338399836270813070694375161313091517078613474172417011441585598580969112034640965115862840606849522832
283549635927524448549244.253792003850811906579853178794279897401230158357582233103835302780768566993792303719562984930338206218909058682942531343449346430866523065720820180930651786807352401104222091423916040712116746935776575032274459007352161755817888578334525571786821737538792878329484744549954301970577048
-304369463083000955100444.447031396892481918654801213475574670614257780038141103728948943903902923190711904440084952439409516036344078902366749206251155698040158202985360351159800165225815952527675233509560664911775281551721357700619353698772281958756743185302157477872816482141353141470288827864220925622550861
305949360748038561486879.689462079396620937411445237982983301175076129071859621456273937134780105336539254070118883216391498123466218031074217704796713166363244457813544949342958576139364583083686708465836976770404178191825226390340592274892438800794649409610399051480555650447394429996391811013099573955958709
-267308676430219590213138.414767921787651138409724882126128392870998670992769647400366052541243352996850070907599078804646107042473852950147072618865594967768152616790699920643546387722027459085454130010877084165955731193390769272830545211442790376120835503971155720218986533971227662362873238634604550640007703
199189360326177289896126.997810097391256723160763169728442895496053610058895751950108496120790271084251242677767598603797111548295080867551159836331082296927554021666619402634486716465631537134319481381178641443945158002141451503130065148503959098008081313338693510398717202474564969178155858130929979739280402
-108701181739918454020032.083004483513646101595367501431741347035399070463586679714684891608954238841973201736350356465168029481554197613007368769923870483609374056688914624997174621247353495542027454144777767689945267615110266164878551827664017545650336797061380475731903458199394656446611959775471843717356546
37114632325284030581578.7666067042135717050351324554220491912806440747751856232950296691088274613083596897854501446627028894617511014786575891456441686283879752528640017143970437601395064613414450882850174621346464956734431241218855495391647290576946234793836366843527617603663752024146986687579183635566377137
