222 1
44636292906286598473568.1137092079397380776194535969639919779223042264875731591883315304672179227875437844692780438474848725928611192886765756903886868757633232717417139838557061020239064748740987057348835262577971264093376654103994642518601784455803431899323283876881589146877285658035308010046657077984992483
-66944586256169080380001.8906003458744772144798382347619877679550435262299822987747431495695047820298930096532337213957889865289550901148995922244189781170808366901386546888250447268987547140673106830014894595186105922901580003198218941499605453828626017359698419036537236891811548003928454175906870712629041561
43083453984126278324364.3311007400383324764724248314056454005129245118028778962764046840897122705371399502758348240642038321282472523423742998185924294137512366720544865302845451848485122349946682228218086996480839226546075011884728341890857238482374973264157635273163749652146037493921321003283066809671009565
-31534315947625104230437.4133210085828306576865107702196846839135358291006878669317375542942198146327165230657574805278531314986391750095874240895715213378937478762777516738614886956733459194202976514659341354518876903404511560195216009605948134700675729359269249160235052318539927883943477577468031401113982385
33986535751444543541154.4347582468568266123275710413665460605591629444976436025277400344412518745594330195319197912660849760270579414441596391198952614829405231028693212458721274719792169508711565430778249535477832968401605787966694187165975758771616717250298322553954032248137400529877768011125583764895024154
-27310518565373080286994.6626916854255416054333542928991713557699835235532245515546236314940082246616442923687466763744923013897290136609880485622974050756692438705353884032126535195415375203012491823627091417050741894038284025536314852259605378162752085814725180627630195315597670918007681127884691543623811713
33400860876858057529963.720168768209425214038333310162189329189956292104220831325914315775648979873035067079888108056574518367539787113605289701300484823065991143242118742411388357092266290238632231185865985309891186738344850221535356553226080240260716208519016910689580038820326568833259949864447542200270153
-29244916140868134275818.2628036392585583090949525802938488328067479176322811245437129693967762482540367717992655888136962342733662746866115223543158021167126029867712122328540309807097720287531987495987653367723851989663307328421963588854323309996078113216696874624751612583548394130218898620712538835198275349
37085975511410638411964.8914195968628613639954931563786297113234711481576358321155759119631508796534818348947163881149086852812159217354330863741685337945236692392874013513561294174655677724717476157414150901566574615738682569926870787820761140743582673128901893954436251496072131609112243487670052118097111775
-35751902431083158561477.7313138867792300418849754517056947279236485255404026169141597521198844451889733734900512320207753625069065833446066834296077650086499586420499339227986321964235014260781276772528783096874977852781382758078794626078381391547776655883174983999950156791231716906152465662558879605846585122
45631842194196822373198.134117571995830616222647378013447109054404801976293977812715798856304182009266255506753118735326525425143928237972006328341006930723436672829504636421099925461038021295616854281780322165510846722159309230360052189131568307209997299478011026053101578079314767432836538919041887328979552
-48084637551324054869397.4627697140620321831620327075764611614844185297025591217734013941928627513942908280517520922767733655619143206274801807303941985821651581482583151338532845188204237563246030150834870336785904118047985771573708365016603296640709284376060831081685857773140817677052770917300921253488728048
61477793875341836804105.9800880594450665257554212826319335840913459820582693800840787103643633529898381671646294416530871294000641415503543233014127159661545025746024559385011870656284698434657435310577962334938326228918976344455448778983793346782722410593422660832073769069239714019606207303719474893277754014
-69703181731730986979918.770339055930072396571126537901866215329755726713507672408459505802482704755529931581073065197851121650603918196622470621004241718899530385157475069403883751355176432723872959576110974562346031733135577737259063418181420261206079012091715361383656609129137782709562827197859961728643667
89528052236481202216983.1494611301278581069479663864990590202042488088107161133508422274990535211095075624226840795990891433260600621975839136860106562969717309666956992347062278405065296237814354716723653900375004221581855481911611955008799810668010990460416210172813661525006823431227073946629503867783745601
-107305260517255614540060.185176240913347507379033536170904577301930945116010022101657865824077669249490617078395895745117450484927731630369153476763267172945831856056342202749273700426105735393835440281413814424051016454156420396581386566120177112428107755520962854556688425881972460572020556463247116266179959
138828890298102562451826.98976267736911719966372029537927890647927791988462346178377208588294975329458056678606435438985696107099052764152512807075785003857148090145019055100967661753695497480853952169897805960174609524837707359672684543818471222235371839600678415787009775514285425430486120642674562890331167
-172975915935850334898471.194943333307881868382883230779145025630279419121626774897162637351446078883895151048106275133820601204176224683851928508855432477864141823388796230667944552678612646613751985688778519825160213313442583936311466993076767820628863195524435597009108156519630819152947230488328353551105917
225276967218890097579841.976706119607616994353971181549307061436600444522258780358364230809750386946678188219588507743899213338195139627711964255407162114986621885473621937766083637270255860362427194157265665073432345447335151400423844158322847533868198347883915118858247130316965845711100289187671451319872288
-287282920091249406250470.467277545036321195054984631999224837028583390104289161359519806485602784298327109049386908163030413172828595852212999511135662346655610178351262884629211499355560392793159615218262712013387538224436768338954888788609702226429914021244779422625786284798192521649638003704880016051569075
374786912386607482876139.769231941041330363355506165901476501313491340905198577574519530132444183657074287796854946347294734257536561807237174795458876195455327350521992053566910662011080533832222782402441750520602972275942721591226326190878905492441277747298971096256044537145966542653851428900412723768409865
-481744718853695434181639.002987048105755452870533118876975439199060228637229131602662875392852413437672133492017579288410525443877039876614983603381682993201157477407992565067246610509977049384238407654109289234248705635354632497229130435958956283684454418778187029716848888091135829437549288217646563221119055
623639013321953405901177.510620920482872375732933083645297266586784191377234338182184262406909267874840430861590039386697248994923174290361461505091780225565179848257331640292005590967882850812673642324384630730332490425227387421853709437366574765161286009576810520170197428143714195632724608974538970294897636
-794642426286025829536530.841481978968610161078355559971158040662793560473956270337277386780964483965786274688657948001386512260071204093758818780194763130920330387315275442615005364391070953562324652272848102827999526825708070897311894229900170233693817919354172228628957154772678742928630622715492024061129189
1006093958932150331796252.90614999209853715072206074095359070499710962665009152696290633764416672657172364074683242284209629895588556699106930430497086124563262332908887079450521805077292983246774978192728880163021515675635099254390953853627345836220253559443421229514005521242751600478623886817475524600225609
-1245545167917238815778090.9207905059353669056709855380393175160576665821627412259900105397453349345025949041951277198243359044506366918625929363141705763649473344968825826830532056356397760210544836515191012079563186837378348866456182449732642779193819529978879777773785918995616720864709152860789872568183607
1510486590084583679900265.26447158949292754923243906341737334530396533052297315088906787160993989220599739910689413882705647172534199032673485620977625342991632975188878567264190669134984941841839833576252328524198576305440024335980635043341560290288689345709520045350979574632025941939707272241516418239660726
-1769439591405119823021138.16286702360928587128179148181616468412550819073243201325995574925179679894091510895058494512939227480340718708733978201837686427923622771517667099615016384595624340851616651007904065216783610303152741527222420080415503789976845726763855942531515882818564378462121371732301571745635553
1994184703488986991411421.60329264820976718978483761231288508228288743962616768248300055092627725217160860094970662442557896830783828640141791193614013195277338970858455237738983370831536910466751450372737043259609727722799109199485130164704038666710787744298462866843633295653134579758310176659933900602586715
-2128592962795005152038004.92172871532065218506014131152682995821627298677910362228805986482447131075544480322429924542673895141295644944764688902006378480375940172657310093660400884467983826566219517712526490887272521097282889503032426293064244710068492999889881305729746952511026419935043543584597736839117536
2129224742878224487597238.97661774509280352382322916691452523411620226315635615148424360852558296091257669296456731327556557687315888718660141557202108738534865111870095354192290088741633210767364647973723202924049240065173668819456522144171010899139787132331958434469113327182956981165369358315199664615591731
-1951799950501251312507487.32832392680753676936656844526086606962375869134719823390483766606512375577003470013363440582724241948001012850315987679865706822498888910333987193002321203795828689670121825059316017140647264454025930951070780004004436628920440108735603925453162084056640332168123552322964791295424558
1603919944148422759690099.5321852147947277981968922479269917274913736123230209658106622295865291708740248022261864827999601187473168316324324642026631193432396685542488065329134433130645578006381064185734904197274800944180277832179191102016550004116844732508488011299016328336587138734184334665428250710899967
-1133933254532937458022967.53451395079564348975317790783518000929493150269507816344827604139644942024145922430086636582124359246269009947711426416092349104875235071539124945123871394732075979869726776031487270766168308722385565691072247169341791932050109765142012580992344946296553192450820696831523118888747172
654211037950849604957176.263585980488089114680228324252074326424960950219939880078216657258216418734482246573463435320730023227175166568908652484856423854637179051314813547628872840254736881489904243789113613189125063785329866594982880039389066787561825683085530331192917452353427943906023392822315841476712874
-274461265811258461575186.356487874881824775619854318038577471503726118046126275076507338729723210558555964286076373053735138380220179400378264066262366256399524167826676736452757863706929992525967525208307158595283822085659260079800913916824298124762996915520561193369336345191047160136375172512517293557282846
66370959315761108903397.5662901130654611388192410491747736373884839366462487022412524169125368886708381678621652130439875270822832250374801847970571976272688429787614817667550420442341099405562686521443230072806512896990012871916941304847975752297802753698607470707026623126032010997159926855877878445427184825
0
0
0
0
0
0
0
0
0
0
0
0
0
0
0
0
0
0
0
0
0
0
0
0
0
0
0
0
0
0
0
0
0
0
0
0
0
558886257312049142793246.972396331513403529439027901652152413851627096332682177593997258804613549386253935475411007888344145677903221509181485677148832548304093931929638931230114530113648030804101965570438864236135909453369355068539043952135749202714365454309003251916597927365457192183583333086110173625488668
-842634837495344565034797.408296388187224064987197779766670036479127307400030519703239574260149312881534314093585863871157619437798541688726026090257216080602549620309253826234667223439858594212340886618423345813469245236705203816178338102788466923444969950809933261188281638273015849258686087559522737201684866
504276120236337465476399.019030088402702293259530875037140039417552845653289441565973727661668051145885258331253249454499545558988945829009129129300488867960234809502107454500807562309915342365181853833571860066349578754189599417133128917060395028583957802924388379224688819798476380989664726237479474959098622
-414846088072086165463642.183653376060960051083436787700622001672593005336838627267782055054934650014581272873458752572643036072909808626783880642445119544882976796248963132126000752546837198765959172721822035358351065473703978881601828150276019615728991522223653641528057438266775797875007721944906336469666154
377727436607527156301123.096938266114811253704337763709646331688700969572692033733753735116672506450165349259668127478134327866662540848585773365624861553975423537818174617541642478362810179899237544513482871217760280920356443125298894645661164505828702146786347961718459663581169756611008105446654511057292987
-364997846986708299942734.563328645349744015933738554805200282219878829604579191416584162194784804233042621069681650375379685751662681705067526572088769535519133220688863317386056672126842304121420632686019299433620204360799268157887007956036609430015513724496002507155485419329963634564905085381373969666001724
368261374785404545259253.029650947354429165252812654702646527146684831004682882746430676974234989384468420173648932904506490992568163289318686984385738116382049592992026853764108100669245521362028421680178510679698398977651712778038579371434866375970909582878409273928891327377191582831730212224943336970380767
-384738973460673827693827.233382225447990600144959068432083752104693821963600898441079751569416566796794490665264308492149362700868094000827138641238974311669909626862885155779025647302297894954068244580873337583704716284002049844528001307898851667612319103199414760731791088135976693373045768532257906877364654
414127117318120487497609.294653373433789217803809290810406085911028318473232258196191862426273131378607630908319733812696736598277649800922940038124631352525919689577679303824004812228719200309796625638496572213524509655464409323397101888128101398210844025440972022960157021182741271566862065455331730008075449
-457672248301276279340332.390174634617482916032890813361538389384937623054577444880311386031222188517132667409576122373996064647364981014909682918497824214799116819134561618707652675178114077998485060451036129936290888006529219497391250171217269985104563860659570036451341873527483623012973504814450911893698126
517941318165252619777726.535861940454189213022041579553425257409111819051583121108534458122114994279747592225868904988979234556592090639201564243269151447857641409138770049752684897613362941922169918305034984294829640655276202704381618477329809587498195467072026679073840888927578341832550179528088436942145791
-598899819523314563735543.490441323679117468766857424382897827663621122518094798174797903276249248749389547513546876841396766095045093649252681823733465344752173830963388673947349936586845929093563955432545008945025219662479609639403639049479276601711965355587913833096383594791327361669166656640669767560647987
706182311935381770235803.836919217252378544066510110532537104334411783559871952353750685227383574189721587405917308274294866018355934976900025143168734278690216867281382052165824726446829995278133729859721991043305657451462050424848333187394537703783614909443362975748510591422113735570005575706199987279673764
-847524539259065416419712.34059996425182468842367314409274671506956538604563748781938961550682154248972154858369633905505423217011279272308971459505799228587055989445285278246904645888051470326130573407101201401861489695444016920254056947995005353550534747572375298228668134461264150469755568130807062763060806
1033353428341610640331856.33456118896325305573946467130151337977520078775528612385410618245346914197808333287669920755823684235937092557892124496795695034002835288615978814178768625844907516806490803144565542684717068256747816133284258956873124245521822714862640367347332142755790104960830407570644732156220814
-1277532133312060488117773.51561295243316142967024949623682697857515047819574992160155557712924274439797751865835784680854541229500973828059924351938691257048724815970589653874740344273305595261426299137685642220410342993712139492830837075892458245477736906921328756956534993555409810104734066975609988388223335
1598234892496317757682541.82859977341122983737590582840157219629334149401753395800315405147650056375013921466011738483118635142509367929207405661029290716265666909512622005103063614625358045638654199227866359667475248252788062009663036107330542176650650151387683318381058890056719465912790264075580149297975544
-2018872169080475925698062.46688071749456810350520423828135146039759651184398387198640895842834544142052126859472506812777093774594077483910986844314120222876271608441105841388383641724632457778207309422616795007779343492362978819685302224222710460134720768627182633647569025712934727946045470598031983535672719
2568883771032657096893120.16512355130635619897048308807231736812412190477679403533733641105090099730850222913765166460133400395675119056936623206294116413573992224872647529049531804592862606404745142465132835281106911785107543023624680495290399824926437409795473365699528326249751697874395683913534549483174277
-3284044166774859097320407.13392409580759120099845363899847071384178054132621521202331885434021301558896853420892735537425393560497496094424049794738034600857102956221913988857747252789473504255294163276673311431707834558719550509765438699332820134671834887856984959065125936023721602455017878816798300979615579
4205658416425974429772049.14226445483257643254529164454377653222534068235616978739377614558075391657026981456964597379984502904573479927388826421341513017569863764672732943611995324356365534855047717566007715726802134906826997892475393386201687301163823703944337906409574349865734413804378755984769290093618673
-5377664407438126009149664.948023647938824589553713865979474067236004565540489043757702301061467470158168336137213611594372311735479319731212779554360173438678059255601740075264191405454171048585614945889546148374701163104785606465579692678708471899748158166748991967611649301610506170305722694299723345629891
6840244709348976578367561.34260166588293716851465445393592297746379125733401868534391833210964187572946609911866143535092098190842310158252132960080544001991071176212672138273396732999794943072308733486216860067730831496199451174731105195755209066942671932041402622446267816573444759984106315417971542501971316
-8618250224279975248954524.85929090882838553496302000241407984485056006809708427090467303966144399117343124354513231743841269692526758849908335670313623005567888767358159725499745078693892850009005316860144364191173579605184044597277658967500872418661361670619334473365466464681838231697262590509060540144454527
10702909241533831191335280.2097397004074328728057257673914037689696819826385073567280469713687091287405494263609861102295903721564501353801780375391355334767750035337415005031984058877632192832709910570248079298365463405723354763952740257086905497638746113804379673500763349722963147174707475882289047093851958
-13026578616536886724689046.6355719001900812794463994448537388829168437160371421979880071035599310274259877020959154309726802605256005264293212410832462892396033466748902309411253322216917249397898444964316744416633753137389460422640200879111900852555657976559734622087238303699271044883075881803246426599617269
15433564779359452665233701.0185513461901134938023860698534620385650250150605312770518158270556872534681593441003119712108887961641991181968695418510205039644624854807670677256764429967114167041151542511792702065327741615542923432535023599238781905479216447203909361114853988667695020387355048393738985988634878
-17656031313733102015686959.7864659572391453216232472036117099949133890280776197890275830061848163630302181744866120538835676941874909411300231615625515228726956014342654089801798941532277287411908376669404206080292379780694691900139745654056391396312224763838855939444516612533877342642433201665680418858013638
19312262181849443162422236.7661757902136221076967394538989919744956884626900040565808941083025204992706709591985385674198651636155750565829659699311562408096822284493629823149501287131120470906753175915314393684093789240283545939763254227416684960410049941318833933161179469728632118906585842966955843579780859
-19951591790336215695091655.1603020891234582024753305507987526923611351239940435812268328425422608590726948956543334030445119724245387731746714296939978960154245767220009432510389565613189514004222521830756155026821236367616147549116963051676973636709193096988264891881411183885049746285133413143782348231732179
19167785055097699110903350.2647317025365072320831997287707385575005196149557423157921443063537307038547422852785916590619455199229208440952077998533105262591316542284782007211330670223668290939674342039164150173463546824651974090669799856413836315640044100794291774451710247304367123040878986494878497064881923
-16778196008130559832319956.4548485168185202814577948828141094259091019561451460001529620247638798250058554083250586374854118766023307042408756079669260830866601465166957578012896383250643972478707175616445862722035225311352609145845210783703447016310910007643087290727868684694989554857134767519718651987791917
13012045218445142168473595.049675418488045817914915802226735962642198033147609904803877665145261473672264038364717169342913964221914026463973832609830297462783043010902789616206252983302077421717331140383485606044040272789397729556858563963401201228804259930659920419613832816228833383680619310325221141648237
-8584699805620975937290588.53951344975083986986678055479464663030751469256899062626657427762357664434604526150669480382636752052718590620559669790222884539779262350524362956864926541190462006080624417540257251664609197019430738047654807479660253632584655612615262069120697223664513204699460585560417609599121528
4517880754322278464080595.57395997416612593785733495183563832448157996035467683678880788908180844085779133163235389239270077793121072533218773530726901483570383951006113523651352816039194352063704208676543279215977339963903189453196190463345172412317611523077262534324804560546853955772398941798392624790089583
-1686164976439546391382383.98884501350625283046539910844788712598650927136079132720116108709348483673749062805893933869091948724603873267577767070289408943401662591077939178775110535235983811222585942730760031149536249674446088569950052537419638515591863492337575484933217225562551958095592989277829052705234633
334779475781416288787874.630682066487731636641417182805661811424440196184844760942379612757501130544237398212724953459271124814731338836477128929112947036896053499323377603401245267836458319709413800143337901216992347223921326212381469326802608300100892980084264599387893006700350421458545308317404180091735639
0
0
0
0
0
0
0
0
0
0
0
0
0
0
0
0
0
0
0
0
0
0
0
0
0
0
0
0
0
0
0
0
0
0
0
0
0
0
0
0
0
0
0
0
0
0
0
0
0
0
0
0
0
0
0
0
0
0
0
0
0
0
0
0
0
0
0
0
0
0
0
0
0
0
44636292906286598473568.1137092079397380776194535969639919779223042264875731591883315304672179227875437844692780438474848725928611192886765756903886868757633232717417139838557061020239064748740987057348835262577971264093376654103994642518601784455803431899323283876881589146877285658035308010046657077984992483
-66944586256169080380001.8906003458744772144798382347619877679550435262299822987747431495695047820298930096532337213957889865289550901148995922244189781170808366901386546888250447268987547140673106830014894595186105922901580003198218941499605453828626017359698419036537236891811548003928454175906870712629041561
43083453984126278324364.3311007400383324764724248314056454005129245118028778962764046840897122705371399502758348240642038321282472523423742998185924294137512366720544865302845451848485122349946682228218086996480839226546075011884728341890857238482374973264157635273163749652146037493921321003283066809671009565
-31534315947625104230437.4133210085828306576865107702196846839135358291006878669317375542942198146327165230657574805278531314986391750095874240895715213378937478762777516738614886956733459194202976514659341354518876903404511560195216009605948134700675729359269249160235052318539927883943477577468031401113982385
33986535751444543541154.4347582468568266123275710413665460605591629444976436025277400344412518745594330195319197912660849760270579414441596391198952614829405231028693212458721274719792169508711565430778249535477832968401605787966694187165975758771616717250298322553954032248137400529877768011125583764895024154
-27310518565373080286994.6626916854255416054333542928991713557699835235532245515546236314940082246616442923687466763744923013897290136609880485622974050756692438705353884032126535195415375203012491823627091417050741894038284025536314852259605378162752085814725180627630195315597670918007681127884691543623811713
33400860876858057529963.720168768209425214038333310162189329189956292104220831325914315775648979873035067079888108056574518367539787113605289701300484823065991143242118742411388357092266290238632231185865985309891186738344850221535356553226080240260716208519016910689580038820326568833259949864447542200270153
-29244916140868134275818.2628036392585583090949525802938488328067479176322811245437129693967762482540367717992655888136962342733662746866115223543158021167126029867712122328540309807097720287531987495987653367723851989663307328421963588854323309996078113216696874624751612583548394130218898620712538835198275349
37085975511410638411964.8914195968628613639954931563786297113234711481576358321155759119631508796534818348947163881149086852812159217354330863741685337945236692392874013513561294174655677724717476157414150901566574615738682569926870787820761140743582673128901893954436251496072131609112243487670052118097111775
-35751902431083158561477.7313138867792300418849754517056947279236485255404026169141597521198844451889733734900512320207753625069065833446066834296077650086499586420499339227986321964235014260781276772528783096874977852781382758078794626078381391547776655883174983999950156791231716906152465662558879605846585122
45631842194196822373198.134117571995830616222647378013447109054404801976293977812715798856304182009266255506753118735326525425143928237972006328341006930723436672829504636421099925461038021295616854281780322165510846722159309230360052189131568307209997299478011026053101578079314767432836538919041887328979552
-48084637551324054869397.4627697140620321831620327075764611614844185297025591217734013941928627513942908280517520922767733655619143206274801807303941985821651581482583151338532845188204237563246030150834870336785904118047985771573708365016603296640709284376060831081685857773140817677052770917300921253488728048
61477793875341836804105.9800880594450665257554212826319335840913459820582693800840787103643633529898381671646294416530871294000641415503543233014127159661545025746024559385011870656284698434657435310577962334938326228918976344455448778983793346782722410593422660832073769069239714019606207303719474893277754014
-69703181731730986979918.770339055930072396571126537901866215329755726713507672408459505802482704755529931581073065197851121650603918196622470621004241718899530385157475069403883751355176432723872959576110974562346031733135577737259063418181420261206079012091715361383656609129137782709562827197859961728643667
89528052236481202216983.1494611301278581069479663864990590202042488088107161133508422274990535211095075624226840795990891433260600621975839136860106562969717309666956992347062278405065296237814354716723653900375004221581855481911611955008799810668010990460416210172813661525006823431227073946629503867783745601
-107305260517255614540060.185176240913347507379033536170904577301930945116010022101657865824077669249490617078395895745117450484927731630369153476763267172945831856056342202749273700426105735393835440281413814424051016454156420396581386566120177112428107755520962854556688425881972460572020556463247116266179959
138828890298102562451826.98976267736911719966372029537927890647927791988462346178377208588294975329458056678606435438985696107099052764152512807075785003857148090145019055100967661753695497480853952169897805960174609524837707359672684543818471222235371839600678415787009775514285425430486120642674562890331167
-172975915935850334898471.194943333307881868382883230779145025630279419121626774897162637351446078883895151048106275133820601204176224683851928508855432477864141823388796230667944552678612646613751985688778519825160213313442583936311466993076767820628863195524435597009108156519630819152947230488328353551105917
225276967218890097579841.976706119607616994353971181549307061436600444522258780358364230809750386946678188219588507743899213338195139627711964255407162114986621885473621937766083637270255860362427194157265665073432345447335151400423844158322847533868198347883915118858247130316965845711100289187671451319872288
-287282920091249406250470.467277545036321195054984631999224837028583390104289161359519806485602784298327109049386908163030413172828595852212999511135662346655610178351262884629211499355560392793159615218262712013387538224436768338954888788609702226429914021244779422625786284798192521649638003704880016051569075
374786912386607482876139.769231941041330363355506165901476501313491340905198577574519530132444183657074287796854946347294734257536561807237174795458876195455327350521992053566910662011080533832222782402441750520602972275942721591226326190878905492441277747298971096256044537145966542653851428900412723768409865
-481744718853695434181639.002987048105755452870533118876975439199060228637229131602662875392852413437672133492017579288410525443877039876614983603381682993201157477407992565067246610509977049384238407654109289234248705635354632497229130435958956283684454418778187029716848888091135829437549288217646563221119055
623639013321953405901177.510620920482872375732933083645297266586784191377234338182184262406909267874840430861590039386697248994923174290361461505091780225565179848257331640292005590967882850812673642324384630730332490425227387421853709437366574765161286009576810520170197428143714195632724608974538970294897636
-794642426286025829536530.841481978968610161078355559971158040662793560473956270337277386780964483965786274688657948001386512260071204093758818780194763130920330387315275442615005364391070953562324652272848102827999526825708070897311894229900170233693817919354172228628957154772678742928630622715492024061129189
1006093958932150331796252.90614999209853715072206074095359070499710962665009152696290633764416672657172364074683242284209629895588556699106930430497086124563262332908887079450521805077292983246774978192728880163021515675635099254390953853627345836220253559443421229514005521242751600478623886817475524600225609
-1245545167917238815778090.9207905059353669056709855380393175160576665821627412259900105397453349345025949041951277198243359044506366918625929363141705763649473344968825826830532056356397760210544836515191012079563186837378348866456182449732642779193819529978879777773785918995616720864709152860789872568183607
1510486590084583679900265.26447158949292754923243906341737334530396533052297315088906787160993989220599739910689413882705647172534199032673485620977625342991632975188878567264190669134984941841839833576252328524198576305440024335980635043341560290288689345709520045350979574632025941939707272241516418239660726
-1769439591405119823021138.16286702360928587128179148181616468412550819073243201325995574925179679894091510895058494512939227480340718708733978201837686427923622771517667099615016384595624340851616651007904065216783610303152741527222420080415503789976845726763855942531515882818564378462121371732301571745635553
1994184703488986991411421.60329264820976718978483761231288508228288743962616768248300055092627725217160860094970662442557896830783828640141791193614013195277338970858455237738983370831536910466751450372737043259609727722799109199485130164704038666710787744298462866843633295653134579758310176659933900602586715
-2128592962795005152038004.92172871532065218506014131152682995821627298677910362228805986482447131075544480322429924542673895141295644944764688902006378480375940172657310093660400884467983826566219517712526490887272521097282889503032426293064244710068492999889881305729746952511026419935043543584597736839117536
2129224742878224487597238.97661774509280352382322916691452523411620226315635615148424360852558296091257669296456731327556557687315888718660141557202108738534865111870095354192290088741633210767364647973723202924049240065173668819456522144171010899139787132331958434469113327182956981165369358315199664615591731
-1951799950501251312507487.32832392680753676936656844526086606962375869134719823390483766606512375577003470013363440582724241948001012850315987679865706822498888910333987193002321203795828689670121825059316017140647264454025930951070780004004436628920440108735603925453162084056640332168123552322964791295424558
1603919944148422759690099.5321852147947277981968922479269917274913736123230209658106622295865291708740248022261864827999601187473168316324324642026631193432396685542488065329134433130645578006381064185734904197274800944180277832179191102016550004116844732508488011299016328336587138734184334665428250710899967
-1133933254532937458022967.53451395079564348975317790783518000929493150269507816344827604139644942024145922430086636582124359246269009947711426416092349104875235071539124945123871394732075979869726776031487270766168308722385565691072247169341791932050109765142012580992344946296553192450820696831523118888747172
654211037950849604957176.263585980488089114680228324252074326424960950219939880078216657258216418734482246573463435320730023227175166568908652484856423854637179051314813547628872840254736881489904243789113613189125063785329866594982880039389066787561825683085530331192917452353427943906023392822315841476712874
-274461265811258461575186.356487874881824775619854318038577471503726118046126275076507338729723210558555964286076373053735138380220179400378264066262366256399524167826676736452757863706929992525967525208307158595283822085659260079800913916824298124762996915520561193369336345191047160136375172512517293557282846
66370959315761108903397.5662901130654611388192410491747736373884839366462487022412524169125368886708381678621652130439875270822832250374801847970571976272688429787614817667550420442341099405562686521443230072806512896990012871916941304847975752297802753698607470707026623126032010997159926855877878445427184825
