198 1
42947586168051275839570.8359180051900471346581635078219926430391733651634490964233643249750339372394059117084147797981733126765163811827475452777017207633901091357365322913860161110050517774568001622626383310727508102839595502831406290059843645350255798663607206325788795365517579329802435541425954309260178696
-64389682697754989095137.8466817097304829197899179809016450131737723771220500319071699938367773582003663425191933776403613491252600537250323102811409665852947782396647763273736814597488066187292350494065222020570004675109532054687743735322556561450495982569924727353335944846010146363927723959848405245960858875
41994350443433824084252.4937494122192780350084818570000217929576654462214966704717154025537258882381009159807887963162349443952984828010956295433678583540639428469695619482906095011866679978918815494664754901262237810491651741952044166469486100572000319396124291204560872238971109100841620381145567921289047451
-30416387833993572447260.1297544132425728520337847771673630539807881426133752019645598243342516225597380822227743416400398467407651610078869058270694444652249396633718918590932003903634802059401330667148086238401003386393588392432095475164995129736531787880997357996183865177138378897386189337069835386695646325
33611522125037232717747.2838575236063594624128289933443533888523191008515210758790099551016138989644470108891253586426490743483020276411318408850219965383100162387740594978037496816144346708125533489605228708045983478362021298637813864985664310181793870557981224684665423426518963068155443939540224273491596269
-26842692480779706082831.4923148930151738738574788337153803574168093197345652289070114626745504998518386825052512966765944351611200993317370936585506208705277172036958495235084932765511486301392726303068612134506681449535606778992761356564965574533036513715646462631079983901303878373225042097791009899423088611
33574901466915334145317.7425072066397274273222848056865702012962937537125324093195739891548701924561298307824379823422941620130533765414618047917481991597987013698057089153729370550838464700877002075960763884638924411790296840064539937418707648423554246558136732382940639852973455190216775238339851689584513199
-29580295222461100049740.2761231944748168849565197843680125388106125834622684227110611620555045448518676984223930062298917749988586871107926296817238570638229302852270634890191388658468443255734126837419569917154647175887231155029905747207578306954656328353810699344260165657870063479548971182696907730374152996
38141576865168531832248.9775161364652606450595735737692156854441268755913365716351194164546151980258394821820317530248130067960078393280104341790417572982293831822717532613367874776219219444337998286161197559941924618733608147428035119254572661253918612128543101291239169286610677097060958158549200058078435926
-37364002689414850021224.7587360471491813684995019915933676083823750707069400122894480412609602016827484267476414317610395130937807720372716629807862445612132893911239312456997822369617518230325127187630654695313961874586865666375002839134300501754925127246197777405574164375608102157503320930382154664693048728
48318573933168587588982.6795302994483471069511972780243247820960598912822366069562624554223082743439641802794186606901697794491597900906561883982403704661835574507495199924300260668066021846329987158134535339254477623392015379276497577137420984515268751556361641577435381585633404681039706214945893050804059239
-51984727191603030170854.775733379156751981085252931242969706881122667667641648470467362188433685384978049298313612202390440179176182736193218291736659322763694214025833950440963425034956826607321401891981864536125446233593903572040628202112520533841627771901557724397896605167981058750443050007931560283442141
67237414258181431665477.1741904238541493150057807012495025760598469860710956901865383003067367349593232258801667177646568138498194935366448829929680767899380625667857784421345832570679073707430904564343150073435214012081404032952621751330063853953159237653839718507507985651999485488722095915191513661597684665
-77830132496717819738360.6026062661825552951671940207436704945900611891916020417388249912222410085736539720904063503953249450074023492484284354741168377003807347169628951406247945878945414205846114062745607139091871802628250806221158868805939469713340851003754377097822000208577069056293984329642000293731071271
100974421703754363587873.404875175097458021499084481309949851799691173781685894659028767680672954283258885065167102693039863863169512086746464207543658833563558783474565918572940049494598689610976716167508541736173599710202066857993707893370842528292613784805287945416216156264448913109591048255328396409906801
-123042834638145623176119.494617090770020472498242362578146727132831734610821885497335820799261456902751756771935593652363773251487415988746478608623985894799312581987806522933746020590141638130659697364161321385646728285897646079939969014396891740461552342953409813796789172695747275553341410716175591922647483
160193636810965355652306.768276914031369309387024531995617886606923527708579302220126837856624192425357332422641182090812838659287478964745516751658635382068677864132853316702532261619037795112191006703240537486590823072289510922965507575225057068177171716644884481612436076127369522455136547498794730786164733
-201249735603910792672717.925108802333877655563977834561638721376058052274441294130526891870559411593157987146275457115399324817309973525641702041807593118151061306918685220377089471699138828790654270508647343960554712414869487635039834365327517329160833097877899119699902530024241473083262925865451027019898431
261640306742389173936255.121507311522085384384791454119065709158206628003786169729588292250484864440336444243211525408507385663085323001543153548591954747433668145992866449548173114167656463956172496508191802019117797125444095495774981912157814961537596203291866919402904113678159016174584356850778159443250201
-331966994764417498349875.544076091330064696796933874030724377914133316123325480378657653111148931803933361133001528709524791102586684773041631968149346467945383196738825533385422369128288573988368768408080032827452353263493555398884481429856034340203624314064100281948631828969409869277973121474800048032943524
426074396750992806515832.052759239018821807222628636377066050730684570534178711588757053645915409593681395444618502088629211896276775581146286034813970292701362062901995107190496125840253027396744556651560385669219074556839136851148124410886870124044423957207994767437527838922078402578029760739260544672691252
-533818301418561704875280.44927880732651679403505501423060166130940575764971357352832484496966907172986129835202817406746445420002696749923455807848110575700185500177347758275252256967719944803135279500705712592276753783279432427799379904979977090694327102406981267706167062609483929765861412374984202690392054
663662572351383042376686.761547763070975300102543486908918568839490613473085118183037400189913096667839781088871483427662185685345109710550704580127886922351335642482873896853420894357542411479690070898154408830695794670713354144621164668931107424755907137362844513967901575972408114503820104230809088534525469
-798517197286121361603375.155618205209443407949474026326481794882172833960057712826223713692648661219386623188734979334133618600379570449839718561890462668198585183873700659577807317333883489017758123111545864574053915993241894805411735456878645514497331061111619069163202843566178377261332629366227144915666994
933958123964257001060647.026929302491991846701625345381550989544109826184849660068661168204684797863086669242695282367919746345443797272529600793989020375930598715346858249952295691368036961056631041904475613132319161391609214247960414591773170959176568015416026913278334683144960486961579506321805562330656632
-1038402326151049264767062.58940676328020617307050034040444734418181565257722139702237508115559350640428311526498454626551146096967372535451599200061905860109696375232745607342233819189276710424048455198051845535001329747649234334669635224858374163998389957593186433512184862575365183475848526581692730904270484
1091850991556829157330128.96849863680043932559159922912525897965460916855081169292498016113069491484430547612922063610106614863506554600070092545932984421657134260044416804454630823667503618901090366832224816534513797949767892549445842187711909296384831896296391550116351965899345239746247354430528526059274547
-1056775319660293696640548.87498859180699779625674762959092757905138407944412071758274583627767041261608904000006221938255405700507912110957049097142383573848698503424032573219875484440554476216107992601658920576894097676782683804203038738935813109659539040807968232306932097516188409581104172934761788831612995
924981161113210554169422.739185691215667610819487266661360913669984236136806185482433618272036523748454266987260497706004984396564097360068694849254703354437237756124160282783613547612885342327432378773693814010345780163803584311752459572744699192436508353254149815663957230054339603774896077035328544019991296
-699748584876274959577225.636859894287776213588863646437058809727505607511562945333709620883262636986275411490332860604827766621085416989511851826733328442072820319009361390837208849197729615433212254769945317196721166357861223714790001573314940105783305495798957195113337341215201864567792305450042971233008887
436216917307832288184389.286230246298293766013687860117853213467978222875881644544181245035781782339607603988670178251556906016719058390457292471850183633996495349357522978292393344308333327757639967316915674839693270589225548482026342246492483001804928643542047082635036730175343874401431841566496788225638462
-198564826121820235447221.182962208745008756010233799809477743161759831814886668725312795515574277587505696235938739399759119419570712350325417122626136787494320953793144017534637893727372224767173338014357431221449648441856410128272204171414438616595202756074149708188189275867633664117379906751541857548075728
53207494561530164126467.5558364547318896273642847451759995952837036275983048038107057855710445884168262594925458494600009501245910223222550041728631410520281226685616260777523764081614983648368711479103886230750197295302663681635084478337529541169846342303405341544847790373498333580693579148409560124830247637
0
0
0
0
0
0
0
0
0
0
0
0
0
0
0
0
0
0
0
0
0
0
0
0
0
0
0
0
0
0
0
0
0
42947586168051275839570.8359180051900471346581635078219926430391733651634490964233643249750339372394059117084147797981733126765163811827475452777017207633901091357365322913860161110050517774568001622626383310727508102839595502831406290059843645350255798663607206325788795365517579329802435541425954309260178696
-64389682697754989095137.8466817097304829197899179809016450131737723771220500319071699938367773582003663425191933776403613491252600537250323102811409665852947782396647763273736814597488066187292350494065222020570004675109532054687743735322556561450495982569924727353335944846010146363927723959848405245960858875
41994350443433824084252.4937494122192780350084818570000217929576654462214966704717154025537258882381009159807887963162349443952984828010956295433678583540639428469695619482906095011866679978918815494664754901262237810491651741952044166469486100572000319396124291204560872238971109100841620381145567921289047451
-30416387833993572447260.1297544132425728520337847771673630539807881426133752019645598243342516225597380822227743416400398467407651610078869058270694444652249396633718918590932003903634802059401330667148086238401003386393588392432095475164995129736531787880997357996183865177138378897386189337069835386695646325
33611522125037232717747.2838575236063594624128289933443533888523191008515210758790099551016138989644470108891253586426490743483020276411318408850219965383100162387740594978037496816144346708125533489605228708045983478362021298637813864985664310181793870557981224684665423426518963068155443939540224273491596269
-26842692480779706082831.4923148930151738738574788337153803574168093197345652289070114626745504998518386825052512966765944351611200993317370936585506208705277172036958495235084932765511486301392726303068612134506681449535606778992761356564965574533036513715646462631079983901303878373225042097791009899423088611
33574901466915334145317.7425072066397274273222848056865702012962937537125324093195739891548701924561298307824379823422941620130533765414618047917481991597987013698057089153729370550838464700877002075960763884638924411790296840064539937418707648423554246558136732382940639852973455190216775238339851689584513199
-29580295222461100049740.2761231944748168849565197843680125388106125834622684227110611620555045448518676984223930062298917749988586871107926296817238570638229302852270634890191388658468443255734126837419569917154647175887231155029905747207578306954656328353810699344260165657870063479548971182696907730374152996
38141576865168531832248.9775161364652606450595735737692156854441268755913365716351194164546151980258394821820317530248130067960078393280104341790417572982293831822717532613367874776219219444337998286161197559941924618733608147428035119254572661253918612128543101291239169286610677097060958158549200058078435926
-37364002689414850021224.7587360471491813684995019915933676083823750707069400122894480412609602016827484267476414317610395130937807720372716629807862445612132893911239312456997822369617518230325127187630654695313961874586865666375002839134300501754925127246197777405574164375608102157503320930382154664693048728
48318573933168587588982.6795302994483471069511972780243247820960598912822366069562624554223082743439641802794186606901697794491597900906561883982403704661835574507495199924300260668066021846329987158134535339254477623392015379276497577137420984515268751556361641577435381585633404681039706214945893050804059239
-51984727191603030170854.775733379156751981085252931242969706881122667667641648470467362188433685384978049298313612202390440179176182736193218291736659322763694214025833950440963425034956826607321401891981864536125446233593903572040628202112520533841627771901557724397896605167981058750443050007931560283442141
67237414258181431665477.1741904238541493150057807012495025760598469860710956901865383003067367349593232258801667177646568138498194935366448829929680767899380625667857784421345832570679073707430904564343150073435214012081404032952621751330063853953159237653839718507507985651999485488722095915191513661597684665
-77830132496717819738360.6026062661825552951671940207436704945900611891916020417388249912222410085736539720904063503953249450074023492484284354741168377003807347169628951406247945878945414205846114062745607139091871802628250806221158868805939469713340851003754377097822000208577069056293984329642000293731071271
100974421703754363587873.404875175097458021499084481309949851799691173781685894659028767680672954283258885065167102693039863863169512086746464207543658833563558783474565918572940049494598689610976716167508541736173599710202066857993707893370842528292613784805287945416216156264448913109591048255328396409906801
-123042834638145623176119.494617090770020472498242362578146727132831734610821885497335820799261456902751756771935593652363773251487415988746478608623985894799312581987806522933746020590141638130659697364161321385646728285897646079939969014396891740461552342953409813796789172695747275553341410716175591922647483
160193636810965355652306.768276914031369309387024531995617886606923527708579302220126837856624192425357332422641182090812838659287478964745516751658635382068677864132853316702532261619037795112191006703240537486590823072289510922965507575225057068177171716644884481612436076127369522455136547498794730786164733
-201249735603910792672717.925108802333877655563977834561638721376058052274441294130526891870559411593157987146275457115399324817309973525641702041807593118151061306918685220377089471699138828790654270508647343960554712414869487635039834365327517329160833097877899119699902530024241473083262925865451027019898431
261640306742389173936255.121507311522085384384791454119065709158206628003786169729588292250484864440336444243211525408507385663085323001543153548591954747433668145992866449548173114167656463956172496508191802019117797125444095495774981912157814961537596203291866919402904113678159016174584356850778159443250201
-331966994764417498349875.544076091330064696796933874030724377914133316123325480378657653111148931803933361133001528709524791102586684773041631968149346467945383196738825533385422369128288573988368768408080032827452353263493555398884481429856034340203624314064100281948631828969409869277973121474800048032943524
426074396750992806515832.052759239018821807222628636377066050730684570534178711588757053645915409593681395444618502088629211896276775581146286034813970292701362062901995107190496125840253027396744556651560385669219074556839136851148124410886870124044423957207994767437527838922078402578029760739260544672691252
-533818301418561704875280.44927880732651679403505501423060166130940575764971357352832484496966907172986129835202817406746445420002696749923455807848110575700185500177347758275252256967719944803135279500705712592276753783279432427799379904979977090694327102406981267706167062609483929765861412374984202690392054
663662572351383042376686.761547763070975300102543486908918568839490613473085118183037400189913096667839781088871483427662185685345109710550704580127886922351335642482873896853420894357542411479690070898154408830695794670713354144621164668931107424755907137362844513967901575972408114503820104230809088534525469
-798517197286121361603375.155618205209443407949474026326481794882172833960057712826223713692648661219386623188734979334133618600379570449839718561890462668198585183873700659577807317333883489017758123111545864574053915993241894805411735456878645514497331061111619069163202843566178377261332629366227144915666994
933958123964257001060647.026929302491991846701625345381550989544109826184849660068661168204684797863086669242695282367919746345443797272529600793989020375930598715346858249952295691368036961056631041904475613132319161391609214247960414591773170959176568015416026913278334683144960486961579506321805562330656632
-1038402326151049264767062.58940676328020617307050034040444734418181565257722139702237508115559350640428311526498454626551146096967372535451599200061905860109696375232745607342233819189276710424048455198051845535001329747649234334669635224858374163998389957593186433512184862575365183475848526581692730904270484
1091850991556829157330128.96849863680043932559159922912525897965460916855081169292498016113069491484430547612922063610106614863506554600070092545932984421657134260044416804454630823667503618901090366832224816534513797949767892549445842187711909296384831896296391550116351965899345239746247354430528526059274547
-1056775319660293696640548.87498859180699779625674762959092757905138407944412071758274583627767041261608904000006221938255405700507912110957049097142383573848698503424032573219875484440554476216107992601658920576894097676782683804203038738935813109659539040807968232306932097516188409581104172934761788831612995
924981161113210554169422.739185691215667610819487266661360913669984236136806185482433618272036523748454266987260497706004984396564097360068694849254703354437237756124160282783613547612885342327432378773693814010345780163803584311752459572744699192436508353254149815663957230054339603774896077035328544019991296
-699748584876274959577225.636859894287776213588863646437058809727505607511562945333709620883262636986275411490332860604827766621085416989511851826733328442072820319009361390837208849197729615433212254769945317196721166357861223714790001573314940105783305495798957195113337341215201864567792305450042971233008887
436216917307832288184389.286230246298293766013687860117853213467978222875881644544181245035781782339607603988670178251556906016719058390457292471850183633996495349357522978292393344308333327757639967316915674839693270589225548482026342246492483001804928643542047082635036730175343874401431841566496788225638462
-198564826121820235447221.182962208745008756010233799809477743161759831814886668725312795515574277587505696235938739399759119419570712350325417122626136787494320953793144017534637893727372224767173338014357431221449648441856410128272204171414438616595202756074149708188189275867633664117379906751541857548075728
53207494561530164126467.5558364547318896273642847451759995952837036275983048038107057855710445884168262594925458494600009501245910223222550041728631410520281226685616260777523764081614983648368711479103886230750197295302663681635084478337529541169846342303405341544847790373498333580693579148409560124830247637
0
0
0
0
0
0
0
0
0
0
0
0
0
0
0
0
0
0
0
0
0
0
0
0
0
0
0
0
0
0
0
0
0
0
0
0
0
0
0
0
0
0
0
0
0
0
0
0
0
0
0
0
0
0
0
0
0
0
0
0
0
0
0
0
0
0
42947586168051275839570.8359180051900471346581635078219926430391733651634490964233643249750339372394059117084147797981733126765163811827475452777017207633901091357365322913860161110050517774568001622626383310727508102839595502831406290059843645350255798663607206325788795365517579329802435541425954309260178696
-64389682697754989095137.8466817097304829197899179809016450131737723771220500319071699938367773582003663425191933776403613491252600537250323102811409665852947782396647763273736814597488066187292350494065222020570004675109532054687743735322556561450495982569924727353335944846010146363927723959848405245960858875
41994350443433824084252.4937494122192780350084818570000217929576654462214966704717154025537258882381009159807887963162349443952984828010956295433678583540639428469695619482906095011866679978918815494664754901262237810491651741952044166469486100572000319396124291204560872238971109100841620381145567921289047451
-30416387833993572447260.1297544132425728520337847771673630539807881426133752019645598243342516225597380822227743416400398467407651610078869058270694444652249396633718918590932003903634802059401330667148086238401003386393588392432095475164995129736531787880997357996183865177138378897386189337069835386695646325
33611522125037232717747.2838575236063594624128289933443533888523191008515210758790099551016138989644470108891253586426490743483020276411318408850219965383100162387740594978037496816144346708125533489605228708045983478362021298637813864985664310181793870557981224684665423426518963068155443939540224273491596269
-26842692480779706082831.4923148930151738738574788337153803574168093197345652289070114626745504998518386825052512966765944351611200993317370936585506208705277172036958495235084932765511486301392726303068612134506681449535606778992761356564965574533036513715646462631079983901303878373225042097791009899423088611
33574901466915334145317.7425072066397274273222848056865702012962937537125324093195739891548701924561298307824379823422941620130533765414618047917481991597987013698057089153729370550838464700877002075960763884638924411790296840064539937418707648423554246558136732382940639852973455190216775238339851689584513199
-29580295222461100049740.2761231944748168849565197843680125388106125834622684227110611620555045448518676984223930062298917749988586871107926296817238570638229302852270634890191388658468443255734126837419569917154647175887231155029905747207578306954656328353810699344260165657870063479548971182696907730374152996
38141576865168531832248.9775161364652606450595735737692156854441268755913365716351194164546151980258394821820317530248130067960078393280104341790417572982293831822717532613367874776219219444337998286161197559941924618733608147428035119254572661253918612128543101291239169286610677097060958158549200058078435926
-37364002689414850021224.7587360471491813684995019915933676083823750707069400122894480412609602016827484267476414317610395130937807720372716629807862445612132893911239312456997822369617518230325127187630654695313961874586865666375002839134300501754925127246197777405574164375608102157503320930382154664693048728
48318573933168587588982.6795302994483471069511972780243247820960598912822366069562624554223082743439641802794186606901697794491597900906561883982403704661835574507495199924300260668066021846329987158134535339254477623392015379276497577137420984515268751556361641577435381585633404681039706214945893050804059239
-51984727191603030170854.775733379156751981085252931242969706881122667667641648470467362188433685384978049298313612202390440179176182736193218291736659322763694214025833950440963425034956826607321401891981864536125446233593903572040628202112520533841627771901557724397896605167981058750443050007931560283442141
67237414258181431665477.1741904238541493150057807012495025760598469860710956901865383003067367349593232258801667177646568138498194935366448829929680767899380625667857784421345832570679073707430904564343150073435214012081404032952621751330063853953159237653839718507507985651999485488722095915191513661597684665
-77830132496717819738360.6026062661825552951671940207436704945900611891916020417388249912222410085736539720904063503953249450074023492484284354741168377003807347169628951406247945878945414205846114062745607139091871802628250806221158868805939469713340851003754377097822000208577069056293984329642000293731071271
100974421703754363587873.404875175097458021499084481309949851799691173781685894659028767680672954283258885065167102693039863863169512086746464207543658833563558783474565918572940049494598689610976716167508541736173599710202066857993707893370842528292613784805287945416216156264448913109591048255328396409906801
-123042834638145623176119.494617090770020472498242362578146727132831734610821885497335820799261456902751756771935593652363773251487415988746478608623985894799312581987806522933746020590141638130659697364161321385646728285897646079939969014396891740461552342953409813796789172695747275553341410716175591922647483
160193636810965355652306.768276914031369309387024531995617886606923527708579302220126837856624192425357332422641182090812838659287478964745516751658635382068677864132853316702532261619037795112191006703240537486590823072289510922965507575225057068177171716644884481612436076127369522455136547498794730786164733
-201249735603910792672717.925108802333877655563977834561638721376058052274441294130526891870559411593157987146275457115399324817309973525641702041807593118151061306918685220377089471699138828790654270508647343960554712414869487635039834365327517329160833097877899119699902530024241473083262925865451027019898431
261640306742389173936255.121507311522085384384791454119065709158206628003786169729588292250484864440336444243211525408507385663085323001543153548591954747433668145992866449548173114167656463956172496508191802019117797125444095495774981912157814961537596203291866919402904113678159016174584356850778159443250201
-331966994764417498349875.544076091330064696796933874030724377914133316123325480378657653111148931803933361133001528709524791102586684773041631968149346467945383196738825533385422369128288573988368768408080032827452353263493555398884481429856034340203624314064100281948631828969409869277973121474800048032943524
426074396750992806515832.052759239018821807222628636377066050730684570534178711588757053645915409593681395444618502088629211896276775581146286034813970292701362062901995107190496125840253027396744556651560385669219074556839136851148124410886870124044423957207994767437527838922078402578029760739260544672691252
-533818301418561704875280.44927880732651679403505501423060166130940575764971357352832484496966907172986129835202817406746445420002696749923455807848110575700185500177347758275252256967719944803135279500705712592276753783279432427799379904979977090694327102406981267706167062609483929765861412374984202690392054
663662572351383042376686.761547763070975300102543486908918568839490613473085118183037400189913096667839781088871483427662185685345109710550704580127886922351335642482873896853420894357542411479690070898154408830695794670713354144621164668931107424755907137362844513967901575972408114503820104230809088534525469
-798517197286121361603375.155618205209443407949474026326481794882172833960057712826223713692648661219386623188734979334133618600379570449839718561890462668198585183873700659577807317333883489017758123111545864574053915993241894805411735456878645514497331061111619069163202843566178377261332629366227144915666994
933958123964257001060647.026929302491991846701625345381550989544109826184849660068661168204684797863086669242695282367919746345443797272529600793989020375930598715346858249952295691368036961056631041904475613132319161391609214247960414591773170959176568015416026913278334683144960486961579506321805562330656632
-1038402326151049264767062.58940676328020617307050034040444734418181565257722139702237508115559350640428311526498454626551146096967372535451599200061905860109696375232745607342233819189276710424048455198051845535001329747649234334669635224858374163998389957593186433512184862575365183475848526581692730904270484
1091850991556829157330128.96849863680043932559159922912525897965460916855081169292498016113069491484430547612922063610106614863506554600070092545932984421657134260044416804454630823667503618901090366832224816534513797949767892549445842187711909296384831896296391550116351965899345239746247354430528526059274547
-1056775319660293696640548.87498859180699779625674762959092757905138407944412071758274583627767041261608904000006221938255405700507912110957049097142383573848698503424032573219875484440554476216107992601658920576894097676782683804203038738935813109659539040807968232306932097516188409581104172934761788831612995
924981161113210554169422.739185691215667610819487266661360913669984236136806185482433618272036523748454266987260497706004984396564097360068694849254703354437237756124160282783613547612885342327432378773693814010345780163803584311752459572744699192436508353254149815663957230054339603774896077035328544019991296
-699748584876274959577225.636859894287776213588863646437058809727505607511562945333709620883262636986275411490332860604827766621085416989511851826733328442072820319009361390837208849197729615433212254769945317196721166357861223714790001573314940105783305495798957195113337341215201864567792305450042971233008887
436216917307832288184389.286230246298293766013687860117853213467978222875881644544181245035781782339607603988670178251556906016719058390457292471850183633996495349357522978292393344308333327757639967316915674839693270589225548482026342246492483001804928643542047082635036730175343874401431841566496788225638462
-198564826121820235447221.182962208745008756010233799809477743161759831814886668725312795515574277587505696235938739399759119419570712350325417122626136787494320953793144017534637893727372224767173338014357431221449648441856410128272204171414438616595202756074149708188189275867633664117379906751541857548075728
53207494561530164126467.5558364547318896273642847451759995952837036275983048038107057855710445884168262594925458494600009501245910223222550041728631410520281226685616260777523764081614983648368711479103886230750197295302663681635084478337529541169846342303405341544847790373498333580693579148409560124830247637
