174 1
41878270835298826652887.6365064274202991317736826381598052341728834992506721264066104628208651939603581092213974683747212034925129021022194354962946953571172706681179015016821789829632874796416211388616489394883991707076535984116958121776145370683033638033831192861516172876081654105349079520935530871562924116
-62763584342701094136213.159196452742800481906088381087894930110915977652017632678035648784032101262780910167132466049263302866839442187810821712396981086288090875884097021858117607821026953380932417584095094896416308241116501739506952993613150917204340937863227737318716453645188336922701682676023831587203205
41565133126866560783257.5711529011973784474680660945634464827131892370312302174484180242682552419747058431811900132780219414569348860459866447297685263890843925686532615013023962518379229034379451156353556788247835726841711667709793690303314095661811817877345569444965517357528983527438761811675833156556347563
-29794303084455968550945.1135145045272113078293749521952981877939759441625173030153463279169034011730151695610498142003735972649403136280504013151809610395677042482815587814040128935902592026638883575981850753829002882972784716729773696419140985947905834963070681283779619346370007899081053268198417322144948119
33812463785852328394603.5335196813115809424679737567000441339558401187923712083251423816356487138140511959797513436910380664421954031932929152545735624557528317513782436665373191184899955947530476121007092908979624738905784295296649438230087464436265282500846406990614195848600673045258645382962258187445961686
-26944638340286149030668.8087428946713687296158573965152772852771319499349012307457756623606830923191761852473054615947826231908988617819737844537942313381712403255344669852364821417985264007022543637349495427170989377764374882879180879096511421170815161545730673454569419986217831849985122777770247403950031607
34445002637444535572454.9858066013299519093511375242331003362350838778245427390945738965363735039844704964059291301504522316880660497891088694283576150392201668299609826884186824093776582120488793824320329602647796656943533618155974954725547150078391094459297203941667025010177056201776950153896929507217153842
-30734271149084684297997.1028350404162692453081678207541266900637125140459467887042297012235937282007900336333008226195186713987962643260645417026192495360129599614232253511236838996766287703502114540516874318445951527869785721149869684476032091015562596833668029240658655611930600854758923631961472632504059236
40238099154426410243769.2800755813493911919133442976501480338283341382200231313200526522206055247469555883804409944327180128314990429712664719544290248869397016004460221849433745550157627253765616018736426664033363629257830879512957591236848859388163044847371960538592442453251134895971450285215544014236704904
-40303452054746313449399.7444616587853297660765999846792184820476272772753270656054503759754089753050075236687934854094659694527794271151606320072703441642938871921573901283712794267288984457173855913820790312563427593862442643771885425858876149861765801697464969904737329836193270317205311150663938436902096182
52741219382591129793831.1847276400783007145817278033274068456073756716451639347444099024849688450785687612763611776712943942951669714914758007584807007510378489327404216480758295472139081168774827626209078586540319518653744522950822361695283600957984612318420775418436190875975588142711138963622487648783248456
-58155469398598003706218.4871701433106701468644833015955720094322621880201044127923708671072626119113580800666304567063970657077144670787413696286408057329703890783916119986999901575107823674664628402845724598064307144418795482314837831068318547350975252604332935134102189716655236611877798841025285349630319577
75958183162272831369812.2296627323020827018508071845863801433299711080334548633236219404633922516813761168205562043385875465417761202010586617251311118485695703798272057880800069533763386833511007864240506478243706430483308881383525863310783458906765093087188578312579976822344062925726278146820162727604406435
-89742979408197847808826.3035004103506178068438759231171402583274384431565233201984825528819683128943265336352117654531632933983605106980746445377425677403513235821384326991415678619604387169336005302356924191813505983373014161902383571942328947979376619446412951368007320568774566117331768513185485424963644423
117083770986648632829601.923164657977721039181166428274824669920429424015526609195805136816799713899338514045138793962347993936593688801679472416139556895951043784662528325242561040797056561251978949368455482239450490907690130511764651124383228553408463972005601127397194564525816843398961782822127659609480747
-144126443485683401717177.633608382118098768242802324273904267544401873146263278301125217058055824016521373861738302699598864622002869376124225376773069126111759428978711215302698902177069845057782985201744504276608897054748508943257013853833055792953478985424623080861106259384550518905178155518153764210318173
186850932752826232366056.885539637398098313408868397216815305774321171471856182769079526967216770070838267977628868316074927212265241768868645358618594257121810559375855708899727775199171751688889584644561029057568071732341174914279892467561484656668744365920767842205069209790932147417680701385518160873026194
-232946727393859731749536.008441186151551943283076185654168826098013081874602094743724935176427714275543041999241326645688905913497161560055592446477420398526107396497656012283774992776965832486266256403597698496064413896357348425797264393146106168871350267986524067911868666175441582863345461945920203108377669
295798014155913755918752.048500054092057266446499863725954605172414089446064957188106846923343806694428169839210206991857663338555368260435703475335715493569023183226003484922140279769183763754697630551359532648042323385770543962519167664237476981083978657671703511906412297267933627918029740725402760327997111
-361863244026899024009226.317809349545880846881023356271318863484251707548543530804546805307779310920844355006992993426465812874341475281194596600085899362059331940839119363577716542435473483708604761341741236118935806752134909038986887538364303045354431905606168183304665220868644895002366619704479659618048666
438350535109910969898058.401341326631484139885815600927996296795528815995892743374323558132421470972990532906353352090884362173044508503577262375840410167323480863331634841342425400445434100947845201742943032617329810654223680538367389132946091004590530728590797253741311472089541948392006829582357324615107681
-505198848294522195443110.954736800175200243893295418137984803055399335620191400227686213232342309642204698279094478425799839800777609260835449607997152872881709723518757064982485151406274215557266594858832189240500589356471355057024275867061980156444083943381237147953020404345205440283500275508210711119554954
558749732519755418412705.544997512531669296803561061463069299025483570510190235366111251568432255968959687360418630951988322602475114064823006103035192819763344279655607898771265994188276004927272863909104493325200744254036332776690074798190632914074694472924852525330714018768468254781881059602337951639789516
-570748577079946196834518.288969791701842217809105365574314316121354816107828253805496602700847268840092863451221608229679502594172867426078505674951625396063310081834130464430492631521663302752158989737386387448456115538930567884938865297704041564572690934413646874096743299972610446235598500985410527792083767
534131446503258153157872.379462459490319272664339059492162154668103976387260228304233015670338416775110186426071738843272049141731419907726205814677839848799522476030286655411286763853520650985346151247711384034361547448053188868272936714345261892017229186518404898091457975526251160828367538634576310529850926
-433761863866591414984247.682217588194886508259838923876320561871749205269385313376029255929145922872123310718738787368363219495449292683101362158844741817394067094259252234091556308049560771695062850367222334926305723844067658525402355051193361609857057059286244923001673611400785275488898258364051045463697629
294225396858732408503469.974114839406597661218033541856914567028001939391957161644796197260092767169069815444795383214897781675235365344537648237078550957443195235695098852044975417240072249434603996288173904954510079249451375242656776324651803336061852176897119068705630240676950565622260064527899631903667147
-146134904262847389011376.77233759931999239975891366146841280848137151086987055621959106578281082721927602846311438052174586311874669271690453036467266048669040844840162737762417992622523548404613035611347135268541803455899145943229941324789766216566963187486724757860702640417185180619515854590611085883242005
43861587553081037575820.1216831766700953658488030755143867769917752255230213539604809283376824714287522104789812113119932650603577609943429382455664533066359177578407431648953939461701996925496560380294258649738959178154662569297725285748283404071997981002213200941884247080786407601516108164894034306691966217
0
0
0
0
0
0
0
0
0
0
0
0
0
0
0
0
0
0
0
0
0
0
0
0
0
0
0
0
0
528292383369662231135097.146838915856546833097264258940969156126620016635587591027398393107547376270002315810852336806132301575146003143848060103967026092702581598718832567694919298298750322632146424905933077661673018021729586884149298160637108718915987584142745663005342331956645231276045709661644950962125132
-797578710855524845536019.397583315943183171592863558836377805833054249456447288920494584806539158596663000767345780874501907301630785801080964308542040472082947918897360391568598591487076327477210227274696664837716785789328372939908600456155480582765731480024823837037787534766362673244049597504631460405900044
480513926139131546731594.861884689149282466578248477971541642837769380382214830383122141645688832056052984678493727593355805096976569137841587935894208021068943202329184857703896078895577771289888304997491015441913740567005454961175471989676403774009635439866659908596025924500970222216492197857127630275951122
-400034267225559991568318.672707795916051504736807820224698221065311320676777518058059523628244140367083212919369829014774010193093277940148736271266255543111307053322260817319398455017905251559453364351741672350880707692969074985170354838443801686060940850165533001973522407949102167316293955570930814558274526
370456816100053040423049.759073253620047923446933193966491121750879748126248756217097929707235865497361485934080444687342455889270518606284712512543238830750737972345683705409757027617206962064502892012607040901302980178535861996170230754528081546613278783973323049295588970857478223805691901602981033287486474
-365794912243882447647295.225562717199113036349462203604439204264965420968494434788715641287081319088707109707789395769326179217993666884446344150433290310119610744216881494150546629655199075191933109557018771501118722350698082747718603231068160763528443737653590605749556503839537820066491806434438343304367606
378745670401399126197388.87943288037887444136106087193991603028609439558056521576866479737341135168132383183347513951349060436177375215253412313209076911942649959808421604460623070678056521312505026372064811894666554527816910558713488648135822157031583794645088825603992477796118867381798229605751641742443006
-407589778729296467108256.600415538568886875354191668479255084401332950095993407803555313358562266333784467594276840755863624541115250856268543794099146297641739421206092847005653195232899599569043825280905874875906258549563920378875085359804011619678997993733709461709162258991107274236340743843089551936039463
453301602385089963438128.254897103611770813475946544978175531234033887407344428485775086498499013827057513793427426929960062615134974598433465414176754489939887603293308250261654630475627008371679520822666268381168577991718779512718363477419841174560717974873336052299488203003610383926052479744440919161706088
-518778402904912889408855.272892048737687917083084582955492965359792801264478338732317603201165278322821526118816780545504748537930050348539078721089449739529848274229269156242475776770137289199261329616820854132593107631256095609988337320710363929664793613890822755488176254038755874935356245964939774054464212
608741931351546938129426.977043718492434650760211657979317766596162743616555859981147144480683703307847364548428820651454633263532907194812322384023232587429396610451075551149120748261839349081240858450990383990611612514778095199613994659349533713595614923743990772383261524530057302118389117274379701425450794
-729919356516190570514705.202061529679925853006600214996573490744382140046092952019333519302911109519820117943798431180774997476177292254417795083958691999579640249685701731735438119814573768723833544672651638262807320645395954794511445294328521138750464253483714932397490494701736229991758408364680676817075244
891336005663880012557236.455043827843065599934519265217454065605572973611704322997814763111414480114257654055520647543887493506951807125876120191393998713864269923016504297199645422855813010162763938895741049705952823436525355200325897112965509572688268401295037718659654983718560818887505344347362122856053688
-1104570132317206956139903.40212594692398471497700072203426023379089484718345842224069982801891015588015745283259310524221351054504089153292990178141257960376144091224474815306098011936730440069555730312150750600655140006719087504134264088579039540222988701421044184616035200593535074197358883038224180275466552
1383740032282198693449530.79297471584736462521402995050592774144082711908698141509879558653496179565831275422490497515066562330570096252951211872912081845270625758525108305039285301930192594501639669532817677640605483946549390789813779618485245979113246552463496183508128973776017076937912206840302664151631378
-1744830437058878800449025.78034599037112290720683333127056790269392651257332415796692039673248929352249969376984456225436418101071495164405165276384146877185060642859590689338304762387761443955031425036454401912084205169989935623796544537302837484860550910023960760492650278487068535031203629396555351558568752
2203721544976213412985312.78162004835945947182277613290945197642284093951323406356169208783195099565325195193089377383914890355278909192327365901739429121128398127460660645761578245689696202448219623713702618882992624330546125828376899598542229031811067965322436316520709776745197061404511945343685514271806434
-2772003429480033430065380.05724993923857317917208476213229553428328793828889888157042084845284778022124487680925452802011485908000571077918553299567334844497589259346912455754311006863539673004049995882141368694351685303411428422317940287916722203145722270209272804556947006082895807014318160307265379062469692
3449496676199796359442044.74501243654600259227323386287623910834405911998488527294905512646653539726296619599696787691676513572090651894577034666017455792266941911176844512713356651860853804188236017971278442720827942016379324510782881369114106174007121386442590378798961702612517456962945557597227063939593555
-4212731656764502713462198.4701345045315512548043210595092865570655405738435272969733908123611687140501302852556871450690138822793787497374449124196992332944083595632008688566190589192741765398240277062138174755124935869450623584325615512680088382162637862340135215440591922579164551131881970144497981256133912
5000149695535648911763839.17890306520623707624175067739241135435759035665490942861397128429732931604170768539630810198869740348107424115204704139958945347837920220746013272796789422180180943708037889118099802284678031363242703321297213347030744391909476263233410065023705956304832008257786549782141325705416527
-5698369885020189276388927.73395401089805041366759797403384315327220921218592387134987366163893210888610575852275483427230046636628929821427522758122146269797119300441888916594578252679487871686278752350475503386040245013871562484640501580567070650784074224734283989650577018846591877976432086999500905914537196
6139888826943719688709660.21536401161633522710449505318773498546639613780035732573106380123229772994819147684202940578931246030001582973799439417466410731781983447891495366264995052415610065036708934434741680443687431759044868378292201700281498388288394880132552890720923856282670667353785876059671281685209924
-6129017629101348546814069.02634232216616780829606461954665373574815615184593453870293058864135119811661835225788194426173765329047142333352636181410465562909165601490494156783970895868331803201557306488997630727809449406824384909443744094042585248394699194866432899663306021532316418180907553736117064197413063
5512383381082494063648344.40428048236435829801464321372991414123089340975020648482243458980819593667697181907026140344846053726205114467980292964454689989095767382993938027470061579741707553777039817649244890039657812785333462944431273723757278719561290259264637064558362807408528830622462415262615941196110601
-4289513151330826231599051.60808695555795105008374470158793827264844429137379919612894190126141924221354188568211462696304745128638902462028049500716237580048457640268726463806445403658204479766609499057619672501678061566255583091742932010308168906332672521183554183601219849602154926514651619073769824189244528
2708299091234563413061606.50352553710527878720302802074197221799786778995693152784651689261019564875515775086014533707943862370673877414477778568897803646307056789551239746361381084546040154848619708153784855825692248552985416506731487292632184447641778822664194836498226677026042737794484369544474561600769397
-1233613920711582986664679.5039288453967115818787510485502839015577385120894631792773148239672995163219746221542241846463887381741105665189158935392363465650847087822064770095842529208920986319020266285627653985561397086193040006708137596601518292015908090193834397901984930291178518938940797713593146753305515
304117419487446169927877.015139947113084730734161938510166134980107119972497415782328878055697787205421697745723488469770036055545314021040871771510241815113159167760675862999019042412233775900813845550080271184248119211575289749934871531154422081485049970419944868529861756864268877925887599227032114593050376
0
0
0
0
0
0
0
0
0
0
0
0
0
0
0
0
0
0
0
0
0
0
0
0
0
0
0
0
0
0
0
0
0
0
0
0
0
0
0
0
0
0
0
0
0
0
0
0
0
0
0
0
0
0
0
0
0
0
41878270835298826652887.6365064274202991317736826381598052341728834992506721264066104628208651939603581092213974683747212034925129021022194354962946953571172706681179015016821789829632874796416211388616489394883991707076535984116958121776145370683033638033831192861516172876081654105349079520935530871562924116
-62763584342701094136213.159196452742800481906088381087894930110915977652017632678035648784032101262780910167132466049263302866839442187810821712396981086288090875884097021858117607821026953380932417584095094896416308241116501739506952993613150917204340937863227737318716453645188336922701682676023831587203205
41565133126866560783257.5711529011973784474680660945634464827131892370312302174484180242682552419747058431811900132780219414569348860459866447297685263890843925686532615013023962518379229034379451156353556788247835726841711667709793690303314095661811817877345569444965517357528983527438761811675833156556347563
-29794303084455968550945.1135145045272113078293749521952981877939759441625173030153463279169034011730151695610498142003735972649403136280504013151809610395677042482815587814040128935902592026638883575981850753829002882972784716729773696419140985947905834963070681283779619346370007899081053268198417322144948119
33812463785852328394603.5335196813115809424679737567000441339558401187923712083251423816356487138140511959797513436910380664421954031932929152545735624557528317513782436665373191184899955947530476121007092908979624738905784295296649438230087464436265282500846406990614195848600673045258645382962258187445961686
-26944638340286149030668.8087428946713687296158573965152772852771319499349012307457756623606830923191761852473054615947826231908988617819737844537942313381712403255344669852364821417985264007022543637349495427170989377764374882879180879096511421170815161545730673454569419986217831849985122777770247403950031607
34445002637444535572454.9858066013299519093511375242331003362350838778245427390945738965363735039844704964059291301504522316880660497891088694283576150392201668299609826884186824093776582120488793824320329602647796656943533618155974954725547150078391094459297203941667025010177056201776950153896929507217153842
-30734271149084684297997.1028350404162692453081678207541266900637125140459467887042297012235937282007900336333008226195186713987962643260645417026192495360129599614232253511236838996766287703502114540516874318445951527869785721149869684476032091015562596833668029240658655611930600854758923631961472632504059236
40238099154426410243769.2800755813493911919133442976501480338283341382200231313200526522206055247469555883804409944327180128314990429712664719544290248869397016004460221849433745550157627253765616018736426664033363629257830879512957591236848859388163044847371960538592442453251134895971450285215544014236704904
-40303452054746313449399.7444616587853297660765999846792184820476272772753270656054503759754089753050075236687934854094659694527794271151606320072703441642938871921573901283712794267288984457173855913820790312563427593862442643771885425858876149861765801697464969904737329836193270317205311150663938436902096182
52741219382591129793831.1847276400783007145817278033274068456073756716451639347444099024849688450785687612763611776712943942951669714914758007584807007510378489327404216480758295472139081168774827626209078586540319518653744522950822361695283600957984612318420775418436190875975588142711138963622487648783248456
-58155469398598003706218.4871701433106701468644833015955720094322621880201044127923708671072626119113580800666304567063970657077144670787413696286408057329703890783916119986999901575107823674664628402845724598064307144418795482314837831068318547350975252604332935134102189716655236611877798841025285349630319577
75958183162272831369812.2296627323020827018508071845863801433299711080334548633236219404633922516813761168205562043385875465417761202010586617251311118485695703798272057880800069533763386833511007864240506478243706430483308881383525863310783458906765093087188578312579976822344062925726278146820162727604406435
-89742979408197847808826.3035004103506178068438759231171402583274384431565233201984825528819683128943265336352117654531632933983605106980746445377425677403513235821384326991415678619604387169336005302356924191813505983373014161902383571942328947979376619446412951368007320568774566117331768513185485424963644423
117083770986648632829601.923164657977721039181166428274824669920429424015526609195805136816799713899338514045138793962347993936593688801679472416139556895951043784662528325242561040797056561251978949368455482239450490907690130511764651124383228553408463972005601127397194564525816843398961782822127659609480747
-144126443485683401717177.633608382118098768242802324273904267544401873146263278301125217058055824016521373861738302699598864622002869376124225376773069126111759428978711215302698902177069845057782985201744504276608897054748508943257013853833055792953478985424623080861106259384550518905178155518153764210318173
186850932752826232366056.885539637398098313408868397216815305774321171471856182769079526967216770070838267977628868316074927212265241768868645358618594257121810559375855708899727775199171751688889584644561029057568071732341174914279892467561484656668744365920767842205069209790932147417680701385518160873026194
-232946727393859731749536.008441186151551943283076185654168826098013081874602094743724935176427714275543041999241326645688905913497161560055592446477420398526107396497656012283774992776965832486266256403597698496064413896357348425797264393146106168871350267986524067911868666175441582863345461945920203108377669
295798014155913755918752.048500054092057266446499863725954605172414089446064957188106846923343806694428169839210206991857663338555368260435703475335715493569023183226003484922140279769183763754697630551359532648042323385770543962519167664237476981083978657671703511906412297267933627918029740725402760327997111
-361863244026899024009226.317809349545880846881023356271318863484251707548543530804546805307779310920844355006992993426465812874341475281194596600085899362059331940839119363577716542435473483708604761341741236118935806752134909038986887538364303045354431905606168183304665220868644895002366619704479659618048666
438350535109910969898058.401341326631484139885815600927996296795528815995892743374323558132421470972990532906353352090884362173044508503577262375840410167323480863331634841342425400445434100947845201742943032617329810654223680538367389132946091004590530728590797253741311472089541948392006829582357324615107681
-505198848294522195443110.954736800175200243893295418137984803055399335620191400227686213232342309642204698279094478425799839800777609260835449607997152872881709723518757064982485151406274215557266594858832189240500589356471355057024275867061980156444083943381237147953020404345205440283500275508210711119554954
558749732519755418412705.544997512531669296803561061463069299025483570510190235366111251568432255968959687360418630951988322602475114064823006103035192819763344279655607898771265994188276004927272863909104493325200744254036332776690074798190632914074694472924852525330714018768468254781881059602337951639789516
-570748577079946196834518.288969791701842217809105365574314316121354816107828253805496602700847268840092863451221608229679502594172867426078505674951625396063310081834130464430492631521663302752158989737386387448456115538930567884938865297704041564572690934413646874096743299972610446235598500985410527792083767
534131446503258153157872.379462459490319272664339059492162154668103976387260228304233015670338416775110186426071738843272049141731419907726205814677839848799522476030286655411286763853520650985346151247711384034361547448053188868272936714345261892017229186518404898091457975526251160828367538634576310529850926
-433761863866591414984247.682217588194886508259838923876320561871749205269385313376029255929145922872123310718738787368363219495449292683101362158844741817394067094259252234091556308049560771695062850367222334926305723844067658525402355051193361609857057059286244923001673611400785275488898258364051045463697629
294225396858732408503469.974114839406597661218033541856914567028001939391957161644796197260092767169069815444795383214897781675235365344537648237078550957443195235695098852044975417240072249434603996288173904954510079249451375242656776324651803336061852176897119068705630240676950565622260064527899631903667147
-146134904262847389011376.77233759931999239975891366146841280848137151086987055621959106578281082721927602846311438052174586311874669271690453036467266048669040844840162737762417992622523548404613035611347135268541803455899145943229941324789766216566963187486724757860702640417185180619515854590611085883242005
43861587553081037575820.1216831766700953658488030755143867769917752255230213539604809283376824714287522104789812113119932650603577609943429382455664533066359177578407431648953939461701996925496560380294258649738959178154662569297725285748283404071997981002213200941884247080786407601516108164894034306691966217
