222 1
44636292906286598473568.1137092079397380776194535969639919779223042264875731591883315304672179227875437844692780438474848725928611192886765756903886868757633232717417139838557061020239064748740987057348835262577971264093376654103994642518601784455803431899323283876881589146877285658035308010046657077984992483
-66944586256169080380001.8906003458744772144798382347619877679550435262299822987747431495695047820298930096532337213957889865289550901148995922244189781170808366901386546888250447268987547140673106830014894595186105922901580003198218941499605453828626017359698419036537236891811548003928454175906870712629041561
43083453984126278324364.3311007400383324764724248314056454005129245118028778962764046840897122705371399502758348240642038321282472523423742998185924294137512366720544865302845451848485122349946682228218086996480839226546075011884728341890857238482374973264157635273163749652146037493921321003283066809671009565
-31534315947625104230437.4133210085828306576865107702196846839135358291006878669317375542942198146327165230657574805278531314986391750095874240895715213378937478762777516738614886956733459194202976514659341354518876903404511560195216009605948134700675729359269249160235052318539927883943477577468031401113982385
33986535751444543541154.4347582468568266123275710413665460605591629444976436025277400344412518745594330195319197912660849760270579414441596391198952614829405231028693212458721274719792169508711565430778249535477832968401605787966694187165975758771616717250298322553954032248137400529877768011125583764895024154
-27310518565373080286994.6626916854255416054333542928991713557699835235532245515546236314940082246616442923687466763744923013897290136609880485622974050756692438705353884032126535195415375203012491823627091417050741894038284025536314852259605378162752085814725180627630195315597670918007681127884691543623811713
33400860876858057529963.720168768209425214038333310162189329189956292104220831325914315775648979873035067079888108056574518367539787113605289701300484823065991143242118742411388357092266290238632231185865985309891186738344850221535356553226080240260716208519016910689580038820326568833259949864447542200270153
-29244916140868134275818.2628036392585583090949525802938488328067479176322811245437129693967762482540367717992655888136962342733662746866115223543158021167126029867712122328540309807097720287531987495987653367723851989663307328421963588854323309996078113216696874624751612583548394130218898620712538835198275349
37085975511410638411964.8914195968628613639954931563786297113234711481576358321155759119631508796534818348947163881149086852812159217354330863741685337945236692392874013513561294174655677724717476157414150901566574615738682569926870787820761140743582673128901893954436251496072131609112243487670052118097111775
-35751902431083158561477.7313138867792300418849754517056947279236485255404026169141597521198844451889733734900512320207753625069065833446066834296077650086499586420499339227986321964235014260781276772528783096874977852781382758078794626078381391547776655883174983999950156791231716906152465662558879605846585122
45631842194196822373198.134117571995830616222647378013447109054404801976293977812715798856304182009266255506753118735326525425143928237972006328341006930723436672829504636421099925461038021295616854281780322165510846722159309230360052189131568307209997299478011026053101578079314767432836538919041887328979552
-48084637551324054869397.4627697140620321831620327075764611614844185297025591217734013941928627513942908280517520922767733655619143206274801807303941985821651581482583151338532845188204237563246030150834870336785904118047985771573708365016603296640709284376060831081685857773140817677052770917300921253488728048
61477793875341836804105.9800880594450665257554212826319335840913459820582693800840787103643633529898381671646294416530871294000641415503543233014127159661545025746024559385011870656284698434657435310577962334938326228918976344455448778983793346782722410593422660832073769069239714019606207303719474893277754014
-69703181731730986979918.770339055930072396571126537901866215329755726713507672408459505802482704755529931581073065197851121650603918196622470621004241718899530385157475069403883751355176432723872959576110974562346031733135577737259063418181420261206079012091715361383656609129137782709562827197859961728643667
89528052236481202216983.1494611301278581069479663864990590202042488088107161133508422274990535211095075624226840795990891433260600621975839136860106562969717309666956992347062278405065296237814354716723653900375004221581855481911611955008799810668010990460416210172813661525006823431227073946629503867783745601
-107305260517255614540060.185176240913347507379033536170904577301930945116010022101657865824077669249490617078395895745117450484927731630369153476763267172945831856056342202749273700426105735393835440281413814424051016454156420396581386566120177112428107755520962854556688425881972460572020556463247116266179959
138828890298102562451826.98976267736911719966372029537927890647927791988462346178377208588294975329458056678606435438985696107099052764152512807075785003857148090145019055100967661753695497480853952169897805960174609524837707359672684543818471222235371839600678415787009775514285425430486120642674562890331167
-172975915935850334898471.194943333307881868382883230779145025630279419121626774897162637351446078883895151048106275133820601204176224683851928508855432477864141823388796230667944552678612646613751985688778519825160213313442583936311466993076767820628863195524435597009108156519630819152947230488328353551105917
225276967218890097579841.976706119607616994353971181549307061436600444522258780358364230809750386946678188219588507743899213338195139627711964255407162114986621885473621937766083637270255860362427194157265665073432345447335151400423844158322847533868198347883915118858247130316965845711100289187671451319872288
-287282920091249406250470.467277545036321195054984631999224837028583390104289161359519806485602784298327109049386908163030413172828595852212999511135662346655610178351262884629211499355560392793159615218262712013387538224436768338954888788609702226429914021244779422625786284798192521649638003704880016051569075
374786912386607482876139.769231941041330363355506165901476501313491340905198577574519530132444183657074287796854946347294734257536561807237174795458876195455327350521992053566910662011080533832222782402441750520602972275942721591226326190878905492441277747298971096256044537145966542653851428900412723768409865
-481744718853695434181639.002987048105755452870533118876975439199060228637229131602662875392852413437672133492017579288410525443877039876614983603381682993201157477407992565067246610509977049384238407654109289234248705635354632497229130435958956283684454418778187029716848888091135829437549288217646563221119055
623639013321953405901177.510620920482872375732933083645297266586784191377234338182184262406909267874840430861590039386697248994923174290361461505091780225565179848257331640292005590967882850812673642324384630730332490425227387421853709437366574765161286009576810520170197428143714195632724608974538970294897636
-794642426286025829536530.841481978968610161078355559971158040662793560473956270337277386780964483965786274688657948001386512260071204093758818780194763130920330387315275442615005364391070953562324652272848102827999526825708070897311894229900170233693817919354172228628957154772678742928630622715492024061129189
1006093958932150331796252.90614999209853715072206074095359070499710962665009152696290633764416672657172364074683242284209629895588556699106930430497086124563262332908887079450521805077292983246774978192728880163021515675635099254390953853627345836220253559443421229514005521242751600478623886817475524600225609
-1245545167917238815778090.9207905059353669056709855380393175160576665821627412259900105397453349345025949041951277198243359044506366918625929363141705763649473344968825826830532056356397760210544836515191012079563186837378348866456182449732642779193819529978879777773785918995616720864709152860789872568183607
1510486590084583679900265.26447158949292754923243906341737334530396533052297315088906787160993989220599739910689413882705647172534199032673485620977625342991632975188878567264190669134984941841839833576252328524198576305440024335980635043341560290288689345709520045350979574632025941939707272241516418239660726
-1769439591405119823021138.16286702360928587128179148181616468412550819073243201325995574925179679894091510895058494512939227480340718708733978201837686427923622771517667099615016384595624340851616651007904065216783610303152741527222420080415503789976845726763855942531515882818564378462121371732301571745635553
1994184703488986991411421.60329264820976718978483761231288508228288743962616768248300055092627725217160860094970662442557896830783828640141791193614013195277338970858455237738983370831536910466751450372737043259609727722799109199485130164704038666710787744298462866843633295653134579758310176659933900602586715
-2128592962795005152038004.92172871532065218506014131152682995821627298677910362228805986482447131075544480322429924542673895141295644944764688902006378480375940172657310093660400884467983826566219517712526490887272521097282889503032426293064244710068492999889881305729746952511026419935043543584597736839117536
2129224742878224487597238.97661774509280352382322916691452523411620226315635615148424360852558296091257669296456731327556557687315888718660141557202108738534865111870095354192290088741633210767364647973723202924049240065173668819456522144171010899139787132331958434469113327182956981165369358315199664615591731
-1951799950501251312507487.32832392680753676936656844526086606962375869134719823390483766606512375577003470013363440582724241948001012850315987679865706822498888910333987193002321203795828689670121825059316017140647264454025930951070780004004436628920440108735603925453162084056640332168123552322964791295424558
1603919944148422759690099.5321852147947277981968922479269917274913736123230209658106622295865291708740248022261864827999601187473168316324324642026631193432396685542488065329134433130645578006381064185734904197274800944180277832179191102016550004116844732508488011299016328336587138734184334665428250710899967
-1133933254532937458022967.53451395079564348975317790783518000929493150269507816344827604139644942024145922430086636582124359246269009947711426416092349104875235071539124945123871394732075979869726776031487270766168308722385565691072247169341791932050109765142012580992344946296553192450820696831523118888747172
654211037950849604957176.263585980488089114680228324252074326424960950219939880078216657258216418734482246573463435320730023227175166568908652484856423854637179051314813547628872840254736881489904243789113613189125063785329866594982880039389066787561825683085530331192917452353427943906023392822315841476712874
-274461265811258461575186.356487874881824775619854318038577471503726118046126275076507338729723210558555964286076373053735138380220179400378264066262366256399524167826676736452757863706929992525967525208307158595283822085659260079800913916824298124762996915520561193369336345191047160136375172512517293557282846
66370959315761108903397.5662901130654611388192410491747736373884839366462487022412524169125368886708381678621652130439875270822832250374801847970571976272688429787614817667550420442341099405562686521443230072806512896990012871916941304847975752297802753698607470707026623126032010997159926855877878445427184825
0
0
0
0
0
0
0
0
0
0
0
0
0
0
0
0
0
0
0
0
0
0
0
0
0
0
0
0
0
0
0
0
0
0
0
0
0
44636292906286598473568.1137092079397380776194535969639919779223042264875731591883315304672179227875437844692780438474848725928611192886765756903886868757633232717417139838557061020239064748740987057348835262577971264093376654103994642518601784455803431899323283876881589146877285658035308010046657077984992483
-66944586256169080380001.8906003458744772144798382347619877679550435262299822987747431495695047820298930096532337213957889865289550901148995922244189781170808366901386546888250447268987547140673106830014894595186105922901580003198218941499605453828626017359698419036537236891811548003928454175906870712629041561
43083453984126278324364.3311007400383324764724248314056454005129245118028778962764046840897122705371399502758348240642038321282472523423742998185924294137512366720544865302845451848485122349946682228218086996480839226546075011884728341890857238482374973264157635273163749652146037493921321003283066809671009565
-31534315947625104230437.4133210085828306576865107702196846839135358291006878669317375542942198146327165230657574805278531314986391750095874240895715213378937478762777516738614886956733459194202976514659341354518876903404511560195216009605948134700675729359269249160235052318539927883943477577468031401113982385
33986535751444543541154.4347582468568266123275710413665460605591629444976436025277400344412518745594330195319197912660849760270579414441596391198952614829405231028693212458721274719792169508711565430778249535477832968401605787966694187165975758771616717250298322553954032248137400529877768011125583764895024154
-27310518565373080286994.6626916854255416054333542928991713557699835235532245515546236314940082246616442923687466763744923013897290136609880485622974050756692438705353884032126535195415375203012491823627091417050741894038284025536314852259605378162752085814725180627630195315597670918007681127884691543623811713
33400860876858057529963.720168768209425214038333310162189329189956292104220831325914315775648979873035067079888108056574518367539787113605289701300484823065991143242118742411388357092266290238632231185865985309891186738344850221535356553226080240260716208519016910689580038820326568833259949864447542200270153
-29244916140868134275818.2628036392585583090949525802938488328067479176322811245437129693967762482540367717992655888136962342733662746866115223543158021167126029867712122328540309807097720287531987495987653367723851989663307328421963588854323309996078113216696874624751612583548394130218898620712538835198275349
37085975511410638411964.8914195968628613639954931563786297113234711481576358321155759119631508796534818348947163881149086852812159217354330863741685337945236692392874013513561294174655677724717476157414150901566574615738682569926870787820761140743582673128901893954436251496072131609112243487670052118097111775
-35751902431083158561477.7313138867792300418849754517056947279236485255404026169141597521198844451889733734900512320207753625069065833446066834296077650086499586420499339227986321964235014260781276772528783096874977852781382758078794626078381391547776655883174983999950156791231716906152465662558879605846585122
45631842194196822373198.134117571995830616222647378013447109054404801976293977812715798856304182009266255506753118735326525425143928237972006328341006930723436672829504636421099925461038021295616854281780322165510846722159309230360052189131568307209997299478011026053101578079314767432836538919041887328979552
-48084637551324054869397.4627697140620321831620327075764611614844185297025591217734013941928627513942908280517520922767733655619143206274801807303941985821651581482583151338532845188204237563246030150834870336785904118047985771573708365016603296640709284376060831081685857773140817677052770917300921253488728048
61477793875341836804105.9800880594450665257554212826319335840913459820582693800840787103643633529898381671646294416530871294000641415503543233014127159661545025746024559385011870656284698434657435310577962334938326228918976344455448778983793346782722410593422660832073769069239714019606207303719474893277754014
-69703181731730986979918.770339055930072396571126537901866215329755726713507672408459505802482704755529931581073065197851121650603918196622470621004241718899530385157475069403883751355176432723872959576110974562346031733135577737259063418181420261206079012091715361383656609129137782709562827197859961728643667
89528052236481202216983.1494611301278581069479663864990590202042488088107161133508422274990535211095075624226840795990891433260600621975839136860106562969717309666956992347062278405065296237814354716723653900375004221581855481911611955008799810668010990460416210172813661525006823431227073946629503867783745601
-107305260517255614540060.185176240913347507379033536170904577301930945116010022101657865824077669249490617078395895745117450484927731630369153476763267172945831856056342202749273700426105735393835440281413814424051016454156420396581386566120177112428107755520962854556688425881972460572020556463247116266179959
138828890298102562451826.98976267736911719966372029537927890647927791988462346178377208588294975329458056678606435438985696107099052764152512807075785003857148090145019055100967661753695497480853952169897805960174609524837707359672684543818471222235371839600678415787009775514285425430486120642674562890331167
-172975915935850334898471.194943333307881868382883230779145025630279419121626774897162637351446078883895151048106275133820601204176224683851928508855432477864141823388796230667944552678612646613751985688778519825160213313442583936311466993076767820628863195524435597009108156519630819152947230488328353551105917
225276967218890097579841.976706119607616994353971181549307061436600444522258780358364230809750386946678188219588507743899213338195139627711964255407162114986621885473621937766083637270255860362427194157265665073432345447335151400423844158322847533868198347883915118858247130316965845711100289187671451319872288
-287282920091249406250470.467277545036321195054984631999224837028583390104289161359519806485602784298327109049386908163030413172828595852212999511135662346655610178351262884629211499355560392793159615218262712013387538224436768338954888788609702226429914021244779422625786284798192521649638003704880016051569075
374786912386607482876139.769231941041330363355506165901476501313491340905198577574519530132444183657074287796854946347294734257536561807237174795458876195455327350521992053566910662011080533832222782402441750520602972275942721591226326190878905492441277747298971096256044537145966542653851428900412723768409865
-481744718853695434181639.002987048105755452870533118876975439199060228637229131602662875392852413437672133492017579288410525443877039876614983603381682993201157477407992565067246610509977049384238407654109289234248705635354632497229130435958956283684454418778187029716848888091135829437549288217646563221119055
623639013321953405901177.510620920482872375732933083645297266586784191377234338182184262406909267874840430861590039386697248994923174290361461505091780225565179848257331640292005590967882850812673642324384630730332490425227387421853709437366574765161286009576810520170197428143714195632724608974538970294897636
-794642426286025829536530.841481978968610161078355559971158040662793560473956270337277386780964483965786274688657948001386512260071204093758818780194763130920330387315275442615005364391070953562324652272848102827999526825708070897311894229900170233693817919354172228628957154772678742928630622715492024061129189
1006093958932150331796252.90614999209853715072206074095359070499710962665009152696290633764416672657172364074683242284209629895588556699106930430497086124563262332908887079450521805077292983246774978192728880163021515675635099254390953853627345836220253559443421229514005521242751600478623886817475524600225609
-1245545167917238815778090.9207905059353669056709855380393175160576665821627412259900105397453349345025949041951277198243359044506366918625929363141705763649473344968825826830532056356397760210544836515191012079563186837378348866456182449732642779193819529978879777773785918995616720864709152860789872568183607
1510486590084583679900265.26447158949292754923243906341737334530396533052297315088906787160993989220599739910689413882705647172534199032673485620977625342991632975188878567264190669134984941841839833576252328524198576305440024335980635043341560290288689345709520045350979574632025941939707272241516418239660726
-1769439591405119823021138.16286702360928587128179148181616468412550819073243201325995574925179679894091510895058494512939227480340718708733978201837686427923622771517667099615016384595624340851616651007904065216783610303152741527222420080415503789976845726763855942531515882818564378462121371732301571745635553
1994184703488986991411421.60329264820976718978483761231288508228288743962616768248300055092627725217160860094970662442557896830783828640141791193614013195277338970858455237738983370831536910466751450372737043259609727722799109199485130164704038666710787744298462866843633295653134579758310176659933900602586715
-2128592962795005152038004.92172871532065218506014131152682995821627298677910362228805986482447131075544480322429924542673895141295644944764688902006378480375940172657310093660400884467983826566219517712526490887272521097282889503032426293064244710068492999889881305729746952511026419935043543584597736839117536
2129224742878224487597238.97661774509280352382322916691452523411620226315635615148424360852558296091257669296456731327556557687315888718660141557202108738534865111870095354192290088741633210767364647973723202924049240065173668819456522144171010899139787132331958434469113327182956981165369358315199664615591731
-1951799950501251312507487.32832392680753676936656844526086606962375869134719823390483766606512375577003470013363440582724241948001012850315987679865706822498888910333987193002321203795828689670121825059316017140647264454025930951070780004004436628920440108735603925453162084056640332168123552322964791295424558
1603919944148422759690099.5321852147947277981968922479269917274913736123230209658106622295865291708740248022261864827999601187473168316324324642026631193432396685542488065329134433130645578006381064185734904197274800944180277832179191102016550004116844732508488011299016328336587138734184334665428250710899967
-1133933254532937458022967.53451395079564348975317790783518000929493150269507816344827604139644942024145922430086636582124359246269009947711426416092349104875235071539124945123871394732075979869726776031487270766168308722385565691072247169341791932050109765142012580992344946296553192450820696831523118888747172
654211037950849604957176.263585980488089114680228324252074326424960950219939880078216657258216418734482246573463435320730023227175166568908652484856423854637179051314813547628872840254736881489904243789113613189125063785329866594982880039389066787561825683085530331192917452353427943906023392822315841476712874
-274461265811258461575186.356487874881824775619854318038577471503726118046126275076507338729723210558555964286076373053735138380220179400378264066262366256399524167826676736452757863706929992525967525208307158595283822085659260079800913916824298124762996915520561193369336345191047160136375172512517293557282846
66370959315761108903397.5662901130654611388192410491747736373884839366462487022412524169125368886708381678621652130439875270822832250374801847970571976272688429787614817667550420442341099405562686521443230072806512896990012871916941304847975752297802753698607470707026623126032010997159926855877878445427184825
0
0
0
0
0
0
0
0
0
0
0
0
0
0
0
0
0
0
0
0
0
0
0
0
0
0
0
0
0
0
0
0
0
0
0
0
0
0
0
0
0
0
0
0
0
0
0
0
0
0
0
0
0
0
0
0
0
0
0
0
0
0
0
0
0
0
0
0
0
0
0
0
0
0
44636292906286598473568.1137092079397380776194535969639919779223042264875731591883315304672179227875437844692780438474848725928611192886765756903886868757633232717417139838557061020239064748740987057348835262577971264093376654103994642518601784455803431899323283876881589146877285658035308010046657077984992483
-66944586256169080380001.8906003458744772144798382347619877679550435262299822987747431495695047820298930096532337213957889865289550901148995922244189781170808366901386546888250447268987547140673106830014894595186105922901580003198218941499605453828626017359698419036537236891811548003928454175906870712629041561
43083453984126278324364.3311007400383324764724248314056454005129245118028778962764046840897122705371399502758348240642038321282472523423742998185924294137512366720544865302845451848485122349946682228218086996480839226546075011884728341890857238482374973264157635273163749652146037493921321003283066809671009565
-31534315947625104230437.4133210085828306576865107702196846839135358291006878669317375542942198146327165230657574805278531314986391750095874240895715213378937478762777516738614886956733459194202976514659341354518876903404511560195216009605948134700675729359269249160235052318539927883943477577468031401113982385
33986535751444543541154.4347582468568266123275710413665460605591629444976436025277400344412518745594330195319197912660849760270579414441596391198952614829405231028693212458721274719792169508711565430778249535477832968401605787966694187165975758771616717250298322553954032248137400529877768011125583764895024154
-27310518565373080286994.6626916854255416054333542928991713557699835235532245515546236314940082246616442923687466763744923013897290136609880485622974050756692438705353884032126535195415375203012491823627091417050741894038284025536314852259605378162752085814725180627630195315597670918007681127884691543623811713
33400860876858057529963.720168768209425214038333310162189329189956292104220831325914315775648979873035067079888108056574518367539787113605289701300484823065991143242118742411388357092266290238632231185865985309891186738344850221535356553226080240260716208519016910689580038820326568833259949864447542200270153
-29244916140868134275818.2628036392585583090949525802938488328067479176322811245437129693967762482540367717992655888136962342733662746866115223543158021167126029867712122328540309807097720287531987495987653367723851989663307328421963588854323309996078113216696874624751612583548394130218898620712538835198275349
37085975511410638411964.8914195968628613639954931563786297113234711481576358321155759119631508796534818348947163881149086852812159217354330863741685337945236692392874013513561294174655677724717476157414150901566574615738682569926870787820761140743582673128901893954436251496072131609112243487670052118097111775
-35751902431083158561477.7313138867792300418849754517056947279236485255404026169141597521198844451889733734900512320207753625069065833446066834296077650086499586420499339227986321964235014260781276772528783096874977852781382758078794626078381391547776655883174983999950156791231716906152465662558879605846585122
45631842194196822373198.134117571995830616222647378013447109054404801976293977812715798856304182009266255506753118735326525425143928237972006328341006930723436672829504636421099925461038021295616854281780322165510846722159309230360052189131568307209997299478011026053101578079314767432836538919041887328979552
-48084637551324054869397.4627697140620321831620327075764611614844185297025591217734013941928627513942908280517520922767733655619143206274801807303941985821651581482583151338532845188204237563246030150834870336785904118047985771573708365016603296640709284376060831081685857773140817677052770917300921253488728048
61477793875341836804105.9800880594450665257554212826319335840913459820582693800840787103643633529898381671646294416530871294000641415503543233014127159661545025746024559385011870656284698434657435310577962334938326228918976344455448778983793346782722410593422660832073769069239714019606207303719474893277754014
-69703181731730986979918.770339055930072396571126537901866215329755726713507672408459505802482704755529931581073065197851121650603918196622470621004241718899530385157475069403883751355176432723872959576110974562346031733135577737259063418181420261206079012091715361383656609129137782709562827197859961728643667
89528052236481202216983.1494611301278581069479663864990590202042488088107161133508422274990535211095075624226840795990891433260600621975839136860106562969717309666956992347062278405065296237814354716723653900375004221581855481911611955008799810668010990460416210172813661525006823431227073946629503867783745601
-107305260517255614540060.185176240913347507379033536170904577301930945116010022101657865824077669249490617078395895745117450484927731630369153476763267172945831856056342202749273700426105735393835440281413814424051016454156420396581386566120177112428107755520962854556688425881972460572020556463247116266179959
138828890298102562451826.98976267736911719966372029537927890647927791988462346178377208588294975329458056678606435438985696107099052764152512807075785003857148090145019055100967661753695497480853952169897805960174609524837707359672684543818471222235371839600678415787009775514285425430486120642674562890331167
-172975915935850334898471.194943333307881868382883230779145025630279419121626774897162637351446078883895151048106275133820601204176224683851928508855432477864141823388796230667944552678612646613751985688778519825160213313442583936311466993076767820628863195524435597009108156519630819152947230488328353551105917
225276967218890097579841.976706119607616994353971181549307061436600444522258780358364230809750386946678188219588507743899213338195139627711964255407162114986621885473621937766083637270255860362427194157265665073432345447335151400423844158322847533868198347883915118858247130316965845711100289187671451319872288
-287282920091249406250470.467277545036321195054984631999224837028583390104289161359519806485602784298327109049386908163030413172828595852212999511135662346655610178351262884629211499355560392793159615218262712013387538224436768338954888788609702226429914021244779422625786284798192521649638003704880016051569075
374786912386607482876139.769231941041330363355506165901476501313491340905198577574519530132444183657074287796854946347294734257536561807237174795458876195455327350521992053566910662011080533832222782402441750520602972275942721591226326190878905492441277747298971096256044537145966542653851428900412723768409865
-481744718853695434181639.002987048105755452870533118876975439199060228637229131602662875392852413437672133492017579288410525443877039876614983603381682993201157477407992565067246610509977049384238407654109289234248705635354632497229130435958956283684454418778187029716848888091135829437549288217646563221119055
623639013321953405901177.510620920482872375732933083645297266586784191377234338182184262406909267874840430861590039386697248994923174290361461505091780225565179848257331640292005590967882850812673642324384630730332490425227387421853709437366574765161286009576810520170197428143714195632724608974538970294897636
-794642426286025829536530.841481978968610161078355559971158040662793560473956270337277386780964483965786274688657948001386512260071204093758818780194763130920330387315275442615005364391070953562324652272848102827999526825708070897311894229900170233693817919354172228628957154772678742928630622715492024061129189
1006093958932150331796252.90614999209853715072206074095359070499710962665009152696290633764416672657172364074683242284209629895588556699106930430497086124563262332908887079450521805077292983246774978192728880163021515675635099254390953853627345836220253559443421229514005521242751600478623886817475524600225609
-1245545167917238815778090.9207905059353669056709855380393175160576665821627412259900105397453349345025949041951277198243359044506366918625929363141705763649473344968825826830532056356397760210544836515191012079563186837378348866456182449732642779193819529978879777773785918995616720864709152860789872568183607
1510486590084583679900265.26447158949292754923243906341737334530396533052297315088906787160993989220599739910689413882705647172534199032673485620977625342991632975188878567264190669134984941841839833576252328524198576305440024335980635043341560290288689345709520045350979574632025941939707272241516418239660726
-1769439591405119823021138.16286702360928587128179148181616468412550819073243201325995574925179679894091510895058494512939227480340718708733978201837686427923622771517667099615016384595624340851616651007904065216783610303152741527222420080415503789976845726763855942531515882818564378462121371732301571745635553
1994184703488986991411421.60329264820976718978483761231288508228288743962616768248300055092627725217160860094970662442557896830783828640141791193614013195277338970858455237738983370831536910466751450372737043259609727722799109199485130164704038666710787744298462866843633295653134579758310176659933900602586715
-2128592962795005152038004.92172871532065218506014131152682995821627298677910362228805986482447131075544480322429924542673895141295644944764688902006378480375940172657310093660400884467983826566219517712526490887272521097282889503032426293064244710068492999889881305729746952511026419935043543584597736839117536
2129224742878224487597238.97661774509280352382322916691452523411620226315635615148424360852558296091257669296456731327556557687315888718660141557202108738534865111870095354192290088741633210767364647973723202924049240065173668819456522144171010899139787132331958434469113327182956981165369358315199664615591731
-1951799950501251312507487.32832392680753676936656844526086606962375869134719823390483766606512375577003470013363440582724241948001012850315987679865706822498888910333987193002321203795828689670121825059316017140647264454025930951070780004004436628920440108735603925453162084056640332168123552322964791295424558
1603919944148422759690099.5321852147947277981968922479269917274913736123230209658106622295865291708740248022261864827999601187473168316324324642026631193432396685542488065329134433130645578006381064185734904197274800944180277832179191102016550004116844732508488011299016328336587138734184334665428250710899967
-1133933254532937458022967.53451395079564348975317790783518000929493150269507816344827604139644942024145922430086636582124359246269009947711426416092349104875235071539124945123871394732075979869726776031487270766168308722385565691072247169341791932050109765142012580992344946296553192450820696831523118888747172
654211037950849604957176.263585980488089114680228324252074326424960950219939880078216657258216418734482246573463435320730023227175166568908652484856423854637179051314813547628872840254736881489904243789113613189125063785329866594982880039389066787561825683085530331192917452353427943906023392822315841476712874
-274461265811258461575186.356487874881824775619854318038577471503726118046126275076507338729723210558555964286076373053735138380220179400378264066262366256399524167826676736452757863706929992525967525208307158595283822085659260079800913916824298124762996915520561193369336345191047160136375172512517293557282846
66370959315761108903397.5662901130654611388192410491747736373884839366462487022412524169125368886708381678621652130439875270822832250374801847970571976272688429787614817667550420442341099405562686521443230072806512896990012871916941304847975752297802753698607470707026623126032010997159926855877878445427184825
