174 1
41878270835298826652887.6365064274202991317736826381598052341728834992506721264066104628208651939603581092213974683747212034925129021022194354962946953571172706681179015016821789829632874796416211388616489394883991707076535984116958121776145370683033638033831192861516172876081654105349079520935530871562924116
-62763584342701094136213.159196452742800481906088381087894930110915977652017632678035648784032101262780910167132466049263302866839442187810821712396981086288090875884097021858117607821026953380932417584095094896416308241116501739506952993613150917204340937863227737318716453645188336922701682676023831587203205
41565133126866560783257.5711529011973784474680660945634464827131892370312302174484180242682552419747058431811900132780219414569348860459866447297685263890843925686532615013023962518379229034379451156353556788247835726841711667709793690303314095661811817877345569444965517357528983527438761811675833156556347563
-29794303084455968550945.1135145045272113078293749521952981877939759441625173030153463279169034011730151695610498142003735972649403136280504013151809610395677042482815587814040128935902592026638883575981850753829002882972784716729773696419140985947905834963070681283779619346370007899081053268198417322144948119
33812463785852328394603.5335196813115809424679737567000441339558401187923712083251423816356487138140511959797513436910380664421954031932929152545735624557528317513782436665373191184899955947530476121007092908979624738905784295296649438230087464436265282500846406990614195848600673045258645382962258187445961686
-26944638340286149030668.8087428946713687296158573965152772852771319499349012307457756623606830923191761852473054615947826231908988617819737844537942313381712403255344669852364821417985264007022543637349495427170989377764374882879180879096511421170815161545730673454569419986217831849985122777770247403950031607
34445002637444535572454.9858066013299519093511375242331003362350838778245427390945738965363735039844704964059291301504522316880660497891088694283576150392201668299609826884186824093776582120488793824320329602647796656943533618155974954725547150078391094459297203941667025010177056201776950153896929507217153842
-30734271149084684297997.1028350404162692453081678207541266900637125140459467887042297012235937282007900336333008226195186713987962643260645417026192495360129599614232253511236838996766287703502114540516874318445951527869785721149869684476032091015562596833668029240658655611930600854758923631961472632504059236
40238099154426410243769.2800755813493911919133442976501480338283341382200231313200526522206055247469555883804409944327180128314990429712664719544290248869397016004460221849433745550157627253765616018736426664033363629257830879512957591236848859388163044847371960538592442453251134895971450285215544014236704904
-40303452054746313449399.7444616587853297660765999846792184820476272772753270656054503759754089753050075236687934854094659694527794271151606320072703441642938871921573901283712794267288984457173855913820790312563427593862442643771885425858876149861765801697464969904737329836193270317205311150663938436902096182
52741219382591129793831.1847276400783007145817278033274068456073756716451639347444099024849688450785687612763611776712943942951669714914758007584807007510378489327404216480758295472139081168774827626209078586540319518653744522950822361695283600957984612318420775418436190875975588142711138963622487648783248456
-58155469398598003706218.4871701433106701468644833015955720094322621880201044127923708671072626119113580800666304567063970657077144670787413696286408057329703890783916119986999901575107823674664628402845724598064307144418795482314837831068318547350975252604332935134102189716655236611877798841025285349630319577
75958183162272831369812.2296627323020827018508071845863801433299711080334548633236219404633922516813761168205562043385875465417761202010586617251311118485695703798272057880800069533763386833511007864240506478243706430483308881383525863310783458906765093087188578312579976822344062925726278146820162727604406435
-89742979408197847808826.3035004103506178068438759231171402583274384431565233201984825528819683128943265336352117654531632933983605106980746445377425677403513235821384326991415678619604387169336005302356924191813505983373014161902383571942328947979376619446412951368007320568774566117331768513185485424963644423
117083770986648632829601.923164657977721039181166428274824669920429424015526609195805136816799713899338514045138793962347993936593688801679472416139556895951043784662528325242561040797056561251978949368455482239450490907690130511764651124383228553408463972005601127397194564525816843398961782822127659609480747
-144126443485683401717177.633608382118098768242802324273904267544401873146263278301125217058055824016521373861738302699598864622002869376124225376773069126111759428978711215302698902177069845057782985201744504276608897054748508943257013853833055792953478985424623080861106259384550518905178155518153764210318173
186850932752826232366056.885539637398098313408868397216815305774321171471856182769079526967216770070838267977628868316074927212265241768868645358618594257121810559375855708899727775199171751688889584644561029057568071732341174914279892467561484656668744365920767842205069209790932147417680701385518160873026194
-232946727393859731749536.008441186151551943283076185654168826098013081874602094743724935176427714275543041999241326645688905913497161560055592446477420398526107396497656012283774992776965832486266256403597698496064413896357348425797264393146106168871350267986524067911868666175441582863345461945920203108377669
295798014155913755918752.048500054092057266446499863725954605172414089446064957188106846923343806694428169839210206991857663338555368260435703475335715493569023183226003484922140279769183763754697630551359532648042323385770543962519167664237476981083978657671703511906412297267933627918029740725402760327997111
-361863244026899024009226.317809349545880846881023356271318863484251707548543530804546805307779310920844355006992993426465812874341475281194596600085899362059331940839119363577716542435473483708604761341741236118935806752134909038986887538364303045354431905606168183304665220868644895002366619704479659618048666
438350535109910969898058.401341326631484139885815600927996296795528815995892743374323558132421470972990532906353352090884362173044508503577262375840410167323480863331634841342425400445434100947845201742943032617329810654223680538367389132946091004590530728590797253741311472089541948392006829582357324615107681
-505198848294522195443110.954736800175200243893295418137984803055399335620191400227686213232342309642204698279094478425799839800777609260835449607997152872881709723518757064982485151406274215557266594858832189240500589356471355057024275867061980156444083943381237147953020404345205440283500275508210711119554954
558749732519755418412705.544997512531669296803561061463069299025483570510190235366111251568432255968959687360418630951988322602475114064823006103035192819763344279655607898771265994188276004927272863909104493325200744254036332776690074798190632914074694472924852525330714018768468254781881059602337951639789516
-570748577079946196834518.288969791701842217809105365574314316121354816107828253805496602700847268840092863451221608229679502594172867426078505674951625396063310081834130464430492631521663302752158989737386387448456115538930567884938865297704041564572690934413646874096743299972610446235598500985410527792083767
534131446503258153157872.379462459490319272664339059492162154668103976387260228304233015670338416775110186426071738843272049141731419907726205814677839848799522476030286655411286763853520650985346151247711384034361547448053188868272936714345261892017229186518404898091457975526251160828367538634576310529850926
-433761863866591414984247.682217588194886508259838923876320561871749205269385313376029255929145922872123310718738787368363219495449292683101362158844741817394067094259252234091556308049560771695062850367222334926305723844067658525402355051193361609857057059286244923001673611400785275488898258364051045463697629
294225396858732408503469.974114839406597661218033541856914567028001939391957161644796197260092767169069815444795383214897781675235365344537648237078550957443195235695098852044975417240072249434603996288173904954510079249451375242656776324651803336061852176897119068705630240676950565622260064527899631903667147
-146134904262847389011376.77233759931999239975891366146841280848137151086987055621959106578281082721927602846311438052174586311874669271690453036467266048669040844840162737762417992622523548404613035611347135268541803455899145943229941324789766216566963187486724757860702640417185180619515854590611085883242005
43861587553081037575820.1216831766700953658488030755143867769917752255230213539604809283376824714287522104789812113119932650603577609943429382455664533066359177578407431648953939461701996925496560380294258649738959178154662569297725285748283404071997981002213200941884247080786407601516108164894034306691966217
0
0
0
0
0
0
0
0
0
0
0
0
0
0
0
0
0
0
0
0
0
0
0
0
0
0
0
0
0
41878270835298826652887.6365064274202991317736826381598052341728834992506721264066104628208651939603581092213974683747212034925129021022194354962946953571172706681179015016821789829632874796416211388616489394883991707076535984116958121776145370683033638033831192861516172876081654105349079520935530871562924116
-62763584342701094136213.159196452742800481906088381087894930110915977652017632678035648784032101262780910167132466049263302866839442187810821712396981086288090875884097021858117607821026953380932417584095094896416308241116501739506952993613150917204340937863227737318716453645188336922701682676023831587203205
41565133126866560783257.5711529011973784474680660945634464827131892370312302174484180242682552419747058431811900132780219414569348860459866447297685263890843925686532615013023962518379229034379451156353556788247835726841711667709793690303314095661811817877345569444965517357528983527438761811675833156556347563
-29794303084455968550945.1135145045272113078293749521952981877939759441625173030153463279169034011730151695610498142003735972649403136280504013151809610395677042482815587814040128935902592026638883575981850753829002882972784716729773696419140985947905834963070681283779619346370007899081053268198417322144948119
33812463785852328394603.5335196813115809424679737567000441339558401187923712083251423816356487138140511959797513436910380664421954031932929152545735624557528317513782436665373191184899955947530476121007092908979624738905784295296649438230087464436265282500846406990614195848600673045258645382962258187445961686
-26944638340286149030668.8087428946713687296158573965152772852771319499349012307457756623606830923191761852473054615947826231908988617819737844537942313381712403255344669852364821417985264007022543637349495427170989377764374882879180879096511421170815161545730673454569419986217831849985122777770247403950031607
34445002637444535572454.9858066013299519093511375242331003362350838778245427390945738965363735039844704964059291301504522316880660497891088694283576150392201668299609826884186824093776582120488793824320329602647796656943533618155974954725547150078391094459297203941667025010177056201776950153896929507217153842
-30734271149084684297997.1028350404162692453081678207541266900637125140459467887042297012235937282007900336333008226195186713987962643260645417026192495360129599614232253511236838996766287703502114540516874318445951527869785721149869684476032091015562596833668029240658655611930600854758923631961472632504059236
40238099154426410243769.2800755813493911919133442976501480338283341382200231313200526522206055247469555883804409944327180128314990429712664719544290248869397016004460221849433745550157627253765616018736426664033363629257830879512957591236848859388163044847371960538592442453251134895971450285215544014236704904
-40303452054746313449399.7444616587853297660765999846792184820476272772753270656054503759754089753050075236687934854094659694527794271151606320072703441642938871921573901283712794267288984457173855913820790312563427593862442643771885425858876149861765801697464969904737329836193270317205311150663938436902096182
52741219382591129793831.1847276400783007145817278033274068456073756716451639347444099024849688450785687612763611776712943942951669714914758007584807007510378489327404216480758295472139081168774827626209078586540319518653744522950822361695283600957984612318420775418436190875975588142711138963622487648783248456
-58155469398598003706218.4871701433106701468644833015955720094322621880201044127923708671072626119113580800666304567063970657077144670787413696286408057329703890783916119986999901575107823674664628402845724598064307144418795482314837831068318547350975252604332935134102189716655236611877798841025285349630319577
75958183162272831369812.2296627323020827018508071845863801433299711080334548633236219404633922516813761168205562043385875465417761202010586617251311118485695703798272057880800069533763386833511007864240506478243706430483308881383525863310783458906765093087188578312579976822344062925726278146820162727604406435
-89742979408197847808826.3035004103506178068438759231171402583274384431565233201984825528819683128943265336352117654531632933983605106980746445377425677403513235821384326991415678619604387169336005302356924191813505983373014161902383571942328947979376619446412951368007320568774566117331768513185485424963644423
117083770986648632829601.923164657977721039181166428274824669920429424015526609195805136816799713899338514045138793962347993936593688801679472416139556895951043784662528325242561040797056561251978949368455482239450490907690130511764651124383228553408463972005601127397194564525816843398961782822127659609480747
-144126443485683401717177.633608382118098768242802324273904267544401873146263278301125217058055824016521373861738302699598864622002869376124225376773069126111759428978711215302698902177069845057782985201744504276608897054748508943257013853833055792953478985424623080861106259384550518905178155518153764210318173
186850932752826232366056.885539637398098313408868397216815305774321171471856182769079526967216770070838267977628868316074927212265241768868645358618594257121810559375855708899727775199171751688889584644561029057568071732341174914279892467561484656668744365920767842205069209790932147417680701385518160873026194
-232946727393859731749536.008441186151551943283076185654168826098013081874602094743724935176427714275543041999241326645688905913497161560055592446477420398526107396497656012283774992776965832486266256403597698496064413896357348425797264393146106168871350267986524067911868666175441582863345461945920203108377669
295798014155913755918752.048500054092057266446499863725954605172414089446064957188106846923343806694428169839210206991857663338555368260435703475335715493569023183226003484922140279769183763754697630551359532648042323385770543962519167664237476981083978657671703511906412297267933627918029740725402760327997111
-361863244026899024009226.317809349545880846881023356271318863484251707548543530804546805307779310920844355006992993426465812874341475281194596600085899362059331940839119363577716542435473483708604761341741236118935806752134909038986887538364303045354431905606168183304665220868644895002366619704479659618048666
438350535109910969898058.401341326631484139885815600927996296795528815995892743374323558132421470972990532906353352090884362173044508503577262375840410167323480863331634841342425400445434100947845201742943032617329810654223680538367389132946091004590530728590797253741311472089541948392006829582357324615107681
-505198848294522195443110.954736800175200243893295418137984803055399335620191400227686213232342309642204698279094478425799839800777609260835449607997152872881709723518757064982485151406274215557266594858832189240500589356471355057024275867061980156444083943381237147953020404345205440283500275508210711119554954
558749732519755418412705.544997512531669296803561061463069299025483570510190235366111251568432255968959687360418630951988322602475114064823006103035192819763344279655607898771265994188276004927272863909104493325200744254036332776690074798190632914074694472924852525330714018768468254781881059602337951639789516
-570748577079946196834518.288969791701842217809105365574314316121354816107828253805496602700847268840092863451221608229679502594172867426078505674951625396063310081834130464430492631521663302752158989737386387448456115538930567884938865297704041564572690934413646874096743299972610446235598500985410527792083767
534131446503258153157872.379462459490319272664339059492162154668103976387260228304233015670338416775110186426071738843272049141731419907726205814677839848799522476030286655411286763853520650985346151247711384034361547448053188868272936714345261892017229186518404898091457975526251160828367538634576310529850926
-433761863866591414984247.682217588194886508259838923876320561871749205269385313376029255929145922872123310718738787368363219495449292683101362158844741817394067094259252234091556308049560771695062850367222334926305723844067658525402355051193361609857057059286244923001673611400785275488898258364051045463697629
294225396858732408503469.974114839406597661218033541856914567028001939391957161644796197260092767169069815444795383214897781675235365344537648237078550957443195235695098852044975417240072249434603996288173904954510079249451375242656776324651803336061852176897119068705630240676950565622260064527899631903667147
-146134904262847389011376.77233759931999239975891366146841280848137151086987055621959106578281082721927602846311438052174586311874669271690453036467266048669040844840162737762417992622523548404613035611347135268541803455899145943229941324789766216566963187486724757860702640417185180619515854590611085883242005
43861587553081037575820.1216831766700953658488030755143867769917752255230213539604809283376824714287522104789812113119932650603577609943429382455664533066359177578407431648953939461701996925496560380294258649738959178154662569297725285748283404071997981002213200941884247080786407601516108164894034306691966217
0
0
0
0
0
0
0
0
0
0
0
0
0
0
0
0
0
0
0
0
0
0
0
0
0
0
0
0
0
0
0
0
0
0
0
0
0
0
0
0
0
0
0
0
0
0
0
0
0
0
0
0
0
0
0
0
0
0
41878270835298826652887.6365064274202991317736826381598052341728834992506721264066104628208651939603581092213974683747212034925129021022194354962946953571172706681179015016821789829632874796416211388616489394883991707076535984116958121776145370683033638033831192861516172876081654105349079520935530871562924116
-62763584342701094136213.159196452742800481906088381087894930110915977652017632678035648784032101262780910167132466049263302866839442187810821712396981086288090875884097021858117607821026953380932417584095094896416308241116501739506952993613150917204340937863227737318716453645188336922701682676023831587203205
41565133126866560783257.5711529011973784474680660945634464827131892370312302174484180242682552419747058431811900132780219414569348860459866447297685263890843925686532615013023962518379229034379451156353556788247835726841711667709793690303314095661811817877345569444965517357528983527438761811675833156556347563
-29794303084455968550945.1135145045272113078293749521952981877939759441625173030153463279169034011730151695610498142003735972649403136280504013151809610395677042482815587814040128935902592026638883575981850753829002882972784716729773696419140985947905834963070681283779619346370007899081053268198417322144948119
33812463785852328394603.5335196813115809424679737567000441339558401187923712083251423816356487138140511959797513436910380664421954031932929152545735624557528317513782436665373191184899955947530476121007092908979624738905784295296649438230087464436265282500846406990614195848600673045258645382962258187445961686
-26944638340286149030668.8087428946713687296158573965152772852771319499349012307457756623606830923191761852473054615947826231908988617819737844537942313381712403255344669852364821417985264007022543637349495427170989377764374882879180879096511421170815161545730673454569419986217831849985122777770247403950031607
34445002637444535572454.9858066013299519093511375242331003362350838778245427390945738965363735039844704964059291301504522316880660497891088694283576150392201668299609826884186824093776582120488793824320329602647796656943533618155974954725547150078391094459297203941667025010177056201776950153896929507217153842
-30734271149084684297997.1028350404162692453081678207541266900637125140459467887042297012235937282007900336333008226195186713987962643260645417026192495360129599614232253511236838996766287703502114540516874318445951527869785721149869684476032091015562596833668029240658655611930600854758923631961472632504059236
40238099154426410243769.2800755813493911919133442976501480338283341382200231313200526522206055247469555883804409944327180128314990429712664719544290248869397016004460221849433745550157627253765616018736426664033363629257830879512957591236848859388163044847371960538592442453251134895971450285215544014236704904
-40303452054746313449399.7444616587853297660765999846792184820476272772753270656054503759754089753050075236687934854094659694527794271151606320072703441642938871921573901283712794267288984457173855913820790312563427593862442643771885425858876149861765801697464969904737329836193270317205311150663938436902096182
52741219382591129793831.1847276400783007145817278033274068456073756716451639347444099024849688450785687612763611776712943942951669714914758007584807007510378489327404216480758295472139081168774827626209078586540319518653744522950822361695283600957984612318420775418436190875975588142711138963622487648783248456
-58155469398598003706218.4871701433106701468644833015955720094322621880201044127923708671072626119113580800666304567063970657077144670787413696286408057329703890783916119986999901575107823674664628402845724598064307144418795482314837831068318547350975252604332935134102189716655236611877798841025285349630319577
75958183162272831369812.2296627323020827018508071845863801433299711080334548633236219404633922516813761168205562043385875465417761202010586617251311118485695703798272057880800069533763386833511007864240506478243706430483308881383525863310783458906765093087188578312579976822344062925726278146820162727604406435
-89742979408197847808826.3035004103506178068438759231171402583274384431565233201984825528819683128943265336352117654531632933983605106980746445377425677403513235821384326991415678619604387169336005302356924191813505983373014161902383571942328947979376619446412951368007320568774566117331768513185485424963644423
117083770986648632829601.923164657977721039181166428274824669920429424015526609195805136816799713899338514045138793962347993936593688801679472416139556895951043784662528325242561040797056561251978949368455482239450490907690130511764651124383228553408463972005601127397194564525816843398961782822127659609480747
-144126443485683401717177.633608382118098768242802324273904267544401873146263278301125217058055824016521373861738302699598864622002869376124225376773069126111759428978711215302698902177069845057782985201744504276608897054748508943257013853833055792953478985424623080861106259384550518905178155518153764210318173
186850932752826232366056.885539637398098313408868397216815305774321171471856182769079526967216770070838267977628868316074927212265241768868645358618594257121810559375855708899727775199171751688889584644561029057568071732341174914279892467561484656668744365920767842205069209790932147417680701385518160873026194
-232946727393859731749536.008441186151551943283076185654168826098013081874602094743724935176427714275543041999241326645688905913497161560055592446477420398526107396497656012283774992776965832486266256403597698496064413896357348425797264393146106168871350267986524067911868666175441582863345461945920203108377669
295798014155913755918752.048500054092057266446499863725954605172414089446064957188106846923343806694428169839210206991857663338555368260435703475335715493569023183226003484922140279769183763754697630551359532648042323385770543962519167664237476981083978657671703511906412297267933627918029740725402760327997111
-361863244026899024009226.317809349545880846881023356271318863484251707548543530804546805307779310920844355006992993426465812874341475281194596600085899362059331940839119363577716542435473483708604761341741236118935806752134909038986887538364303045354431905606168183304665220868644895002366619704479659618048666
438350535109910969898058.401341326631484139885815600927996296795528815995892743374323558132421470972990532906353352090884362173044508503577262375840410167323480863331634841342425400445434100947845201742943032617329810654223680538367389132946091004590530728590797253741311472089541948392006829582357324615107681
-505198848294522195443110.954736800175200243893295418137984803055399335620191400227686213232342309642204698279094478425799839800777609260835449607997152872881709723518757064982485151406274215557266594858832189240500589356471355057024275867061980156444083943381237147953020404345205440283500275508210711119554954
558749732519755418412705.544997512531669296803561061463069299025483570510190235366111251568432255968959687360418630951988322602475114064823006103035192819763344279655607898771265994188276004927272863909104493325200744254036332776690074798190632914074694472924852525330714018768468254781881059602337951639789516
-570748577079946196834518.288969791701842217809105365574314316121354816107828253805496602700847268840092863451221608229679502594172867426078505674951625396063310081834130464430492631521663302752158989737386387448456115538930567884938865297704041564572690934413646874096743299972610446235598500985410527792083767
534131446503258153157872.379462459490319272664339059492162154668103976387260228304233015670338416775110186426071738843272049141731419907726205814677839848799522476030286655411286763853520650985346151247711384034361547448053188868272936714345261892017229186518404898091457975526251160828367538634576310529850926
-433761863866591414984247.682217588194886508259838923876320561871749205269385313376029255929145922872123310718738787368363219495449292683101362158844741817394067094259252234091556308049560771695062850367222334926305723844067658525402355051193361609857057059286244923001673611400785275488898258364051045463697629
294225396858732408503469.974114839406597661218033541856914567028001939391957161644796197260092767169069815444795383214897781675235365344537648237078550957443195235695098852044975417240072249434603996288173904954510079249451375242656776324651803336061852176897119068705630240676950565622260064527899631903667147
-146134904262847389011376.77233759931999239975891366146841280848137151086987055621959106578281082721927602846311438052174586311874669271690453036467266048669040844840162737762417992622523548404613035611347135268541803455899145943229941324789766216566963187486724757860702640417185180619515854590611085883242005
43861587553081037575820.1216831766700953658488030755143867769917752255230213539604809283376824714287522104789812113119932650603577609943429382455664533066359177578407431648953939461701996925496560380294258649738959178154662569297725285748283404071997981002213200941884247080786407601516108164894034306691966217
