12 1
10525451933571.9781495743904637008364534525632828006285546817594508669343122486265344137623101855702702749892632131008944094304202612416115645867977334369955931924283046582421456389277498006908199009582233178667272419081550836650521329914680688995724243302503282093160321562295077509995608291053547968978223286
-5156464751924950.21434746904666083786308654549129425181869586260554836565849291348678524890924227677421026982122840959816881905945632779048910070237254431533050174269510014734111732921532411733313907692290624687570975546691924923768960794152521064757188177443870537276328620661220370577749289832356185334853139
1.27470959616387842242992275603450811131403532348454994960906466243045301508037235088235794814759349009633317989941059689332129240076171717677834197627677119423398714305552627937196055837208380282532865997374014788293551426798948206690960185225381025242960563415025227710386888054850467929871380004124850159977e-40
3.03257846396773915518662510294010273968640726691896723716708770615593961457542911057127305732904801089305979484316363040306158830051586295812499059563244963624755598350678166177214609720473643539039161849548804638489222359279738155301749336652335481082264002644229763674340552374226988955206275440235394883212e-39
2.18130200752509035920233724262331279419586749088017709397360008503262600911627531006283422458687427956275620492090477845800909708582187249898847609404049708589407050055824882083545874895057491926849508269294648526839294788305195503805791885402884242547539134635818348266245145047354920561583289260448439904775e-42
-5.55120979002663493681789990674675144145737450776272367541200686039678313170443572420137504824902157915373729156433282462697112577747273455577583105372125095259770142137716783176054997717883617641523868634378709870605924223836633314334007118029757132438869647455303733571148158507712749445311813442238874585169e-42
5.65540977010115528626577211741004880356995216549106859310265361632936982123696720461617083429345977117587927424082125655620195770938325775109556540938992083216841982883842744792013275476126587538091942585977432907621526194871446002818791329916899971461558147262641352597831162397285986432403424616451292552169e-43
1.24189323415460125262995962124409655099588883501611889226313094655456259686677903120221412590791257533250694735899232230537918280409950556550504206789777759264007166782304376672756574697965688016708201382585560844698734791889796086681915941981409800664482867347780752046599046570855724953269524096654256035746e-52
-4.50037110335414304111671571377175523815882360163632866351819946089837617801416412351237528137753648642775370152654067165734339368710351613144306516758370161772190365302174466256704718453418512158791573313143146654496760314375140459985403381009673427896838794830242636539332173439641083262841758680683049918981e-51
2.87482985112518662814911213957205854568929334102158704182300965779104435224844025203045069630514176563645677239755452184995353026943742229238067795537420909847627582771355617095984533810871557257202576306919155078296918113523031701354208088283727560019277370296872753971485455634037755153398273659158912407408e-44
1.96958773908535679920780494313949381748966232993444892314753871084926272127252478847413480149469321093240416523212060713153194472133786076985920092942413845048382901483351887878838493812955758930131212194254423495554652366958684700736574368918527046510000358441403867661996919667008114930069634694219501968219e-58
-4.95722624506431659109830784745886343003082229717021587087823255543301226395183326971042712837666784301686086172593256515490646910715058065113414841436939297510937866682860969871602909271249024413074090259607399988705084589533770317052259250581179442982068532671899831858676955457573714278576937759337772344967e-69
