198 1
11269739736723395417454.4255478668718471457142876700015188665685134354404492626820004172510150661592625473998855445533403557707981357419781350186517049270539152165407179953139656768700247396399619263530186064388298556804024838201035405206953597635481555878585524968234657364928911011699537254928061343731947446
-16896477938149361563922.158445493054588962176557605054563427715987513621527444532624643076195200167893236296464085015791471159809749067180782090607303380672793288752009810736551299404945562819230200764893793703678062649065980332332819575031560989956580117057423981031146438163005067353947398976364031255344829
11022382927443250763455.7238636934976053675026226642717583864635139541220433009908448757184480131760582221869615794034948279083174974375513477676922600043047989844906650321437108361809537654655071652761066818364922398020055491015673112953127289208742205519223243009650278220428233094499092928413319979662120649
-7983100533964954976277.33057174567731673170783937499370460964584929444991703359519443770975717992943193745745773324052116921121287284498514979563589427207496392269211862135076766784175890969415965036944710478665592556310751466142487306396462228183887512810101992165640821847552433828324109542528993242879317646
8818663495673597384285.33021477817771911593974274799206228740407802960450217459488733527143085413860464146732469370944130771838129842888801635589068144355882927004276202002960822121003484911214672372117858670497178528512748088302558731212013831569451493490493023598086708551888570103296412419864359012789006957
-7045768267439925419353.49734836710331264797004053328480634840564014060120206844936883406258144841673712770900358252155556072596741651905477471064041413956567542517709353882464025441415779006007126050445243504264861125423460277448235700684374189748455518811824896729969188849549442264590271659340088047721427889
8808612374296849300408.92421934744955424889916737597773639482493070921071498705983199763489299871537548731769222188556100102644772903247741682015008334076146920672544499458076690906459126396803667240649246932037097995963953335639004113235783930197923665550582699854266716407803140332752539398987784709566963125
-7763625337714085851984.17670974758455711997510275249179845761029822615897582386567813901084848007016681029105481918091255293435733803835619550365841007732618605900830919709013364358161762148938550076127598418043122823256729903339541499130900695381094222314449868926952768988885189872257440811901604648295774908
10007388845674270938572.3966947886900889320719982711630310211966321074915127833074341722679224891138796830184703343550177843101427143276024851893585203642107770073370282335234118672423664346968357479591832564697453491212223390096042918668065322160885205613365564423051890319264268458927253535823737528428184354
-9805241581715906512615.18410683810961010654466459528233964964498193134116594263548259150887123811321640126498921028026472672023680259166970501952306867415969552164230827484868201199675711292576834854975343406415959213081821679027000915230231425904409799473461048455367253147273845694820402117164905191024022292
12678772743768385108854.3345148298963887859632624946861821261949924362256383582345187889020647668414826466703974647469537131460556859253698200237210796478662815558328807852481211538820530188416257076312939758052487290468305244223630784844479455048238064196237115816168271298168838357984607227912867367811113682
-13641252707183978805140.9958512552944123873721633893082317432268048788505774293143153073167571456643882737415951775100302233687303525123316969929345957063756520157254228886471705151936741535087298698338232853818420292477868635744981923616511488542870112797694153776296929869337239893081524687221643647901182979
17644137459262444090971.6264959723971928968343255150863137027518979063337087418956708567170632733337951384665588010019519240488342053712308644124366679157557374665251340400373226959797520167661673078278191915170276779386130408341398960338381810083222837097127529986943517801038586601028750237422116850399808925
-20423362031522463486638.0374144269379681606482418216697593341550401458656914924864938007878305721783922183669476060364247053171901021622985224436464915985241461896625030554401647694066451304076084852240997934637638817228390513245522312077045325355390862645021707646623984659703962709367435558213204018083649196
26498348129677103447595.1339792098899635402388546675619824302872794118106611313952835477487477128246638228152440957217989103099095884245286672206751102261326710665953461596992718231610825602358315605029919440351436122584371121337301293928728243155971430341206852179667286749292685663181489024424588680261367483
-32288844752906714251390.7752170849030007738962110365984330711367137228489215932620238808314454388103212702354095237192387633702681299245310817507167155392788158868205511289071102154800353597643350866545002198796101830011620371277297424531269895283300447246990501804711286266448517484319158001819675288670774554
42040878088424450560035.756408981384555631695312832558092667698030510913025586602383775429372516066354699401445149946748349785751773756491701908201668037755664989038069728536474626864727422548208367446226592267619567389155589849707211564465088967848588574574899396735253434686025059404095020821618281694804869
-52815154133658046911715.5277220456040418538284301811443511515759751156127077884581246573770471687174986454400418541930003594703697814677658496491252478223818817363482478037266077178524805992880595556801669760297737374536134101831448948878283416565926059547222562519439117401466788762322966394493245273010032574
68668542108099641405232.1804314110978084967489789963915041014422259605494958242780871140277516816011610859657463432512798736966579247218304367417197082763958662115060256417953361603291434771568887046496979345249434468580427867194214446214517151327672684005266473312379427960178996080481331738003769523643028807
-87127522873374940439241.0729430348602250346677334687922748426662240928858721019561601221429242492871931694757616367842473570469107267154995393365253407305912101349199874770354786082183245202715802560474632239059199723016661320284003394337572644446349638927196286717372973947306693368450552721915056148336892491
111834954823321351173735.982845065140063545781859503306409148060124134371277011440209236854917675117334903797352788380388808860565527041288002675639236657024727819752195641709781556489516826985881326547912621891396307334264255779983974717713350588615767075260106271325226027580267986194402141432889228333820095
-140121367276602036077463.976609866612269717138333857838682552232236311006829300267834714231572517483620886932267167129731440619177600223167262902347492713637417377793303496476712893650359663581116748423996357050098437261031517114072459925100989860393388695775061182443940834939207456399870178321542559728547521
174218993829425188783025.730937760161233681793930860625073322692890283685708082827062487178223871981677614739579544811684006677947887485115846919825635588256712325873545273800511922120245823248539980913354094775458143610000423183205057998414818782538982849361039343163405121144344638642563423033815292319262068
-209635213516692432949864.370643159196710766087182399321619642564104300806958533950422773748587336340894792699274513065090631632320995965437188533891885427099056701202459096372427595248618221345827489467124853932812571888851425418805033631599032311831540042051383468405008044354662608163232108340599519393455218
245219562698532779350936.905446409340665468928415356616635167047650124299578526544207193016561103548654163604776549762126886798954985378928500611851512223998990389018192992529182959316042174274708393342656757483730791712725015384812067883280250356486228413525401395595275695394428432925983736020361197214909331
-272672542722517510690182.507200133905802223325871059789505715204948622813116088979089967315390551893866444007293888919103595854453246646370678411796353869037388611277994291111310885858108964653009341351296025230695328249845294625774168245202091685937176139703500396836307877261850148297012790766962483784893143
286750306197992870171147.791784784238030404819185715647301712916520586209312119927222555337481885882078434346114580729605870958320436532632850313821718675959532711177951784571413796582393737568881031650672711101885290421393763842613572285694318277804828913399566812591572916064404247171774785260017887902814286
-277583522933637170415924.410241122806216182922332513938681505600086994019505045660983029891534115938643102602857285610573635646052510124111491577102858879997355184816523101574429301333288842694379319305036941960172303441868920839909384206337228932442782651567536455137959511722775921645046757985960990729741062
243016626700423244521103.397466484700404007010974177792525346576274263911706720175908994245523204517287601658820678855331988743360645039899862375038290963735560696983115876133958217920027940492823888148214109562465750889973037880643227009641260084468296299536916712603274964211742115482097711430483409162812023
-183886474092829447921849.082188308389035684377556724745667403374586707193524926482014642625009543302887413501013907369743483254415724025874354444073064645914487065767480904214353732067444279542060331319259668515974265377154151400539562698999264806140237086571343110908086593214457090348973523280635348035566216
114670102649002738884125.059155662932106623659343669126202827981009701268316623382410149604726850318061656103535647321189805463510098065312427012087790179144399238054950713914822260666125305076990240613986259530368546144998609774112899276193423212291163998264992957668261476555481291399390185806782416966582836
-52217228665415866950374.4765163786328216046821582464593008400521678184526439139505998936493935418323334241975830371103885697647040491789489940354538925668513552928122494760309905988329600144731136632058549750857229755654667656103655565155650279622609870057436869041496605037525688744262151794372146206462627317
14000665197364486654450.4060417789215596279300961630553966215916566485859685932780653477614558887469027255529407635477645882587987467092660985227547278328315218047441075309893894049063977805130448074627075456020595637052419572333536480474473439287972347557895974026781866227205670453975243199009834551522115576
0
0
0
0
0
0
0
0
0
0
0
0
0
0
0
0
0
0
0
0
0
0
0
0
0
0
0
0
0
0
0
0
0
76903650485323924844851.9160847177233207864742588911552482605835469900963963984736498167565336830233036285930302247360624531911627626618601377901865858395507461521720345278157081298121262663466352032593597607601445996425829599096476369128128559559638627255933909316230495214354752048955957800478582802873143297
-116018369746317658844154.327401336115671013046924458490888840177272936526714855959297737208257906819479494449430523264724223672399077993576185824152216057508314299946708246728416360814722625894415486281037219533255973840546493692407109831833626818015415522971070943319699491017633226532338525756759272753573048
69641815671069021915087.7252594266750349700199361756954477034849260591677920677602486616222383174946578599565393333873723774353191908405684709678829606448457561110493365137123798146315720458102861093635259861677025575342579933430542071672098756118054340531309806652743433626620996684160605762469537101542275591
-57601568514752123674717.3390626115788011201170456050785979861161687970630065369434843508069340424064676759672975546254490313730952681991736018466678960828497435467044162859572548185280598024693035650873113070658708847387971660945742435561047518834298188111274858503357783990491772609328373963528694384479700969
52852778100139185962969.4011704126358513572031215533904186901814311476612010622307792504635241977681053170445979976595639984985034582840951671874859144504953247073662397009114929681900361961807565293898057675127173140672054909577414114431758114745373323156948435890257341168316228346472937700686430114439633988
-51578253565772453303444.0767174908242092600827893430345502944682396284622191168574889181660498879567571719543226085861118815997325654212609769545027950346138736890024901361143522893080552775640572404150098463733110323326983404181092577244508913126332175047743233029703278430005398303594390065505491994670293833
52661842845648651951910.8229486557383914819765803645626413055985177046739428281169361561416843693903953524207957289985246801860425276887558247430491130814856211755769768115556474522423974077317267008617533400550032366168787705948765075852646431035323395801193020207401900294597032889657952018191519899693921269
-55777500308876349844467.6086834758768324864250649556788710707711724576378920706742824695352186798530788608454684552350061460433456048568596200464532670647963483171785541025664990616453830452159512139270261516106281497941818978448363963150069559442806811941399531584847232720561698636166925951826494853512307774
60962348090316316344766.5440846201556810088555965119580449629221420204343167844101418078470052621036640702559222662040537085882956625695132418478909994595509465684635144250638886188977828087764433484179299565459059670298528914526725791767858237528404502250206698415019199102785523058063861552325457326365404517
-68496812488271537082553.0218761195983832160771379185152163787954994727476298213433816104388976533632914978321810437932638945845428534432673862683376052290156841417349620027092802306117897455225462949005939320577217282201924431045902123848846156988859695505023691056292940968796283405907851960274819136541581459
78882780370274770151118.0132902953538572919183170030492473733744626532257874965476531418649487962201362350591987652992468493780584296830247077047319360005546207143345974758740868120090244382741467368504956097563751510918983642449356059355667969646654472886493102690245236231137324463562387363191651103702250056
-92866056352283414043531.6020344577458934207488614336408351536764498247875268076995675929060732370735958724302743367999256675601797562471900442936327708603388747232336270185619822853476887724042579093100973256891494866771815281841608564068170881762066448030800835472047814512671486440654523958317475072990407053
111486134414231280235233.719651948237953875757994896314812732573121617245948713558130777443460376080157233706447789427129590898244268684005717167040106445722074653768543158211397942580988318612135061089496819095062753476223480784685163408174353669192876689435753442931157889634801637840201248217542734543220683
-136145903047245203122820.754562818724633338012696916973485689895413978060290712065468684308523773945300915284820122377501462667080465271556674095009067647317497849154107864556976752520326060921500678268151672239095424814907474424390891385080313464211729164378625706652097059902752842483416820269154029634782376
168693868934670855401385.559183809656220339031369395166754264091071917891494594705719113894891858118451799130298855009251702734056439829572429366065794199986018604203813456731690352263008871364413782466699958758429417098952883400561785143072189098000402854492716461055215553282700784692181685761045296846384212
-211504878521751827176344.765928497684789102447013587219907032241916609516633900491127162610835102061628027302604467252524225179076048649557293540194786292361570529784038441927745385562066159774486845648160535107138437197649034221011082422175704251561585471444686651199278969831564232146790415576018244424626011
267531102956900968487744.766005579865898290521202467231912409567645691880882778560698159997328429442174436324437758913434813868642288130694435838825563223358616241163742736119849657924882517850068574482888287933363731514104346972283173176513153778104239053025793047787764082327634186905498275758906507081530866
-340270721575251096235824.562702765156308067299899244013280327907260828492684680258998692090163224824980992195041709654884253312291880074628223537446592519501894471240723137127097026494956013906023949065366731976676838303046443687169186121840138831732111880866837063655058875181860637427604771419751235767045
433565194580872813971702.497233409154404047650828768659399632448686016128795585201754637697355036602983420654861263673980903792047525764963928529553175116432628793194418044344053162642392954934070748477250422066305519872363863274120681633984052797288584149388176334716380815953244161719902257255498159922174321
-551089049184773306821943.286393242750660995211661739948711010265192007396759956305178176153578336884406569572408033526061325480496854674081471464204669957505762451903600931214676857030325170693896739370889685029479097355092605260354813333208375670820478618189243484907512914899578277128225349652272656075476935
695351277842111934529201.894920629214008234814290693831975199034639305177497270628548752474542854965819289541762687119532234766960479532774254174954728763391103528576925097692235534051233602119432022840161289001532527940081765012408875601142061942036606037601615722589449512714802796164923298818154922214404238
-866019546801843262499511.87281805528104816812735142532055979794416218674948158618923639002619805949643647170143903984174405970787263639540943945549119591428555164257460080688680621618821867192912599418219870683527454191161232794271273995123429737921495890911932694029004735073767681323018317516180480222087789
1057478424417338841540268.67935387281609246275266521805905892979064182212140685878533945226567493907358560130899324226994183298511244384849069541763175033743284818966104408978020811463235204510466216815119050964450709505912402280271622607695187365690080660936464933995773829916961539499070008161043020266854792
-1255853108617304406568143.77226599934563549635478857837492288770501458651569358054120060858262296537043582535626552656595098386520979528528915246706415825699175669999864465323000596003731630666101535550312725637689105955241900340443340969715782225236538097967639351772427997236647319383991819497718024419648857
1436390724532337467207585.63573724265632597094095171388128363541581510993766020312718722559417179558893507814998690476740717829204764498016776564312193045522886692062607731973893432747682323481098360660740553232475096116247296936431363582755246268367032406032958314718432478362351690554234851550960613077292565
-1563094469414285860468709.26671444125270255366724107539611541546845179137586844824285196083236225380495979648872902426571575938328631579791580866006988029893688844231278664942589847808740440926300154718657509701065164955025439171089696720581859559587631611378657397489885527374055265196744368675252105782842815
1593470806391943676320719.60716941433434886463338559930284085049105603463781960509629153679576989945206358984288590031162402378000137840497310362402253951621134346834385452905743598742123827709070643879685183618557133068808169374358631721907430286613751003910891019752618170967315185298864731600366711508289759
-1491077120355463902207696.11152315553789192531500813581459285162172230917122778587892757270124779128028663582758120875708001633631138355240265899564771075214605390613635436325366443548688929971816059639707139582237760602085303048518927385502610881157704389617278012097427940717908813514156207419544554391921959
1245440836377256105669410.68097777170026930972568526686921391492923536516011633721044830403717056315628881342389655719079685875562177849168024883377434042698823183311351436088526775748439051911091038068430227163942888226214122605686053734955223207321312676448423387852321540596463863303610526261526634922929079
-891635038237062150907548.160426268139419787235030306261963554278409591168631021901388051743574779715591344375783826535002089559308570517277752401751479516177556465176275367621665799985681365103627330351011169455492252490454676407246416335659106078647661209483594201342260482385086048586255855718090241067560803
513055760584640573329226.104458429007341791594168375136221576338091532156962856499809154418371439402063370280426711688099024468586314489033975992218941528848846165034069024384094442217525888095349928635074486185951583958800523280710257141495597044731431831878270371397697446494848406956502469932784253862893606
-210961031749547442392402.484406808795374206891562585340566205553728297110292286944710617298458943188742936489801046494727769885276850068717250688142089132878194496908441790767757307884402156366398108138496971864624088309392331715796300239512940433159827562580335829670154273953763609546119924301972636499566481
46500638476868909457104.9522281987646946693908172405943498797425529828587729757477626754738347177207703005926618149156664101463320051341378676511747418353770874782226426228653218186117485227076124309045808306729493932320641181125230409648935772980695677793462969325918408141988316244199727510513924943795051687
0
0
0
0
0
0
0
0
0
0
0
0
0
0
0
0
0
0
0
0
0
0
0
0
0
0
0
0
0
0
0
0
0
0
0
0
0
0
0
0
0
0
0
0
0
0
0
0
0
0
0
0
0
0
0
0
0
0
0
0
0
0
0
0
0
0
11269739736723395417454.4255478668718471457142876700015188665685134354404492626820004172510150661592625473998855445533403557707981357419781350186517049270539152165407179953139656768700247396399619263530186064388298556804024838201035405206953597635481555878585524968234657364928911011699537254928061343731947446
-16896477938149361563922.158445493054588962176557605054563427715987513621527444532624643076195200167893236296464085015791471159809749067180782090607303380672793288752009810736551299404945562819230200764893793703678062649065980332332819575031560989956580117057423981031146438163005067353947398976364031255344829
11022382927443250763455.7238636934976053675026226642717583864635139541220433009908448757184480131760582221869615794034948279083174974375513477676922600043047989844906650321437108361809537654655071652761066818364922398020055491015673112953127289208742205519223243009650278220428233094499092928413319979662120649
-7983100533964954976277.33057174567731673170783937499370460964584929444991703359519443770975717992943193745745773324052116921121287284498514979563589427207496392269211862135076766784175890969415965036944710478665592556310751466142487306396462228183887512810101992165640821847552433828324109542528993242879317646
8818663495673597384285.33021477817771911593974274799206228740407802960450217459488733527143085413860464146732469370944130771838129842888801635589068144355882927004276202002960822121003484911214672372117858670497178528512748088302558731212013831569451493490493023598086708551888570103296412419864359012789006957
-7045768267439925419353.49734836710331264797004053328480634840564014060120206844936883406258144841673712770900358252155556072596741651905477471064041413956567542517709353882464025441415779006007126050445243504264861125423460277448235700684374189748455518811824896729969188849549442264590271659340088047721427889
8808612374296849300408.92421934744955424889916737597773639482493070921071498705983199763489299871537548731769222188556100102644772903247741682015008334076146920672544499458076690906459126396803667240649246932037097995963953335639004113235783930197923665550582699854266716407803140332752539398987784709566963125
-7763625337714085851984.17670974758455711997510275249179845761029822615897582386567813901084848007016681029105481918091255293435733803835619550365841007732618605900830919709013364358161762148938550076127598418043122823256729903339541499130900695381094222314449868926952768988885189872257440811901604648295774908
10007388845674270938572.3966947886900889320719982711630310211966321074915127833074341722679224891138796830184703343550177843101427143276024851893585203642107770073370282335234118672423664346968357479591832564697453491212223390096042918668065322160885205613365564423051890319264268458927253535823737528428184354
-9805241581715906512615.18410683810961010654466459528233964964498193134116594263548259150887123811321640126498921028026472672023680259166970501952306867415969552164230827484868201199675711292576834854975343406415959213081821679027000915230231425904409799473461048455367253147273845694820402117164905191024022292
12678772743768385108854.3345148298963887859632624946861821261949924362256383582345187889020647668414826466703974647469537131460556859253698200237210796478662815558328807852481211538820530188416257076312939758052487290468305244223630784844479455048238064196237115816168271298168838357984607227912867367811113682
-13641252707183978805140.9958512552944123873721633893082317432268048788505774293143153073167571456643882737415951775100302233687303525123316969929345957063756520157254228886471705151936741535087298698338232853818420292477868635744981923616511488542870112797694153776296929869337239893081524687221643647901182979
17644137459262444090971.6264959723971928968343255150863137027518979063337087418956708567170632733337951384665588010019519240488342053712308644124366679157557374665251340400373226959797520167661673078278191915170276779386130408341398960338381810083222837097127529986943517801038586601028750237422116850399808925
-20423362031522463486638.0374144269379681606482418216697593341550401458656914924864938007878305721783922183669476060364247053171901021622985224436464915985241461896625030554401647694066451304076084852240997934637638817228390513245522312077045325355390862645021707646623984659703962709367435558213204018083649196
26498348129677103447595.1339792098899635402388546675619824302872794118106611313952835477487477128246638228152440957217989103099095884245286672206751102261326710665953461596992718231610825602358315605029919440351436122584371121337301293928728243155971430341206852179667286749292685663181489024424588680261367483
-32288844752906714251390.7752170849030007738962110365984330711367137228489215932620238808314454388103212702354095237192387633702681299245310817507167155392788158868205511289071102154800353597643350866545002198796101830011620371277297424531269895283300447246990501804711286266448517484319158001819675288670774554
42040878088424450560035.756408981384555631695312832558092667698030510913025586602383775429372516066354699401445149946748349785751773756491701908201668037755664989038069728536474626864727422548208367446226592267619567389155589849707211564465088967848588574574899396735253434686025059404095020821618281694804869
-52815154133658046911715.5277220456040418538284301811443511515759751156127077884581246573770471687174986454400418541930003594703697814677658496491252478223818817363482478037266077178524805992880595556801669760297737374536134101831448948878283416565926059547222562519439117401466788762322966394493245273010032574
68668542108099641405232.1804314110978084967489789963915041014422259605494958242780871140277516816011610859657463432512798736966579247218304367417197082763958662115060256417953361603291434771568887046496979345249434468580427867194214446214517151327672684005266473312379427960178996080481331738003769523643028807
-87127522873374940439241.0729430348602250346677334687922748426662240928858721019561601221429242492871931694757616367842473570469107267154995393365253407305912101349199874770354786082183245202715802560474632239059199723016661320284003394337572644446349638927196286717372973947306693368450552721915056148336892491
111834954823321351173735.982845065140063545781859503306409148060124134371277011440209236854917675117334903797352788380388808860565527041288002675639236657024727819752195641709781556489516826985881326547912621891396307334264255779983974717713350588615767075260106271325226027580267986194402141432889228333820095
-140121367276602036077463.976609866612269717138333857838682552232236311006829300267834714231572517483620886932267167129731440619177600223167262902347492713637417377793303496476712893650359663581116748423996357050098437261031517114072459925100989860393388695775061182443940834939207456399870178321542559728547521
174218993829425188783025.730937760161233681793930860625073322692890283685708082827062487178223871981677614739579544811684006677947887485115846919825635588256712325873545273800511922120245823248539980913354094775458143610000423183205057998414818782538982849361039343163405121144344638642563423033815292319262068
-209635213516692432949864.370643159196710766087182399321619642564104300806958533950422773748587336340894792699274513065090631632320995965437188533891885427099056701202459096372427595248618221345827489467124853932812571888851425418805033631599032311831540042051383468405008044354662608163232108340599519393455218
245219562698532779350936.905446409340665468928415356616635167047650124299578526544207193016561103548654163604776549762126886798954985378928500611851512223998990389018192992529182959316042174274708393342656757483730791712725015384812067883280250356486228413525401395595275695394428432925983736020361197214909331
-272672542722517510690182.507200133905802223325871059789505715204948622813116088979089967315390551893866444007293888919103595854453246646370678411796353869037388611277994291111310885858108964653009341351296025230695328249845294625774168245202091685937176139703500396836307877261850148297012790766962483784893143
286750306197992870171147.791784784238030404819185715647301712916520586209312119927222555337481885882078434346114580729605870958320436532632850313821718675959532711177951784571413796582393737568881031650672711101885290421393763842613572285694318277804828913399566812591572916064404247171774785260017887902814286
-277583522933637170415924.410241122806216182922332513938681505600086994019505045660983029891534115938643102602857285610573635646052510124111491577102858879997355184816523101574429301333288842694379319305036941960172303441868920839909384206337228932442782651567536455137959511722775921645046757985960990729741062
243016626700423244521103.397466484700404007010974177792525346576274263911706720175908994245523204517287601658820678855331988743360645039899862375038290963735560696983115876133958217920027940492823888148214109562465750889973037880643227009641260084468296299536916712603274964211742115482097711430483409162812023
-183886474092829447921849.082188308389035684377556724745667403374586707193524926482014642625009543302887413501013907369743483254415724025874354444073064645914487065767480904214353732067444279542060331319259668515974265377154151400539562698999264806140237086571343110908086593214457090348973523280635348035566216
114670102649002738884125.059155662932106623659343669126202827981009701268316623382410149604726850318061656103535647321189805463510098065312427012087790179144399238054950713914822260666125305076990240613986259530368546144998609774112899276193423212291163998264992957668261476555481291399390185806782416966582836
-52217228665415866950374.4765163786328216046821582464593008400521678184526439139505998936493935418323334241975830371103885697647040491789489940354538925668513552928122494760309905988329600144731136632058549750857229755654667656103655565155650279622609870057436869041496605037525688744262151794372146206462627317
14000665197364486654450.4060417789215596279300961630553966215916566485859685932780653477614558887469027255529407635477645882587987467092660985227547278328315218047441075309893894049063977805130448074627075456020595637052419572333536480474473439287972347557895974026781866227205670453975243199009834551522115576
