366 1
27299772115577624893880.8672247684409542507164717853837513611291369076457308520187505370894611903046061140363119190021514737454337208044522295798184150253080589376723104233072741199111552775316967820686180310579983315384707223585469339642112092803270046339024945113591139762508313090343542213086506457364558071
-41028205699927857233984.5298740518174557662595321475579748642064836920620073416146889428769306975779401037283635537965559693329345547128963447077000782522952326729939150226325526819741716537537804932690038371626185212611527425284299963318260714975509616999495741491538154212120037254573807062324430793743189821
24823788015444528684161.5236833877361004162128699559382732197585075507856011673761295999660752780566626721078287850488362794152786247596728051230954943169698763108195774644684084720975676008621452424387806722712951759992260161141311560882008540896115638077912337054339631656148077348059261082798119829430296349
-19419346506029376689689.2458175673170329815234073960495508038064107594919202892136794190450040047083922052045913812589830939412462951936498802193871589987677821584582509652321063804147009035194989676225843155526258035881435256590647057739972316228488090273714130180716148967660539221715781105587607739388178419
18204440019508373621584.6277172625029982871674253200167367205179970784289010037598387459359145567361766272514369234024469958663971522939626127525029560248193452832770749027545864745099374635444718360789471443423068220853355007220386393283100678780711164149427388809706188773317839375350078648903339565352066432
-16019715160530725986113.9444255132824753483968744835902740246266978674256644927408785548829184756896176914073349843281181352112690151107898758583014086119617137986105256322336240036310349612320989201820642259916850420829413836629643117291255280938982231103124307643438527922377518183676171867580274049938009744
16709838331358893773898.771005706618695675857421250778759252202421016502158007302859106365324770188910363470915346251281800211385586168422845564642087406417868853953020151215913407760850818910974056135740331131270338307376333724135594431328071387049375643611920204401560153209129950936291063432146785194121412
-15551054108193516438795.1262646992214469735410892349272808285617896604484165213832152273835826788215863086636540058553558460024643356957091484055885908266233980336909267477089449470491901293882918633209620786297131798887255635651763058018751513733098841362532796197894414154380988128780914190610890396192903962
17099207877650332904762.7584471523952206862734779782326264425135060849943233318271533691074524302670031624785304005642835393499112925935227288842349250267582431456325484421371304708665216167918401004401239040363449034915453233237535693814054117526160611362767160847679583599201504456046070027603850110577477617
-16739435279088329545870.8776691272607679932564714858930575140271183248312538917304863860105610277444412607208705289341418467793737984516649693131076649520884825263453597743576844453538594832879627665736170614233589121486416972406983162088097112631189598688145327536585878525999996654085843022675424390349051531
18967286732048615069276.1110589287337481591504296477357362315706340380228203091904876785722970751089207732247863527054070435996817771101741493063318219788469471053538885580305680504913201605400929043065625101621011902613020140686158817255762464400450071466012166036873378763296640955079126545698095531300997847
-19495496833780798986476.8732656672148652442940759523327771039318010353630060447180934719789340359723594029810121856460876859297237015463191743592977415428529078027512312409902548853438114416699936279415613992498929038872292880861929005142650858501202111827797297974459710828308847229016365254983903166185356635
22546967601315823820598.2304322358869763124295460582996335316047814319066208685000949058206126273128520766223051850301324043870730359853036206577924392191492184296012090259458340205305811763482882196433473475550738166767108615441457616802758039269396592067718179290588485053329300651565476151943143678353192986
-24247478550850707299657.5910024408977546830912759132386859951752375533160320581158098799240770379128575439188949555394206155891824405144045115100956325143404638548575150966327636533165379812875777614667578368909432568027877742279545320350517855523819108419158471512543538654835551861968208565383938925925573207
28526509328952708532041.1243962614275207307429189728796384518449777675391571915983806377950629379191839279622674252730320898560178923485212226509090211716529103731971324673922385693629286875800611300679672571900883811350698896252966332618441899609857439827464289643169301367883565221862121288470978233618004694
-31948228442695910940619.4886549894132006126676977220039785626729670498636315284168987557754833711112511851391368869398788471888239635478769201349275026366255985988633731829762446200629593508352717100043237724978348747298494348756429686081583365131946374693729468128311084014723274528549065116552135150615749309
38210153375382459634195.8859539913467668011981196532382638064592127208825011846492319269407976652490162109466658778913131294283306200990456171821315932047077647419034286308186211928413705296979133422713368369448736816617017792891893807244909922713350065704259476625973244299861056515427759534430358800032891592
-44341704233681310934501.8140795876857755709621686388335979258235309559450103204492743267919786943096348596595944069519979885678594342559031797182026484430722472543445512648688530292525871833962368609958657649649488739761896965300886028056049031735048131455094771055674623459059639989869683517449942389330582117
53926083008781830018432.8420027319149121436668015392363990119915839328481554942228859014162017230402096789045485194550585219643386782679934469039281590078017632355201698239676049454234451776344007496419546686678685735170361437364806940366827659584248180264971948774304040954905026438666964327968442882449957404
-64530746657721197480409.6132348229151982464273438423179001989197531272739406733308569398939759790559316519171383970679930137556474668455075739616308337483111648547789284375805734719394491058967635048962119979328154383955197929687691946546194021906754816402378193075218105289344323210473190090564164811909414632
79815010196166869582054.3793818977345180706424317511520296691058776017591211474395008473027146795837771605216301109700577391480282742432732444100267693088748761476223221448784696323288137980045737426492576062495004540743812820321928867921434475572251600180229002793214212339740764155523915184028169511514678077
-98055298476156650570178.0651068014147660151840403956703413757230070904477430918634780957762693915557864056792711750133335571667279545858763708976310853436172929077638146841366789925432043703707562760107581267776996987320512872749866612246851408728417733696722135746782036227987807888799642823480481456086912382
123305344336245215752387.734905802505301775951219780209819884452393737073912638963753682119421196270434175546014976477640260283862588742512332552566897129832405553069447079650057218563610687180929993672041239724250827898731976372751641664804653057448761277110810399642892364125558943053769917531372687095910837
-154904170524062059321989.596135053559087432723540851097500777466354095796502011561643805442094868041076086767643444890604506960155054510726827814664075569641005292743503499213917455663265122446587434189719246927247058334845791089773221145468380429222589801536732111457234746177625579418518515445606947576942429
197855377151808269040087.446874705126087801497527548399599692485073365012543662583462701162677521250825763784209508611090432943426975488904402670185567109649768835580330352532241280678900105054094962938578359965194788195929012602679509259813701237198191568534996054195824424258640970038561975479654439188409489
-253245188555590147356995.941635933540352180178281650975971811010824667321848320011206828906015942858311463144958760673525050735812111602486120717079383830707523951374814516292459842237034802896598433880707573563558424142606767301233878357610232237732930979425279958569371244626196042229433487316126139329717839
328015194308677378945958.986543430126301958363372265906449407666970358133856672021030747346079063701275087088741210048857343665764980555086003344076333521064596398011828249528148891353639531996774535983809320897643080942966524070906258416795868762831822682982192875682911724633854545833135030948700199678968967
-426268492432764117800712.210919129837923694154894405103150742208188753184095538919790759987594143100250960494073674054811958145995650605046499858062708589092818573682154854427560492879171804683507697984451572617893812889989231936896242648548583218513445863601569804439727962977354706853546956184376719384957255
558630772920185076683775.974003777723906190840224762897665801128600200486599489166718814794848418392510007977917682855771750150803801136358416009403129387963856063331985597634887480079625013186091972079235933164673182478524416355617004568425363771419816063878247403163208655031028973010948165741781901619118284
-734479546556520249091887.788370842990504408731517372325955379188852219909195179859149633892572814236784790138830801878331407550451545115319213750776697234362761833195527094901500085168541803751183819615068441034174817668946169114711803015577584483597660473082327443149469290382300089843056272228691920018436022
971111559061318287807389.167235090498057215294351498167720701646484632970270919629563327725357013215064029742064144304933775540720326866472845600029073183207358933688216202276910581339222330238996606813739654640180921715913802260017393188750477381435250497064410558095348465925230809515754163630621568524066869
-1286967742401886707848103.70165612254102993191343451940196152055179306576422207504415717869750140185174859905737777483119514430638117528397962397895063660113331319691807467610670641830357958907241945152581920463524610499755083395187768088857009257386052132308851437010843750910491538489918984043112810036406553
1710802367440840639989555.43221300626706918243825293881320172561092059406982262484276219730838635967584545427444440473108831762280415454903697848015711866832006261654603661085705802333763981384777263128778339038702586755781143822031604004612489813858340141462555753290677303005564452603990571174235781654523067
-2275910544548356530360737.44112796538991491071233440341632840985973482834437361616898839851215272920046694610873942062864453074939722031216145720220307488280676914349589677853765621153997666275441728018671364678431236626378506970832340032506224201758697277116504517759654963500984582628699811849385662600018514
3029289359026645051161351.27665724615482844494985752985768468349204207880113777924438675226938293388618026351959855062276629068711683768747573220639483575441556778880385937817994716372503436392618924636560666146393364000146145374299512376971706090923293177487702238947812852331351818657842649479601963429801773
-4026498566493109900612187.49997341871541166526300553365203760998635784137687412399112241052499865799963819221000735492618457403354167718666795065977402417113042368321983263599253041676133474622225269516900681300978229185486233067169066534727208233610881435861291723871662174725728211216111691174617925066152313
5340122996367301650875533.87879795108672957000730007661795855946705838234159307671778443844681794614141448816363651238839335219830314017065048140118639399512585278496695738479495987524094325503490073867448357242670140715492865859932321872772536869070298334000083731034080689864835440530822170847081203942379184
-7053831767939095255442781.7008783314441010302682257634259220212883373815497554226926419200778106656000787448181557420869368020487504542134622681895181972776931926433602187694044415053854182912050769464115058961340708285633429124074435200856646309000439011249633385489386746577358579506618662418586229870218824
9267862876552952611705744.41826956999962421767395742165928404688870803718714704046249206621782663050339646993131511910277524368952099746319335823639886212792605042822312723724252378321661194282611830311559501477470472486672228144838875648817809977717122966084747240870139957067369449617603604796600091513474436
-12088710316576030891611466.6151726035063175334603914388744594432933063767478822033079404063823510822277833369149293158605977017252211846309600020336122860248219553496285178848125808439091151494289527334617380108951206215863989254343253400647975214073764310029026211861046662453018380086731515043704792920073155
15626738004616236697464881.8712485337052432918564586990075641183044999767314625459791503079073549576532015148445313873072808968317854565492013998330337327434701536098290139634949589037109725045232488292658300225893380238003428291263604999604043990669377004411023567270705803007316673173126614330043964593276723
-19975242434046975183661150.6964674122334456283205325143907921655811380080387156891164670620597647777128636054882190804558786138313093560447400297936671360223487205954253578637483287303006406796304779566661649537214419505425984907419166964658904146573197259665143714643907014721726410561333142726210921957415002
25193403345901183505753559.1044960135547642579284801126663699755085709309217529820388221705677367582948611180293301366668216314672338397869995420183037531560897433615836345840037947303048638715037402099166501682079174369858912312240633277470129534824133626438419931378109792408934901325098459894300569801892141
-31268924515492796275946206.8771098423773155044001057679506760765905063219122301283586161539609676026204101495231440901655040848552210796481166300705860182718600136835765776415625549622754257753327412778953291579345388183503254526648126678805258336458603341643194018358267897972536172784682300811593489563524743
38084650288937526734793294.6818171098321258364817492484890151171299181076965218198606252438316360830523911649451885881198282965154712115141129686942491681783165311942623378435717774348691090917983439524154290685319369522084725517557551102853976543581257572024557193214769844764015584272912451716364974432988381
-45371673040840777398119647.2251125401810497403619316918806155929067962817454325750771956640217232557072184613648920054486658464688522761354230263269489896407091007313644424282941092856977778112941826215930561239883644790356836613361083872172256505189209754035291409952852769786758237389877890129458323204426265
52680759842025490424067515.3527145151936798283434525404230605619846745853696212477625256389804230491983901596032931311348503838939925777274423509998440402729841477599316607588910382063226191582925701059003385314177532492870963797153570099385832722044736677497472050312895949570062949322482576856676501148064255
-59366237721021290396078140.6756594958434613910414334089853400906405475232879908193612283604640799435097900446031643841739583325805094500557229175006728291919487767897884525002935043907751399439224677268249649444665754683147630059481215820651901318352468357719643860852213999255472325574147821199610874279411094
64622880527741613623634867.28535336123876033425677597015593729703369955402557344039048275937994849382403029591237697357334238543426833992348871404521542937570259775007141835760613318253156135372899387555062685098571302671161590744498691299682054848778255562713487927967858312536033033389836441136127716921471
-67573702429323456134877024.1533133819552421252885634952466190481042194227530537866226410589243662521149016054514969959721104163558947504724191622369609738966238786289209431162489926193159893574779765600329561930590555404942448177402604545161051287578558905972210264406189303634075701817957394555465036954319815
67436230927516075879500965.2375055202546102292190764566138081104926107308462355270848618779078869302069986364347848588560787013914845025289961520866332156306170099083313044517427735719923620154022985420375103533308458061516845173256424749833192275183721653999229396598203811608602423617356170368125360388923854
-63731395644226341881505795.891334896873209254191122013758186951081621848093171211670369434010086818436797822030713504227929304915978792010808891906815838184342306896945021094615945949370909983842995456363395400921520282833520199149086090517090168343897502072837484584213708922083408438212624189822218024111572
56503884933022140205064867.6031958242630031060295162341347170881563922365538238621725076144746413242473982101208442564544442801467393679354662477566347512262507456328966361366078203038887179860137162767037269403835158022526476224008450674669506380028087407223736710976455297859957353444374992534221224951178601
-46451758497745653914602445.5049854307200066345062724883525053120653628062463888055036499260843632058987823773658665209904037935851912654438348405763764279698737660497693564292556552366812726529152785117453786277295914836866268457856071947635703473059246480586794291487165812515623983516878711223304577270633288
34891252787571816614635508.8359594280640887890414061931261445056437267561038777767012784430678008484566809595480698497334645771712177074439519485438672682675470749617959181809510262626064979615442804260244203809289643861910244557700904947954920452042276778092654484851109578035153432600947109056511518782087629
-23485234863189935516786197.1891048858476117575265302228412165261378977465271278333834025832700850645240255241997690006729521317579136897922131686398735188098352407139927984900362507236502062998526938249827630723242877319141892787502064832145682881304094194018552745641707255199034933851667727254007492412198659
13795574304704332160284069.0843624016014667075579233847566427467310472700172299468744672569103738052563925117478912207555373776255847717922292334336317317296584599404541141088401380958018555148803289448638704266844155967489893142989691646938208492722295629215504305501662782144819286542443026735544226504339585
-6804480181963247755606754.44889823829316733947974884351795408828390899128838350492452080715218470653039292207724852916710612123907106202123828008419741813137672820212728470347547832025339643493165487068176693513759024148205932738282938622217887312883470735841242178835124022337261763711475170913343126728728831
2651445708763034726634333.75110702644726793988127056419752012721714308879539471480741380197234243767654782496609887087513264945021810764057248513999486872457920141955812312942650839286898123581899895806339935069515047048843181503218161848469161092357706339009195353380572512040627794150041429555138983654784144
-729369925114853944547116.11506070735391973311164906796590649676304074568942019934698836529548743440047317209197849466080762043876330793781272799081620151932153531138793323561895485325089187948993464172274063424103487282834293775934475400482934337233593255929003877227692592010310809057109655754126951576723259
107670217798273308440223.224379111714133018468272746014943821835755164655103852397995138786673659434607233707528364822703475417400053192342924222188279012971587144698000750721208655815684027953541418045362150801260348207893925475573620299028323755288830859365019729991265907796545023276290994752274662660928127
0
0
0
0
0
0
0
0
0
0
0
0
0
0
0
0
0
0
0
0
0
0
0
0
0
0
0
0
0
0
0
0
0
0
0
0
0
0
0
0
0
0
0
0
0
0
0
0
0
0
0
0
0
0
0
0
0
0
0
0
0
7.60684848938068417111274825395647598896407113035372870819814089561587619931109165040818685543660608888299207366781389215858531420112090715534903608131440432843434917587003660548524198451791497562747095143917103669228799281864341603098224405450106873522061240554278268083410459987153662384251767100658994249343e-17
7.31894635182958078341991218372125514478518741869191235809017578273455030588518019089870899470426724247970731917364687002228661330648563899745752592954470457332398511297316154971101260047358625874242838339662928926286444264315912709184197290615905659014692589752383028238521082009520386375168170106433971908728e-17
1.26447480915124934400404727643313532419058316596123736130656816598420689048556748865160405256459861706415457562780260607567583626001655060402408165050315396489958655617339724516590884925998551832605035315924459915175977214614959131020252713501599202327148020640964511577800638985872147412297072555690195936399e-16
9.54591069607488016261290718080316836907457356017757814223316530274143049026918839351499584494051453683625527299367297336581920796311952930743491850045875228616156080696524431153701426506735503798128177204861455130917788918947140265064154182809120467562967156831929623263844322415508813484719987763057874856676e-17
1.35944432171004161299773469753593627283502576922800414561565877751186708508872697153674463744067540843544063922504110694335452890723268465891863404546772622112462090312421564015118430876723091192638247337876269568157658122423489027507414513591871561931669461351389510032921214706826082410605007618661775610854e-16
1.17110279902193949486383867395020958054004324630685006405356916280791675046577905174194916531078543247476701742952192969200148018132049560985821751844747579197269616228822336949817291377159415383085193376509756707037820235042911243786703970322138068454297373818802296643068476476750785038040356640418844271369e-16
1.70651741296333761744504589884085383644568705653271577656310918648175580222225245544075121549749674262074621231196409794174283749565493317086556647435746762493947001194471065164387706688067222204169263825705174992749915625622422771928415714368476844280731898645086263459481772143466775721323300175420639798271e-16
1.69009144025764057257741149006884972301192614609715869861928914820575789951998436003951200085551561476253154772133958834455862126625595705843158259905536683814317340179043801194860409132311343326012325602669301441208623496749917193278181037121869999594979392867961531265153848873279847013667858033905212011453e-16
2.56049413791593091488686679796927698096235495038873335396480407025578099297174633315096614297137219525821837179621072878788179511010891989020112894066527975912461002227505482645122677867773813470700389625109319617232519191152051983665729585026703107144954011673418135698911850608501745784153683254332400766288e-16
2.8267477919925745365787495164147713639679817166056880284102849360514396897014152074114741187482697979916731175754821949860514173259628530029513025539164507273090089977073559617235064639415396145074217539788575144283946870661938276079949836005282392533793811344401667360979896413257852050083492883591270200055e-16
4.6242083792969471700940399924221021562386806893728925803945261199530995715078479767667333860149747174073733558095484086702679728114204856398736699913670619194992719184281164067910827009829921412618860251115564552135446576098325083225331080475654456866549533076281406958212719445284161283402301404892199656915e-16
5.86563193044953704695994456850925199047623214803265198622724106313516185280155579319970628174254604374288176128271215156892716098648533894215164889337525584119783777751616008359811094276984909104697005866928324146755352864080580433102606416326509394710660538561716816460009454686263103948882500221541710392529e-16
1.14920843096181103104154544893635807888361832798839098621257620795571202520666576802731919553575523860035724150710739656962878929374138751825503346199999824399059982083183524382223176966083041437618951883762761838652146483159568705160221268281399043258657339166177468653546426698281376926217649556847475253035e-15
7.56425242338424064674001332776837583734994604870415732770858181895186065381130791664229401347716809519166329470588505825161058795204272079346983973076455292362334759544143029596686479766144175997060114780520624468581342967291641971070430657897051865790027172165687489706275984082271061313038773443313287210971e-16
-7.10025594485328577050866386074344704111361971170941702476133729913137914973399724207860205697648611353876251805503679644696448294770719217159617601454077694145642281454437209288394878037476578010808043444151354264741690096002082923748124064853938744065754612873082934880274439912564376537380417795776469662275e-17
6.0453461481403173318126896379760968533718901661578180003429132173923306389221103558155454245827616298484685532760370404257144088969998617631770439701769011201685178514308131862165454614545308370696037541982201843140878334943925195747659615332854491743222738299573330596811228694565001123143323283751370810873e-17
-4.74142883513771374441043536917219167241304161500661131320733951117305302381798044197001815360307046239449094039053945913153454408054545524615340409975016641578805644129537306274461304729495453028694547828679291496453804194459672598913356874544356175300550742187251883472040336170237093457586310503613352020067e-17
4.13096306835570053060689334801663311505770927930164915842859053188211615428730470272518870781634489747017535715692696186696497310428680844786867771727686219844801171130561459047530283256220396456845916394453006184929615489402092830651494305914169951203753693736166972199438907684752698573504433032640528006096e-17
-3.8391745077380644762054661344757758100715316375387987757661953985933425457705164339465782498336273216646118375665734863765784951551488361990799123562715351999538976790272059453523026572733540153556843236211599530451176358527619822241048599014397521520058165687496300211611808934847542090894531290593242056742e-17
3.74047088999175620022271195945653763907509320604041090018755909188181415461038695754650811602992377621932282477899969333547483240745009593251900063131323784546844767129621620294878238216102354231671596963062517097164545115087046483280734005553546232212725172557835647468748946653133251084931511474432479549694e-17
-3.77978438265883298543572909832429559548928045201786563264797744099801219923250927070574480752787135833820229857289259244345809215736967573288509082080586806993430218768397171706528320062107731567304282153844572388875603357217252680093562878942330036361990880099171693851460837131297947305076811065837919672951e-17
3.93394325261383547776497120302127095898413696487357767197327424445457220750805332618655835194809243084203456943715067235556517617755768461782022182835108775920543152341693771801541760892485917142687813593001907903194029009580571493769830905061067236985242688943738533482646670901538645136569419085946455410974e-17
-4.19648712457241454438903057252006476799167538302429735779717311728419241277361112606014940232996042407717648372202248767144170335772699016900235453934665829367606057554588156581176180747460236520759410796200789388565954151349942555980119693110238275072848151795628732754103557497491673087913877069144935306533e-17
4.57154023006929378936563341979280279219518562433070790754064198471921966520097244304395836274481165783796162924808559556737081032479831827386916217268596729066916827474847555998441614061740619080536771059648292793495077152456394327589341481254899094581747746915719296279820299575438073861066878758674881288497e-17
-5.07134927762418878723902889346496663885678433342128794479319411967873159243728553720225322111356433725286662013098629390767549590281500975746491517096346967780535285143844087621824086890466191635836779610256631211054997361132271528224465729474801775519418044650879668165623013016757341301508202024907860101798e-17
5.71554804780475012570023403855025489648625967568319081269007113135556211052551100700409860755595769762238612875686903843884744894008534717625181340072802143323470751818499337391523661879691355651847634820320123151697478367490601075308638268217810476291198905522389502680910108786118600481854690237441207972613e-17
-6.53135724361329239683237567492720827586345500386004920794679090650462659741140505733639940183432037368169379483074180349282949799239910354415998722879043524519050196864968022410691929330934153611289589299786411226969700524782001352082112283934494678840710532811878998136720790802449676395858699645468180090058e-17
7.55436256301560151180913729150200223334726944542907760853913112882573524618127282267669181866048373494541661394517901671210636785658995370949162854468739400691566393214440200971371001228988037625481235420824112313179712938166256407610525112972080152902727048161870317039114674362755353790488170885580573198823e-17
-8.8296809552468866589844702114715368498744312729194314933277935789915013378222463872446047842047371206095159552059103753202893784516175743295726323089406992774898876654187509480768382897892035210430958058045555616339165815588535009972322061686502835443078394477753417685824719173367824369830730302791310169326e-17
1.04133747675249292994390992096752542446832570482685678747973459446660737147643465670979859589624130798762229541538184497402490592751592026903660090129785781919491560864078449979913992577836875862670856097311673741018422976094193801561714694419949570385124657811365345821368754567038077310759210007235758019502e-16
-1.23739575554274850472912156400741971816323224928149723569686273014912876732239547636072462596554256484159411197641951120183770520240926684875171878113409657136911885714877440860577657199836555352950325221181068756848763492149183833802061277405310478720892040485511790780522134718157784212418083308699152909692e-16
1.47937694625874235049660440825934869838287867689201985801096297462556102189867382239226010679508791818230841531457392039460150775031304196381917359944147163492502546319352628932354160956477500865078371622580833126570919597063658766250571448646503343944056987824647430779025096530089596978795211214147962232899e-16
-1.776988609384690903275848866421511229133992661873757255156841173223488692100556578119492175175109052160641374998975210531085304070592369731416670106036091149105875728227531398830127363131113469476988125296674412120608496802066536562383512214689982635526978813280894598478775500973921480878479909561104884619e-16
2.1414060415352928337160449288002722170152398236815426095905489926604528580558344245824729938231251758035054837082966215206035292417235576540995225251796800927874080533955847561660950648009161552010026733405441088434798333282883884060734507130651784107464652581058034878590997824478311046789509247066450886506e-16
-2.58509829958901253385144534578989892103716672688085491959131655029674703747222686665013074961136361686660234435442044188844267896711534570735208305946692149498936499715924141025923447531092387350393205102641357171354147006467328847609793213391686542583209103337975595051782307799910404050414519178572998883669e-16
3.12138932485283960651058371231115088978989429713818878460257231178154441645244913317100175702380992505174442625899008818217168499526474741347725325918700584069792858921365360516887348314738155647442222733457075636592483959383260623603556462943312960320808634857102932556772744375086661806526101010162480195655e-16
-3.76363161148444899490922393105030837598839049360057600166916064468746236242344624169098441456960514066322961490362504182413186976825841706945312390543440564450243873225120255994374923338473898743918103797026208956466262282430158920670862998444506583284298315550539067125906571436321182877056783123269051265981e-16
4.52385030712513228542093525158283321511241264714871634025710068719152048843553936676384389452403659367403613886186786537371235676256913185808129083046194177465689259149784691453584938191188757623498560426329495079538042228775308142151798677580938126499380264288783595047459568006014289606794761808474096989915e-16
-5.41071425055082526268229452708237559912067307606303030920189397076632350872129493333503304921750501397690588138939324820592576057432014169380831572863827914954194090553522737921673466223787281407678940531533515712168675204341818870523250243759428837919131446588032060731100440841605964322452925604536315407803e-16
6.42672545263488624040767801985578995786428187906420235960877238988047405649605572651192789183628318660386520615904309900678369244000446944444497269973108343596549545402214167343159097114410820179388486727120513989345425772619604158485655588706556075704379721811936035908223622596352307193371203080418044329201e-16
-7.56461426383719553680512562573197341814377718264771229692079697362826538254453946129298302191751861493459077360261131972837235006414751776107142425223905553532099088605918926095359619243184116939983586184421408246765249762066048080346921299611378559362622958521996844658086249047895701002259044098117167704764e-16
8.803111129511734671022879678239396596626155822301406015334093742248272180629268853320069241185261280059506846465530215889175044127656377034906288717520646088638065721981188194098141363659217211739074682743361142636471301160095913232546635336581912722571217622178209026177177024700889262014002129790466292646e-16
-1.01025585959365289590584146402114312403644208461110023033310443279963465665366198125249404614101073515731523687627253862357397993273324127263096905965202782097516525739434727390493502214962447453991873660593359067599462557809396086354971048446292898657330982218038673567661895601038653760811486003102992535574e-15
1.14012275378761374275326528513099502292006310940462221179477707817231668546624860181172761187944152889979643924220741477811609733920947747301512356836550177438742170006624930920786094829709546959335749693386971929337725741662575190496682651639247509390189601557367627969128503387272336319564363367807739553089e-15
-1.26136599041782317722038026573656665651358519494373883215572170711291489223548231924872317302148464296714896236891302259166252202622051917137503601578122565642888273222985213860456148121052764512475829103171960730017279027403927115444638925934226350994252712075346115988337682275966529928645957296369122428383e-15
1.36327497338629434318295341966113101702971110373007220714801532281614714535526723359104174421240682297449049113193983869661911895657665771048263600231922807545885733684191227135305201751667548496005006276243402109369825365742151280758830188890410197535565458499711614293654978055819316114274864843918926393511e-15
-1.43373705098135547011150581612644323499661474427758744797042477845134277458037219108673616504350869093229975545112861070682729313365904201596134498422804813585711640966738366601811708986282276950579993097218246307252073269329876444854257035918470068576716172280017619217690691508273734302750866835190109559605e-15
1.46068536664682395667277801858668979886564406855152597730727574861495140169413001525090838979712965904260131337049830628794314249132267117245121150196592436664172708494056583811102969819327823407893299105192039062823517104552193575995468640031854408755711139286853107060581904972119865754022503434532210535125e-15
-1.43422176087103001953569794756117084601339342194270807163849432080207396538073543930016214741798089530951405252854995678898551467756360274359933066370647927561370014398351520612954603277203130147254451216720294548026797998689223348474138713516734625399719191477128375943996586418975316835524988243301617649899e-15
1.34916252184901731409064633030944418682412777821077100119009851708540173096332153662817178554007010940394017785887614625637468038525231588627627360778951003517376319656260786686223158287057481078875044759923053758368765044167501581435633765825112047950171568080705172189391409191293752366554205281665638362706e-15
-1.20744552880848530288963827317218204563958135557070668805824136871454646181745666184530639579090898253550739218381797163257068695556371070438501863046303769195513248366673453859287815428142826590289254487518132960685307359217039141016192418542717051365621084969292724954563404594327842171831352622949745900455e-15
1.01956581317871083541008626876862656833981027810364307028784465064765335735801234173053351941774097883839731490545808171410194372233795774162386080681329781582199031689983521634517331297053859331767311340866550523310626474083907013222559479095226349660311525502471091407391116416636275822934080499218278197723e-15
-8.04146771142436032924879502696933265697872460896709922995173535454370657854972759736490503542755136814013214266110913677850304018335255137239747522681070111768949805126933414363819865232144223631468575770883860118633245633081208508366586882818627495286073323694442615028631972894370328407746842280828333497669e-16
5.85092481272159841927142436378090492357747529423728372423483968954844022098171402932798769533868076005809427628947570392399912924477216760066811216898369112062374963604608040018277888424119158903598280889504121638956324248692694378830762876682036763759557843995852507502794969220965664590187983199574656938653e-16
-3.86575225901602329266707747110270078423028772026141123415592429610998627121931642666607319736648232898291135151272224690822354598475659485404746254991235125315551289095529831532369776808192000824592423583356139090876129949020944653584838267285077818514020756329821173943918154830208902205247482808062921876895e-16
2.27194579765503986281110239734651677845115876662900311356012246354303150540445728548402499391136512527624856780002276021109616303269330854460652133663848441156454131508481632034408262252652965156167498595975346641176795611391730080915134741084180758331278838926579665557499598862892943833792772554872244793655e-16
-1.15469921363133527844285483170420338840770870715431699338850296915161738295476335497260425327570587119856831989728053987776807760537730800475791271825884359415810107060592519488009659416737033400962665555412858445448731466725609832688692067541780829536918537631663006121482815686303998471238978905796394356803e-16
4.87194598721183786484134270267828523488778423333937256655272008640110061016244895179005288398743204051874895526875185596555580181888530771141651711962993394734994455075465912261734799650839274576411443471365084912167248732693803310713616386838704193697958672563986703894870498124110877275420948283597142223399e-17
-1.59974795156421138520395815263000558471302334164183307211063110095069753614208408478734473446516940510594216224073649150894152061450639955649405191853116100964301300331707592896359271618909304977845034978885283141371434876030080300766948154440622965300851221382540517373416010107589507535071257106833169242624e-17
3.63363784698804926698436264407515350280290057972502148614614288519436453593647231989929658932821518302623289390152771300935883183908856367378072834623684917635850825682383435789524705093861239896973572151217445071456298066812775935125002176678387096219123239803984489068850847256337702202279587240029750425191e-18
-4.28161648406451842624042230716995363428912794606302516025421049533502449326892590958543424550748260492073759629049104602596605721116944883938522247206586128002022504429039840665780225977512550289829736756409522150142104057131303052497412638958998190477838739478605653200770443329783940479236020284360717104068e-19
0
0
0
0
0
0
0
0
0
0
0
0
0
0
0
0
0
0
0
0
0
0
0
0
0
0
0
0
0
0
0
0
0
0
0
0
0
0
0
0
0
0
0
0
0
0
0
0
0
0
0
0
0
0
0
0
0
0
0
0
0
0
0
0
0
0
0
0
0
0
0
0
0
0
0
0
0
0
0
0
0
0
0
0
0
0
0
0
0
0
0
0
0
0
0
0
0
0
0
0
0
0
0
0
0
0
0
0
0
0
0
0
0
0
0
0
0
0
0
0
0
0
27299772115577624893880.8672247684409542507164717853837513611291369076457308520187505370894611903046061140363119190021514737454337208044522295798184150253080589376723104233072741199111552775316967820686180310579983315384707223585469339642112092803270046339024945113591139762508313090343542213086506457364558071
-41028205699927857233984.5298740518174557662595321475579748642064836920620073416146889428769306975779401037283635537965559693329345547128963447077000782522952326729939150226325526819741716537537804932690038371626185212611527425284299963318260714975509616999495741491538154212120037254573807062324430793743189821
24823788015444528684161.5236833877361004162128699559382732197585075507856011673761295999660752780566626721078287850488362794152786247596728051230954943169698763108195774644684084720975676008621452424387806722712951759992260161141311560882008540896115638077912337054339631656148077348059261082798119829430296349
-19419346506029376689689.2458175673170329815234073960495508038064107594919202892136794190450040047083922052045913812589830939412462951936498802193871589987677821584582509652321063804147009035194989676225843155526258035881435256590647057739972316228488090273714130180716148967660539221715781105587607739388178419
18204440019508373621584.6277172625029982871674253200167367205179970784289010037598387459359145567361766272514369234024469958663971522939626127525029560248193452832770749027545864745099374635444718360789471443423068220853355007220386393283100678780711164149427388809706188773317839375350078648903339565352066432
-16019715160530725986113.9444255132824753483968744835902740246266978674256644927408785548829184756896176914073349843281181352112690151107898758583014086119617137986105256322336240036310349612320989201820642259916850420829413836629643117291255280938982231103124307643438527922377518183676171867580274049938009744
16709838331358893773898.771005706618695675857421250778759252202421016502158007302859106365324770188910363470915346251281800211385586168422845564642087406417868853953020151215913407760850818910974056135740331131270338307376333724135594431328071387049375643611920204401560153209129950936291063432146785194121412
-15551054108193516438795.1262646992214469735410892349272808285617896604484165213832152273835826788215863086636540058553558460024643356957091484055885908266233980336909267477089449470491901293882918633209620786297131798887255635651763058018751513733098841362532796197894414154380988128780914190610890396192903962
17099207877650332904762.7584471523952206862734779782326264425135060849943233318271533691074524302670031624785304005642835393499112925935227288842349250267582431456325484421371304708665216167918401004401239040363449034915453233237535693814054117526160611362767160847679583599201504456046070027603850110577477617
-16739435279088329545870.8776691272607679932564714858930575140271183248312538917304863860105610277444412607208705289341418467793737984516649693131076649520884825263453597743576844453538594832879627665736170614233589121486416972406983162088097112631189598688145327536585878525999996654085843022675424390349051531
18967286732048615069276.1110589287337481591504296477357362315706340380228203091904876785722970751089207732247863527054070435996817771101741493063318219788469471053538885580305680504913201605400929043065625101621011902613020140686158817255762464400450071466012166036873378763296640955079126545698095531300997847
-19495496833780798986476.8732656672148652442940759523327771039318010353630060447180934719789340359723594029810121856460876859297237015463191743592977415428529078027512312409902548853438114416699936279415613992498929038872292880861929005142650858501202111827797297974459710828308847229016365254983903166185356635
22546967601315823820598.2304322358869763124295460582996335316047814319066208685000949058206126273128520766223051850301324043870730359853036206577924392191492184296012090259458340205305811763482882196433473475550738166767108615441457616802758039269396592067718179290588485053329300651565476151943143678353192986
-24247478550850707299657.5910024408977546830912759132386859951752375533160320581158098799240770379128575439188949555394206155891824405144045115100956325143404638548575150966327636533165379812875777614667578368909432568027877742279545320350517855523819108419158471512543538654835551861968208565383938925925573207
28526509328952708532041.1243962614275207307429189728796384518449777675391571915983806377950629379191839279622674252730320898560178923485212226509090211716529103731971324673922385693629286875800611300679672571900883811350698896252966332618441899609857439827464289643169301367883565221862121288470978233618004694
-31948228442695910940619.4886549894132006126676977220039785626729670498636315284168987557754833711112511851391368869398788471888239635478769201349275026366255985988633731829762446200629593508352717100043237724978348747298494348756429686081583365131946374693729468128311084014723274528549065116552135150615749309
38210153375382459634195.8859539913467668011981196532382638064592127208825011846492319269407976652490162109466658778913131294283306200990456171821315932047077647419034286308186211928413705296979133422713368369448736816617017792891893807244909922713350065704259476625973244299861056515427759534430358800032891592
-44341704233681310934501.8140795876857755709621686388335979258235309559450103204492743267919786943096348596595944069519979885678594342559031797182026484430722472543445512648688530292525871833962368609958657649649488739761896965300886028056049031735048131455094771055674623459059639989869683517449942389330582117
53926083008781830018432.8420027319149121436668015392363990119915839328481554942228859014162017230402096789045485194550585219643386782679934469039281590078017632355201698239676049454234451776344007496419546686678685735170361437364806940366827659584248180264971948774304040954905026438666964327968442882449957404
-64530746657721197480409.6132348229151982464273438423179001989197531272739406733308569398939759790559316519171383970679930137556474668455075739616308337483111648547789284375805734719394491058967635048962119979328154383955197929687691946546194021906754816402378193075218105289344323210473190090564164811909414632
79815010196166869582054.3793818977345180706424317511520296691058776017591211474395008473027146795837771605216301109700577391480282742432732444100267693088748761476223221448784696323288137980045737426492576062495004540743812820321928867921434475572251600180229002793214212339740764155523915184028169511514678077
-98055298476156650570178.0651068014147660151840403956703413757230070904477430918634780957762693915557864056792711750133335571667279545858763708976310853436172929077638146841366789925432043703707562760107581267776996987320512872749866612246851408728417733696722135746782036227987807888799642823480481456086912382
123305344336245215752387.734905802505301775951219780209819884452393737073912638963753682119421196270434175546014976477640260283862588742512332552566897129832405553069447079650057218563610687180929993672041239724250827898731976372751641664804653057448761277110810399642892364125558943053769917531372687095910837
-154904170524062059321989.596135053559087432723540851097500777466354095796502011561643805442094868041076086767643444890604506960155054510726827814664075569641005292743503499213917455663265122446587434189719246927247058334845791089773221145468380429222589801536732111457234746177625579418518515445606947576942429
197855377151808269040087.446874705126087801497527548399599692485073365012543662583462701162677521250825763784209508611090432943426975488904402670185567109649768835580330352532241280678900105054094962938578359965194788195929012602679509259813701237198191568534996054195824424258640970038561975479654439188409489
-253245188555590147356995.941635933540352180178281650975971811010824667321848320011206828906015942858311463144958760673525050735812111602486120717079383830707523951374814516292459842237034802896598433880707573563558424142606767301233878357610232237732930979425279958569371244626196042229433487316126139329717839
328015194308677378945958.986543430126301958363372265906449407666970358133856672021030747346079063701275087088741210048857343665764980555086003344076333521064596398011828249528148891353639531996774535983809320897643080942966524070906258416795868762831822682982192875682911724633854545833135030948700199678968967
-426268492432764117800712.210919129837923694154894405103150742208188753184095538919790759987594143100250960494073674054811958145995650605046499858062708589092818573682154854427560492879171804683507697984451572617893812889989231936896242648548583218513445863601569804439727962977354706853546956184376719384957255
558630772920185076683775.974003777723906190840224762897665801128600200486599489166718814794848418392510007977917682855771750150803801136358416009403129387963856063331985597634887480079625013186091972079235933164673182478524416355617004568425363771419816063878247403163208655031028973010948165741781901619118284
-734479546556520249091887.788370842990504408731517372325955379188852219909195179859149633892572814236784790138830801878331407550451545115319213750776697234362761833195527094901500085168541803751183819615068441034174817668946169114711803015577584483597660473082327443149469290382300089843056272228691920018436022
971111559061318287807389.167235090498057215294351498167720701646484632970270919629563327725357013215064029742064144304933775540720326866472845600029073183207358933688216202276910581339222330238996606813739654640180921715913802260017393188750477381435250497064410558095348465925230809515754163630621568524066869
-1286967742401886707848103.70165612254102993191343451940196152055179306576422207504415717869750140185174859905737777483119514430638117528397962397895063660113331319691807467610670641830357958907241945152581920463524610499755083395187768088857009257386052132308851437010843750910491538489918984043112810036406553
1710802367440840639989555.43221300626706918243825293881320172561092059406982262484276219730838635967584545427444440473108831762280415454903697848015711866832006261654603661085705802333763981384777263128778339038702586755781143822031604004612489813858340141462555753290677303005564452603990571174235781654523067
-2275910544548356530360737.44112796538991491071233440341632840985973482834437361616898839851215272920046694610873942062864453074939722031216145720220307488280676914349589677853765621153997666275441728018671364678431236626378506970832340032506224201758697277116504517759654963500984582628699811849385662600018514
3029289359026645051161351.27665724615482844494985752985768468349204207880113777924438675226938293388618026351959855062276629068711683768747573220639483575441556778880385937817994716372503436392618924636560666146393364000146145374299512376971706090923293177487702238947812852331351818657842649479601963429801773
-4026498566493109900612187.49997341871541166526300553365203760998635784137687412399112241052499865799963819221000735492618457403354167718666795065977402417113042368321983263599253041676133474622225269516900681300978229185486233067169066534727208233610881435861291723871662174725728211216111691174617925066152313
5340122996367301650875533.87879795108672957000730007661795855946705838234159307671778443844681794614141448816363651238839335219830314017065048140118639399512585278496695738479495987524094325503490073867448357242670140715492865859932321872772536869070298334000083731034080689864835440530822170847081203942379184
-7053831767939095255442781.7008783314441010302682257634259220212883373815497554226926419200778106656000787448181557420869368020487504542134622681895181972776931926433602187694044415053854182912050769464115058961340708285633429124074435200856646309000439011249633385489386746577358579506618662418586229870218824
9267862876552952611705744.41826956999962421767395742165928404688870803718714704046249206621782663050339646993131511910277524368952099746319335823639886212792605042822312723724252378321661194282611830311559501477470472486672228144838875648817809977717122966084747240870139957067369449617603604796600091513474436
-12088710316576030891611466.6151726035063175334603914388744594432933063767478822033079404063823510822277833369149293158605977017252211846309600020336122860248219553496285178848125808439091151494289527334617380108951206215863989254343253400647975214073764310029026211861046662453018380086731515043704792920073155
15626738004616236697464881.8712485337052432918564586990075641183044999767314625459791503079073549576532015148445313873072808968317854565492013998330337327434701536098290139634949589037109725045232488292658300225893380238003428291263604999604043990669377004411023567270705803007316673173126614330043964593276723
-19975242434046975183661150.6964674122334456283205325143907921655811380080387156891164670620597647777128636054882190804558786138313093560447400297936671360223487205954253578637483287303006406796304779566661649537214419505425984907419166964658904146573197259665143714643907014721726410561333142726210921957415002
25193403345901183505753559.1044960135547642579284801126663699755085709309217529820388221705677367582948611180293301366668216314672338397869995420183037531560897433615836345840037947303048638715037402099166501682079174369858912312240633277470129534824133626438419931378109792408934901325098459894300569801892141
-31268924515492796275946206.8771098423773155044001057679506760765905063219122301283586161539609676026204101495231440901655040848552210796481166300705860182718600136835765776415625549622754257753327412778953291579345388183503254526648126678805258336458603341643194018358267897972536172784682300811593489563524743
38084650288937526734793294.6818171098321258364817492484890151171299181076965218198606252438316360830523911649451885881198282965154712115141129686942491681783165311942623378435717774348691090917983439524154290685319369522084725517557551102853976543581257572024557193214769844764015584272912451716364974432988381
-45371673040840777398119647.2251125401810497403619316918806155929067962817454325750771956640217232557072184613648920054486658464688522761354230263269489896407091007313644424282941092856977778112941826215930561239883644790356836613361083872172256505189209754035291409952852769786758237389877890129458323204426265
52680759842025490424067515.3527145151936798283434525404230605619846745853696212477625256389804230491983901596032931311348503838939925777274423509998440402729841477599316607588910382063226191582925701059003385314177532492870963797153570099385832722044736677497472050312895949570062949322482576856676501148064255
-59366237721021290396078140.6756594958434613910414334089853400906405475232879908193612283604640799435097900446031643841739583325805094500557229175006728291919487767897884525002935043907751399439224677268249649444665754683147630059481215820651901318352468357719643860852213999255472325574147821199610874279411094
64622880527741613623634867.28535336123876033425677597015593729703369955402557344039048275937994849382403029591237697357334238543426833992348871404521542937570259775007141835760613318253156135372899387555062685098571302671161590744498691299682054848778255562713487927967858312536033033389836441136127716921471
-67573702429323456134877024.1533133819552421252885634952466190481042194227530537866226410589243662521149016054514969959721104163558947504724191622369609738966238786289209431162489926193159893574779765600329561930590555404942448177402604545161051287578558905972210264406189303634075701817957394555465036954319815
67436230927516075879500965.2375055202546102292190764566138081104926107308462355270848618779078869302069986364347848588560787013914845025289961520866332156306170099083313044517427735719923620154022985420375103533308458061516845173256424749833192275183721653999229396598203811608602423617356170368125360388923854
-63731395644226341881505795.891334896873209254191122013758186951081621848093171211670369434010086818436797822030713504227929304915978792010808891906815838184342306896945021094615945949370909983842995456363395400921520282833520199149086090517090168343897502072837484584213708922083408438212624189822218024111572
56503884933022140205064867.6031958242630031060295162341347170881563922365538238621725076144746413242473982101208442564544442801467393679354662477566347512262507456328966361366078203038887179860137162767037269403835158022526476224008450674669506380028087407223736710976455297859957353444374992534221224951178601
-46451758497745653914602445.5049854307200066345062724883525053120653628062463888055036499260843632058987823773658665209904037935851912654438348405763764279698737660497693564292556552366812726529152785117453786277295914836866268457856071947635703473059246480586794291487165812515623983516878711223304577270633288
34891252787571816614635508.8359594280640887890414061931261445056437267561038777767012784430678008484566809595480698497334645771712177074439519485438672682675470749617959181809510262626064979615442804260244203809289643861910244557700904947954920452042276778092654484851109578035153432600947109056511518782087629
-23485234863189935516786197.1891048858476117575265302228412165261378977465271278333834025832700850645240255241997690006729521317579136897922131686398735188098352407139927984900362507236502062998526938249827630723242877319141892787502064832145682881304094194018552745641707255199034933851667727254007492412198659
13795574304704332160284069.0843624016014667075579233847566427467310472700172299468744672569103738052563925117478912207555373776255847717922292334336317317296584599404541141088401380958018555148803289448638704266844155967489893142989691646938208492722295629215504305501662782144819286542443026735544226504339585
-6804480181963247755606754.44889823829316733947974884351795408828390899128838350492452080715218470653039292207724852916710612123907106202123828008419741813137672820212728470347547832025339643493165487068176693513759024148205932738282938622217887312883470735841242178835124022337261763711475170913343126728728831
2651445708763034726634333.75110702644726793988127056419752012721714308879539471480741380197234243767654782496609887087513264945021810764057248513999486872457920141955812312942650839286898123581899895806339935069515047048843181503218161848469161092357706339009195353380572512040627794150041429555138983654784144
-729369925114853944547116.11506070735391973311164906796590649676304074568942019934698836529548743440047317209197849466080762043876330793781272799081620151932153531138793323561895485325089187948993464172274063424103487282834293775934475400482934337233593255929003877227692592010310809057109655754126951576723259
107670217798273308440223.224379111714133018468272746014943821835755164655103852397995138786673659434607233707528364822703475417400053192342924222188279012971587144698000750721208655815684027953541418045362150801260348207893925475573620299028323755288830859365019729991265907796545023276290994752274662660928127
