222 1
11719134767854660026913.8963686487163321232863602235459875701628799337866412815093616969210435277629673777478300883215230702139086878945757730286795423249562418693713825722284926039568743014051472173713557110230294484787484244484347315275597460367224899579632353727133591581341293085216046649926683549149138228
-17576337697146792754401.5923048975333030501364554029954967119477083136494094665426784632645737851145089975670955699674931086027543880132435465303902243625717041980483666517042274337547158396528412160981904753844742558268758304420457417092759385079811150533611017871623850851764927049246924631794007756134106765
11313839968507645553766.3540551083858673929445665651625341121093249907514393223368709585830680822058406156967138371470298981457284657305927556217982803658465221771530987055227611465961535213538803834917525587747670116061830894410102763194529820484529653913630373282075169044493717180151325442158926052871759908
-8280880827783014298638.61764271071228519000813548553285871783276114986666487952790992562417580184864601749873332392509262570816275432279703035615660321937223285386340486771688086585127759493607953223099661328566243142176817175445331155268387339732425993022011107600559382995825752147033211104935526324095768065
8921651226338640698999.36770248965445710837070414427705835411713379075699831834724950475636363816017049647377064038126125071285084921739816178185843149267099251833897225171182880742825410938004519792355205103634886944578924315317390057268341552830182732150865962693057217245222423161744714455710273403613438911
-7172668862577083536148.08743694058899484531067830952903501241717941687313018989386380254913599518902998619525581634325441551511765670880933649485591049932380692899461426410926875809545289720376187315116628184841732952309754355841934860108689575164549877358417087686568398902266473513911146410755452803882146574
8767325650998416111593.52223514944960098371864908163856490793986990795037392291891085854908224498593588880449087561702089412015054346171686072987413869056189485926396779899340813825931667276054158498000379904015758100440754146236563249145369392162016388495363757483630419656059034289692136323289550435947820945
-7680168472645358545957.82330867725351141205630649110403796856657517988219642498647446565350613721145366997599478674784304218630454885437769095195388482188542923256931505961536964495890237540416665485441176497016403139557338669477340796351607337771981884583696328206499347112270421695327160025766668838467158808
9735210351838427141513.93223835526285062962967235392135172633445648758729093173664752384650547012077075404033304655261407599024994038407152016040093341282856433186602214522095317540991849473850383125801939316085671566038093633430058629867447628418827694750567277733180694619439862294504015334204239602428273054
-9387846063271410943083.7835454560836890483597083027692516150846973860565168392479988369247990393282476267669633793663848979082352800338947140791832007792731427135771689437941204816151646926733187657012579311158620415894087942262255828685359308013224738885852706216980348523997835830985953630007079751280178846
11979818843808658872849.1542157076366764657810987522961696868312082129385622885291120635477707276778908280404390661772995185319035691583246864998136736022646064672186208098322369148896014712958996504999965615827703277939774826797845872850241870157089777773201661489525054818377110171991092555753820699726941635
-12625280421016955460397.1099740766699035320842731516361138774683076490002240808259350647405995452051657674823082762723797013566833384238693809348875396656361834039030147186645791512677377457230526200653361965540564896721101687223421180566795797860787806521029066657623525987270717089310293508971099753280335598
16141209195700342263408.8339218163449497375194178321251031612596828959507528250179904531726373968395719524878519567914811278697748695338445387209006530786377332758221476542717945244864240628776417691049443352211293494968854917456530839761948394862430648533759452178525297788805174110272799269975984714967427625
-18301339324335348130092.2634385181709356952096540162899615851315597659619645454246066938445771953130863572720840565366555268099044487902860806839459884909512292095274947639650082359924593043962502756186139272293142617208372794349712869167140891774409901594190651829707564929901780529615303229777786978295870233
23507273851186925683313.8879095347016473339658075014272636910467942947365507124122065667918982188579166966121769841987824641007784134352723853312674773014518500416712776216161045320127104586549733969290369842878483662152801686890247773343875108284034249794828853448689262055460970291998815095441776251411455308
-28175032588100597524976.5634587010143492006489403657085520706427466123345660566421702167031912294188059608659672658986926002475621745931652690093576746244102497100965788921928680440835154418513762674797822305053523302300941880242384395328046251446420704867382144861719582548190855711884252593562303598213169123
36454053329586979492425.0716408624098870980585205292525501537391435320556005552381243347719726770575578213696094028725939387006008134288918754633911824152163345836230486662306152986578633525905941292152019219764297329730662080576493320501721479775377053278394606918693307685955693207592740575424252144943880099
-45420611549979945843819.5364932987461566406397475203547066231210848392683744973227824190245217950036319101552378134620719421118989951551270049691494185652506107230752319634004923637449445011876693239163781764527501398537306670237639425422722932702646366041862538945672243785206932792537413825495599669418075623
59157398040637223010093.8241801575074203363175928422777602724952109241858889163520627240254593325729028895418601835306286193674106597228309093950720658279022090638850467751866407599577926391947531468468901046572213444155295551323640399515520011803851559940862925593206454389546960560635801522218413743422279251
-75441349367513835636194.4743164373490044328060288137877678462893690299287839731958821718780672703824229889494366164050830529223333502579489638347813794691399926879329799882147981538162606993642483373143871329722948822311308917741286434866127945710737251966994789416510316515443777839021031875406852241958178276
98426102501507873294390.6867934791025211326799940637914677060334235242123726787924262595755167486257287242648298846744715889400959636634465278441166684330625221965422178803402524695149313316191692880243262681697060294418508676299400231005123603269778628029256968359618734879980721544902716379997298891653980611
-126519575035480293547019.140668559256045956460591185892105894855467378045181212132286789043895649040645607212455473041262591739806042019967810165217653365948746177150929784584153954579571255849510381367760160841080421339213602175018719338248491809420817601880024943078435136545211778981914170207811616877936334
163795880445823502800512.157579673618507922195488734738368262754466494172176579273208404687291506304166683355337826183281245300719347732770274010228590029374090995534796594927469445723079542534508744797095495594847528838780272421745824382340094612288559404375963437359963341013200126214803980936121316744027396
-208720232652635686920977.2854510582774376104559186071552833076326598194410360513300797185183271279623059233274789489354463918927100369867259194985179654545839054490559032502397653522708444051127267820798466962364248314276608793986112647013553527826263172576481409892969652917520441969277895918040691188941505
264280599583393527411670.922798301386555124686794261544760067750285545098593412753081684059985830243301503671962710022841419850123114576182404870664347592342317621879001708639989083455394431425150668646232426011182922059117635502408112706637597071391697494334256144013824399069005138076487413152785652896250619
-327203940880154231307320.103854929612198917241275428638504054087217586919014740860462966831633847542872412059524225873266911142443845441117750544683395412735567460472503707646426956189130409394039309697433127644198053135531338919250639160999780463296537342693002001285830780810467861118170643120641542548049225
396841982587518425827399.888709611873646442726052578196836487977012570327221988750348629374246485862079472218717419436507197507233751357621368416514602963187565162857594221950396342060914865787556999616724900515142591414488860896973692384391713733135804806486776012084881707538641160498259552799679928905891161
-464921672060447985616008.460158383900143614123642542639154399512504178532006430719726498308796226445518057444528691416190046839202856830510384451699033919542160090953860723268308826603463088016301514281253113712984879430768914089328546418440025696206399524418077528733029603504847876965806045745420238675350043
524037358176302740051237.382865833912915451111785097010546854488964159059912500106766595674749155267298008996249584740679735272037062873993308946628240404987990055246560212212018593199634878815922506016335057669233834578872800894768213981534161945321197762576884262398939554830083168318704572430673004782647702
-559431429413923120276785.558093995495553428027621187513756111412066804247027758356139799847995956905908261730752968218501431964519538141031411468448451521176120272078508696614262420440257384193464420517672745274281238668974438402197509112216735372867531445097957250669288199945666211208810174703030706145971139
559685799332863669631796.313982909155144733335231046724675807394408433673364535623065165892188942659648293664315895514799062972128604631090511461018958834326361199879746792328202495820384872624369477398860354196727669230125215434601652649575876643058506488815681107347435866093572568208768162287756022415494971
-513138354491414001764778.194949996554256428052948241247784571522012078550048091410481847601812897604448751132148544180740923122134886101189655843404471397621750804995450890443767479447323740141840847328770626276659165143296821946313598619426071471124053831896917819048776805499807996249501076386894616174900566
421767662408145270507253.630067542402448353155357164688887234292948232708326704763663103825189105486315744742230537825264875803655904688348978871555493549263285864025850382967965546498229781076346006896742379510360740396303788000686143756142533165519968570499800323916365099238755668149198115275850948976476439
-298251036539423667478722.760552909192579569645711179492990497032147867102104784319481596018258455850101614106055821717867135492260419222970818046868097400026581099155433693209682487545795774004577950508052229440122442372423154279902351415489287130621949034660275891576119508583255608508044201701990770100222163
172123496135145162642527.580425460270976794823102165373208840173679922744167001598151869026811545050995161269724543188702443525523721432992409618192696595372870848627025756771332200425346344611008149630708512059995029549844211033345268033665035976883177385053136312120136832838732236968214203879755978667212904
-72235657697462936061844.4490163658427860958389610249620713789958044680585073096165503082273400249793630556387602937462024967122571855203885714103719289266839511603776828963595630203857867104356554610600639244539201593251809147777895348241055420451087493773942273167616397373644503985918332935060085047497904782
17476759026510192310924.5355163760635313528388938111332431747423193591449817888663974543436306864958063917437937208608954390891269575773302298277002454167349644877108251102781896204356556957658975779833242755862937887269160442293848593164927058262101390376027274498698858043826011609640982815861917913911437671
0
0
0
0
0
0
0
0
0
0
0
0
0
0
0
0
0
0
0
0
0
0
0
0
0
0
0
0
0
0
0
0
0
0
0
0
0
11719134767854660026913.8963686487163321232863602235459875701628799337866412815093616969210435277629673777478300883215230702139086878945757730286795423249562418693713825722284926039568743014051472173713557110230294484787484244484347315275597460367224899579632353727133591581341293085216046649926683549149138228
-17576337697146792754401.5923048975333030501364554029954967119477083136494094665426784632645737851145089975670955699674931086027543880132435465303902243625717041980483666517042274337547158396528412160981904753844742558268758304420457417092759385079811150533611017871623850851764927049246924631794007756134106765
11313839968507645553766.3540551083858673929445665651625341121093249907514393223368709585830680822058406156967138371470298981457284657305927556217982803658465221771530987055227611465961535213538803834917525587747670116061830894410102763194529820484529653913630373282075169044493717180151325442158926052871759908
-8280880827783014298638.61764271071228519000813548553285871783276114986666487952790992562417580184864601749873332392509262570816275432279703035615660321937223285386340486771688086585127759493607953223099661328566243142176817175445331155268387339732425993022011107600559382995825752147033211104935526324095768065
8921651226338640698999.36770248965445710837070414427705835411713379075699831834724950475636363816017049647377064038126125071285084921739816178185843149267099251833897225171182880742825410938004519792355205103634886944578924315317390057268341552830182732150865962693057217245222423161744714455710273403613438911
-7172668862577083536148.08743694058899484531067830952903501241717941687313018989386380254913599518902998619525581634325441551511765670880933649485591049932380692899461426410926875809545289720376187315116628184841732952309754355841934860108689575164549877358417087686568398902266473513911146410755452803882146574
8767325650998416111593.52223514944960098371864908163856490793986990795037392291891085854908224498593588880449087561702089412015054346171686072987413869056189485926396779899340813825931667276054158498000379904015758100440754146236563249145369392162016388495363757483630419656059034289692136323289550435947820945
-7680168472645358545957.82330867725351141205630649110403796856657517988219642498647446565350613721145366997599478674784304218630454885437769095195388482188542923256931505961536964495890237540416665485441176497016403139557338669477340796351607337771981884583696328206499347112270421695327160025766668838467158808
9735210351838427141513.93223835526285062962967235392135172633445648758729093173664752384650547012077075404033304655261407599024994038407152016040093341282856433186602214522095317540991849473850383125801939316085671566038093633430058629867447628418827694750567277733180694619439862294504015334204239602428273054
-9387846063271410943083.7835454560836890483597083027692516150846973860565168392479988369247990393282476267669633793663848979082352800338947140791832007792731427135771689437941204816151646926733187657012579311158620415894087942262255828685359308013224738885852706216980348523997835830985953630007079751280178846
11979818843808658872849.1542157076366764657810987522961696868312082129385622885291120635477707276778908280404390661772995185319035691583246864998136736022646064672186208098322369148896014712958996504999965615827703277939774826797845872850241870157089777773201661489525054818377110171991092555753820699726941635
-12625280421016955460397.1099740766699035320842731516361138774683076490002240808259350647405995452051657674823082762723797013566833384238693809348875396656361834039030147186645791512677377457230526200653361965540564896721101687223421180566795797860787806521029066657623525987270717089310293508971099753280335598
16141209195700342263408.8339218163449497375194178321251031612596828959507528250179904531726373968395719524878519567914811278697748695338445387209006530786377332758221476542717945244864240628776417691049443352211293494968854917456530839761948394862430648533759452178525297788805174110272799269975984714967427625
-18301339324335348130092.2634385181709356952096540162899615851315597659619645454246066938445771953130863572720840565366555268099044487902860806839459884909512292095274947639650082359924593043962502756186139272293142617208372794349712869167140891774409901594190651829707564929901780529615303229777786978295870233
23507273851186925683313.8879095347016473339658075014272636910467942947365507124122065667918982188579166966121769841987824641007784134352723853312674773014518500416712776216161045320127104586549733969290369842878483662152801686890247773343875108284034249794828853448689262055460970291998815095441776251411455308
-28175032588100597524976.5634587010143492006489403657085520706427466123345660566421702167031912294188059608659672658986926002475621745931652690093576746244102497100965788921928680440835154418513762674797822305053523302300941880242384395328046251446420704867382144861719582548190855711884252593562303598213169123
36454053329586979492425.0716408624098870980585205292525501537391435320556005552381243347719726770575578213696094028725939387006008134288918754633911824152163345836230486662306152986578633525905941292152019219764297329730662080576493320501721479775377053278394606918693307685955693207592740575424252144943880099
-45420611549979945843819.5364932987461566406397475203547066231210848392683744973227824190245217950036319101552378134620719421118989951551270049691494185652506107230752319634004923637449445011876693239163781764527501398537306670237639425422722932702646366041862538945672243785206932792537413825495599669418075623
59157398040637223010093.8241801575074203363175928422777602724952109241858889163520627240254593325729028895418601835306286193674106597228309093950720658279022090638850467751866407599577926391947531468468901046572213444155295551323640399515520011803851559940862925593206454389546960560635801522218413743422279251
-75441349367513835636194.4743164373490044328060288137877678462893690299287839731958821718780672703824229889494366164050830529223333502579489638347813794691399926879329799882147981538162606993642483373143871329722948822311308917741286434866127945710737251966994789416510316515443777839021031875406852241958178276
98426102501507873294390.6867934791025211326799940637914677060334235242123726787924262595755167486257287242648298846744715889400959636634465278441166684330625221965422178803402524695149313316191692880243262681697060294418508676299400231005123603269778628029256968359618734879980721544902716379997298891653980611
-126519575035480293547019.140668559256045956460591185892105894855467378045181212132286789043895649040645607212455473041262591739806042019967810165217653365948746177150929784584153954579571255849510381367760160841080421339213602175018719338248491809420817601880024943078435136545211778981914170207811616877936334
163795880445823502800512.157579673618507922195488734738368262754466494172176579273208404687291506304166683355337826183281245300719347732770274010228590029374090995534796594927469445723079542534508744797095495594847528838780272421745824382340094612288559404375963437359963341013200126214803980936121316744027396
-208720232652635686920977.2854510582774376104559186071552833076326598194410360513300797185183271279623059233274789489354463918927100369867259194985179654545839054490559032502397653522708444051127267820798466962364248314276608793986112647013553527826263172576481409892969652917520441969277895918040691188941505
264280599583393527411670.922798301386555124686794261544760067750285545098593412753081684059985830243301503671962710022841419850123114576182404870664347592342317621879001708639989083455394431425150668646232426011182922059117635502408112706637597071391697494334256144013824399069005138076487413152785652896250619
-327203940880154231307320.103854929612198917241275428638504054087217586919014740860462966831633847542872412059524225873266911142443845441117750544683395412735567460472503707646426956189130409394039309697433127644198053135531338919250639160999780463296537342693002001285830780810467861118170643120641542548049225
396841982587518425827399.888709611873646442726052578196836487977012570327221988750348629374246485862079472218717419436507197507233751357621368416514602963187565162857594221950396342060914865787556999616724900515142591414488860896973692384391713733135804806486776012084881707538641160498259552799679928905891161
-464921672060447985616008.460158383900143614123642542639154399512504178532006430719726498308796226445518057444528691416190046839202856830510384451699033919542160090953860723268308826603463088016301514281253113712984879430768914089328546418440025696206399524418077528733029603504847876965806045745420238675350043
524037358176302740051237.382865833912915451111785097010546854488964159059912500106766595674749155267298008996249584740679735272037062873993308946628240404987990055246560212212018593199634878815922506016335057669233834578872800894768213981534161945321197762576884262398939554830083168318704572430673004782647702
-559431429413923120276785.558093995495553428027621187513756111412066804247027758356139799847995956905908261730752968218501431964519538141031411468448451521176120272078508696614262420440257384193464420517672745274281238668974438402197509112216735372867531445097957250669288199945666211208810174703030706145971139
559685799332863669631796.313982909155144733335231046724675807394408433673364535623065165892188942659648293664315895514799062972128604631090511461018958834326361199879746792328202495820384872624369477398860354196727669230125215434601652649575876643058506488815681107347435866093572568208768162287756022415494971
-513138354491414001764778.194949996554256428052948241247784571522012078550048091410481847601812897604448751132148544180740923122134886101189655843404471397621750804995450890443767479447323740141840847328770626276659165143296821946313598619426071471124053831896917819048776805499807996249501076386894616174900566
421767662408145270507253.630067542402448353155357164688887234292948232708326704763663103825189105486315744742230537825264875803655904688348978871555493549263285864025850382967965546498229781076346006896742379510360740396303788000686143756142533165519968570499800323916365099238755668149198115275850948976476439
-298251036539423667478722.760552909192579569645711179492990497032147867102104784319481596018258455850101614106055821717867135492260419222970818046868097400026581099155433693209682487545795774004577950508052229440122442372423154279902351415489287130621949034660275891576119508583255608508044201701990770100222163
172123496135145162642527.580425460270976794823102165373208840173679922744167001598151869026811545050995161269724543188702443525523721432992409618192696595372870848627025756771332200425346344611008149630708512059995029549844211033345268033665035976883177385053136312120136832838732236968214203879755978667212904
-72235657697462936061844.4490163658427860958389610249620713789958044680585073096165503082273400249793630556387602937462024967122571855203885714103719289266839511603776828963595630203857867104356554610600639244539201593251809147777895348241055420451087493773942273167616397373644503985918332935060085047497904782
17476759026510192310924.5355163760635313528388938111332431747423193591449817888663974543436306864958063917437937208608954390891269575773302298277002454167349644877108251102781896204356556957658975779833242755862937887269160442293848593164927058262101390376027274498698858043826011609640982815861917913911437671
0
0
0
0
0
0
0
0
0
0
0
0
0
0
0
0
0
0
0
0
0
0
0
0
0
0
0
0
0
0
0
0
0
0
0
0
0
0
0
0
0
0
0
0
0
0
0
0
0
0
0
0
0
0
0
0
0
0
0
0
0
0
0
0
0
0
0
0
0
0
0
0
0
0
11719134767854660026913.8963686487163321232863602235459875701628799337866412815093616969210435277629673777478300883215230702139086878945757730286795423249562418693713825722284926039568743014051472173713557110230294484787484244484347315275597460367224899579632353727133591581341293085216046649926683549149138228
-17576337697146792754401.5923048975333030501364554029954967119477083136494094665426784632645737851145089975670955699674931086027543880132435465303902243625717041980483666517042274337547158396528412160981904753844742558268758304420457417092759385079811150533611017871623850851764927049246924631794007756134106765
11313839968507645553766.3540551083858673929445665651625341121093249907514393223368709585830680822058406156967138371470298981457284657305927556217982803658465221771530987055227611465961535213538803834917525587747670116061830894410102763194529820484529653913630373282075169044493717180151325442158926052871759908
-8280880827783014298638.61764271071228519000813548553285871783276114986666487952790992562417580184864601749873332392509262570816275432279703035615660321937223285386340486771688086585127759493607953223099661328566243142176817175445331155268387339732425993022011107600559382995825752147033211104935526324095768065
8921651226338640698999.36770248965445710837070414427705835411713379075699831834724950475636363816017049647377064038126125071285084921739816178185843149267099251833897225171182880742825410938004519792355205103634886944578924315317390057268341552830182732150865962693057217245222423161744714455710273403613438911
-7172668862577083536148.08743694058899484531067830952903501241717941687313018989386380254913599518902998619525581634325441551511765670880933649485591049932380692899461426410926875809545289720376187315116628184841732952309754355841934860108689575164549877358417087686568398902266473513911146410755452803882146574
8767325650998416111593.52223514944960098371864908163856490793986990795037392291891085854908224498593588880449087561702089412015054346171686072987413869056189485926396779899340813825931667276054158498000379904015758100440754146236563249145369392162016388495363757483630419656059034289692136323289550435947820945
-7680168472645358545957.82330867725351141205630649110403796856657517988219642498647446565350613721145366997599478674784304218630454885437769095195388482188542923256931505961536964495890237540416665485441176497016403139557338669477340796351607337771981884583696328206499347112270421695327160025766668838467158808
9735210351838427141513.93223835526285062962967235392135172633445648758729093173664752384650547012077075404033304655261407599024994038407152016040093341282856433186602214522095317540991849473850383125801939316085671566038093633430058629867447628418827694750567277733180694619439862294504015334204239602428273054
-9387846063271410943083.7835454560836890483597083027692516150846973860565168392479988369247990393282476267669633793663848979082352800338947140791832007792731427135771689437941204816151646926733187657012579311158620415894087942262255828685359308013224738885852706216980348523997835830985953630007079751280178846
11979818843808658872849.1542157076366764657810987522961696868312082129385622885291120635477707276778908280404390661772995185319035691583246864998136736022646064672186208098322369148896014712958996504999965615827703277939774826797845872850241870157089777773201661489525054818377110171991092555753820699726941635
-12625280421016955460397.1099740766699035320842731516361138774683076490002240808259350647405995452051657674823082762723797013566833384238693809348875396656361834039030147186645791512677377457230526200653361965540564896721101687223421180566795797860787806521029066657623525987270717089310293508971099753280335598
16141209195700342263408.8339218163449497375194178321251031612596828959507528250179904531726373968395719524878519567914811278697748695338445387209006530786377332758221476542717945244864240628776417691049443352211293494968854917456530839761948394862430648533759452178525297788805174110272799269975984714967427625
-18301339324335348130092.2634385181709356952096540162899615851315597659619645454246066938445771953130863572720840565366555268099044487902860806839459884909512292095274947639650082359924593043962502756186139272293142617208372794349712869167140891774409901594190651829707564929901780529615303229777786978295870233
23507273851186925683313.8879095347016473339658075014272636910467942947365507124122065667918982188579166966121769841987824641007784134352723853312674773014518500416712776216161045320127104586549733969290369842878483662152801686890247773343875108284034249794828853448689262055460970291998815095441776251411455308
-28175032588100597524976.5634587010143492006489403657085520706427466123345660566421702167031912294188059608659672658986926002475621745931652690093576746244102497100965788921928680440835154418513762674797822305053523302300941880242384395328046251446420704867382144861719582548190855711884252593562303598213169123
36454053329586979492425.0716408624098870980585205292525501537391435320556005552381243347719726770575578213696094028725939387006008134288918754633911824152163345836230486662306152986578633525905941292152019219764297329730662080576493320501721479775377053278394606918693307685955693207592740575424252144943880099
-45420611549979945843819.5364932987461566406397475203547066231210848392683744973227824190245217950036319101552378134620719421118989951551270049691494185652506107230752319634004923637449445011876693239163781764527501398537306670237639425422722932702646366041862538945672243785206932792537413825495599669418075623
59157398040637223010093.8241801575074203363175928422777602724952109241858889163520627240254593325729028895418601835306286193674106597228309093950720658279022090638850467751866407599577926391947531468468901046572213444155295551323640399515520011803851559940862925593206454389546960560635801522218413743422279251
-75441349367513835636194.4743164373490044328060288137877678462893690299287839731958821718780672703824229889494366164050830529223333502579489638347813794691399926879329799882147981538162606993642483373143871329722948822311308917741286434866127945710737251966994789416510316515443777839021031875406852241958178276
98426102501507873294390.6867934791025211326799940637914677060334235242123726787924262595755167486257287242648298846744715889400959636634465278441166684330625221965422178803402524695149313316191692880243262681697060294418508676299400231005123603269778628029256968359618734879980721544902716379997298891653980611
-126519575035480293547019.140668559256045956460591185892105894855467378045181212132286789043895649040645607212455473041262591739806042019967810165217653365948746177150929784584153954579571255849510381367760160841080421339213602175018719338248491809420817601880024943078435136545211778981914170207811616877936334
163795880445823502800512.157579673618507922195488734738368262754466494172176579273208404687291506304166683355337826183281245300719347732770274010228590029374090995534796594927469445723079542534508744797095495594847528838780272421745824382340094612288559404375963437359963341013200126214803980936121316744027396
-208720232652635686920977.2854510582774376104559186071552833076326598194410360513300797185183271279623059233274789489354463918927100369867259194985179654545839054490559032502397653522708444051127267820798466962364248314276608793986112647013553527826263172576481409892969652917520441969277895918040691188941505
264280599583393527411670.922798301386555124686794261544760067750285545098593412753081684059985830243301503671962710022841419850123114576182404870664347592342317621879001708639989083455394431425150668646232426011182922059117635502408112706637597071391697494334256144013824399069005138076487413152785652896250619
-327203940880154231307320.103854929612198917241275428638504054087217586919014740860462966831633847542872412059524225873266911142443845441117750544683395412735567460472503707646426956189130409394039309697433127644198053135531338919250639160999780463296537342693002001285830780810467861118170643120641542548049225
396841982587518425827399.888709611873646442726052578196836487977012570327221988750348629374246485862079472218717419436507197507233751357621368416514602963187565162857594221950396342060914865787556999616724900515142591414488860896973692384391713733135804806486776012084881707538641160498259552799679928905891161
-464921672060447985616008.460158383900143614123642542639154399512504178532006430719726498308796226445518057444528691416190046839202856830510384451699033919542160090953860723268308826603463088016301514281253113712984879430768914089328546418440025696206399524418077528733029603504847876965806045745420238675350043
524037358176302740051237.382865833912915451111785097010546854488964159059912500106766595674749155267298008996249584740679735272037062873993308946628240404987990055246560212212018593199634878815922506016335057669233834578872800894768213981534161945321197762576884262398939554830083168318704572430673004782647702
-559431429413923120276785.558093995495553428027621187513756111412066804247027758356139799847995956905908261730752968218501431964519538141031411468448451521176120272078508696614262420440257384193464420517672745274281238668974438402197509112216735372867531445097957250669288199945666211208810174703030706145971139
559685799332863669631796.313982909155144733335231046724675807394408433673364535623065165892188942659648293664315895514799062972128604631090511461018958834326361199879746792328202495820384872624369477398860354196727669230125215434601652649575876643058506488815681107347435866093572568208768162287756022415494971
-513138354491414001764778.194949996554256428052948241247784571522012078550048091410481847601812897604448751132148544180740923122134886101189655843404471397621750804995450890443767479447323740141840847328770626276659165143296821946313598619426071471124053831896917819048776805499807996249501076386894616174900566
421767662408145270507253.630067542402448353155357164688887234292948232708326704763663103825189105486315744742230537825264875803655904688348978871555493549263285864025850382967965546498229781076346006896742379510360740396303788000686143756142533165519968570499800323916365099238755668149198115275850948976476439
-298251036539423667478722.760552909192579569645711179492990497032147867102104784319481596018258455850101614106055821717867135492260419222970818046868097400026581099155433693209682487545795774004577950508052229440122442372423154279902351415489287130621949034660275891576119508583255608508044201701990770100222163
172123496135145162642527.580425460270976794823102165373208840173679922744167001598151869026811545050995161269724543188702443525523721432992409618192696595372870848627025756771332200425346344611008149630708512059995029549844211033345268033665035976883177385053136312120136832838732236968214203879755978667212904
-72235657697462936061844.4490163658427860958389610249620713789958044680585073096165503082273400249793630556387602937462024967122571855203885714103719289266839511603776828963595630203857867104356554610600639244539201593251809147777895348241055420451087493773942273167616397373644503985918332935060085047497904782
17476759026510192310924.5355163760635313528388938111332431747423193591449817888663974543436306864958063917437937208608954390891269575773302298277002454167349644877108251102781896204356556957658975779833242755862937887269160442293848593164927058262101390376027274498698858043826011609640982815861917913911437671
