17 1
0.030000000000000009949909557560743950383259154591450507109599343884582509901316213020619162399341831455237312989514288593103102232743510083654290942733903856876389532779900919647278286627210488257936260497414735850958167577750601477553706235778510527157918697928158908412380233046989759661606407916415211965324
-58386.4150687192318285623893244376305192199754858590323261144309539194429500335163709848293322459772450017113320424391650208621629881616081819294312091501775783364987717900812253025473559256639441499171395914956762535490452570078081979742577442276940450412196991876370412631105790665398634310769657810582188259
1642956.52473467196274108309837691628432227029930936413661178126743887366780345545629770078177415941903791960143373238078033352194084674135225424949595439132814946131689102467377556011097240231197610568120956833953084888797788721930572605305646344266136129927801978917688597537538517451047008861215143246933272
245.066401867548077787341862075190605011667915092122596796966449520041654723523372034142350759763386765455512603137667326298193171644584095113199062859186475299240251323263948637588018339008839941516858453883062784402794394932547610250117295665429089164517237944795869580523208376942905901312299351864177213127
4.90691492746967774077368731098622650479072819746705009284633402665669381550055993225062000920359181615091776031640389349527396304774945427905871488591245848670068034416623208525842374274667194455964213559700423476076896609713870339913729810700463985847546299220317522480292203252880180337839967871505733755843e-29
-3.7614790043017927203681659746956623769655748908177750662608595480839704712793425589328788694003280271873482305492756355883224033280721902477800970478731076708943318345434922877909546769437942559025416752880860092190188303843329845909149186786233982711581476115755113939428850146835434468177396000786011279993e-27
-2.67202444316589459354081249919564071388924154217728092312908584199250160441439835862686543773017279188629675510160230224833601800174172339970744558730990028474007195193063603821424332520041588960265962115836249954197926176307242986338709149481246721271003471535574136916657068818873771809050124811355339560227e-31
-4.32614651264403562298731402485487720572329846601853263154747977024214293332975891663009458632872780927239376133812298205545567822196135846716711344895536266894905086440299916206163224917085462523560048138221044431471091192062330771694392767196624540701818629113045206349493575492661208886479768582095833948485e-14
1.183415547896716315042547298507496348012404936620314257540725788478580171618647399000426691664431060514460926758000512151892912273105901208739518639021337049478569627502351351293536804499909956920068542313977935649537945385216003833435663591959964858552391238283568592358837990790980481006937896588788019254e-13
-6.00959507834616185964554621860970681735857865507337108105705235113551048222436965089303927264856543415655382860403260379648662482037054908613149499864410346595884765976377300995989270479388842722725722266320730614825914947022237038627934219481059777317287491274869076276653439096414054784910919361932082777121e-13
-1.12917357086495700105267238412921119249036499448282558023400493314881435227255172990177059966894672393404795368235975713445150686308446133529656129173416366229932860137386122238226465937229342674087863152519822986320881278864460518915744400801505775204456610448962949626247872146520363216173373481368802017942e-16
1.18668274087854756297622809698122085639905228980398049522462724301164201030677403039886997583380931873358481067704688288872077875035626700225300590025437092281213634786591194114109417512798472667240894818475704091371256063408874275000076557099060158723687653255447501388152588719989358199165066896033741023671e-12
-1.31564942185383918607330733374654812698749351720969333610089908860896624308956840826966260431285087805034698867029874988536105530930123710993912705990773158850820900556250439337837598721699244958893071425528593933891480362817239103950900786641941960307540675247976431192940334745617483573431411010821988995385e-20
4.15137966247040150391382067839848136361743496271336308437520739785482410610099311572635064631096389592185307265141655073685125136988073965033631248239778297957808680151296643791561400850231330727287281524926092110536192149543803920088015481833728063166571501875367260244813940626897635613481307035734457196995e-11
-4.34276871495494444223290036540045511889406003789766329448281340438278864812384611315711803152151617861080787391523228542057998527518577043840826450979806580070950745940642747657724760193114233153056148666663271135449959409303957188787867463622017369784402560216191538592744193959438673326754486257939705198502e-13
-3.52376911017804454670479095611219978778314116549813770211799192143445902451354497290217872633679754854108324729526058280702733777431236011131563869426001804389094091500212419537996984831282327192968282977559694333962053887428726683468978277246814005444901600478310214673797348715741592687372256209576140162354e-18
2.14774601170410000306086040575732746181463566821067497547069413282991209357782123081039453940687796442963654342400607166739122190666870590861027409076451586166180822541291792607246679695194997435067797878664942514460510798198538593892962151261813765180350449784250129814885616802697598000450890846436679870987e-16
