96 1
-661529721062759615653291969053593721454620043.224427430310771708178323207050668050128451317295388278684237120400278606703967718566217775585631643311437112370456945241671764185670045862303020963803828239674446246492211806462698786199760566539762052298086205552921794202992167383765862683761019255368454677756995
1218546164742497976098676557616348322772775920.25782826846519478929130288417614765358691140819154723354503690254363846208588811446487620740777680113540315351001720387855731269031797242644608043802951113517025583160699310915409692551510734146490737139780016462884048635662339463871756024075470155573897383616136
602767865591377026440194027700794556059975860.131405397103367072598403972692647269278802210349133869887077679326739643238560818703525664171700273904231677104206785830556073641012697029875291583066887759670761848020110539900112558563352681855878168229443009294411836711253838766383779396679485124161334677038281
1256319294316115646728903137012421601757148350.18404372851973520317584320789030225526172856848956793569969735218235261963048894868806565851233444791174915986099930572146169633286851427648850156894691447026884648270309738496731059054815055243306499240584158552198532364851425513658964388374333989061920352183624
719130956555349334597583312852081498294302459.99023444351851487006931941272895205137215926649816248643209747418608705859763996044128473660650798889407829076444195885612992716925708578717121331114226988619807429642624593649384234170976595568884637211838840628720114025699785146898715106322826246708869879038721
1250499153839460784584086437487668752319627640.77709858879714427195746140593257338508687870958075440031124798423907239520181694655934116964185009173301627348498738269737279594202864216720280657153174644567270801734364038193902177607924658700980938690407493621988024422406926176490574592541805062433775506274861
387737581870838642788563170246829490948800714.573651561670450793410132991089475477858031863774254994044812369404987409599382428862822745009687851680742794206500422314218146731893924495632415566037926675278677704150845970116010671552700445006949456616072638432573961493979006791410903332845376218464740738261791
1360130707104006578160044013342363403478032723.62502505826872126702842587617114224898502195542748864074903035416088763862390465647347354649820633969458393027315737654494121623851026433502587721706545439543997580747877288013949676049327566585470399406239164754953548563216619676127035998918753109445872591332924
-164502033936337102008137103256000183651288202.172793759896267642067547679986139870201258595680244858335183015238883027859823060934317251590602419961784097569172815768865263886176263069208995502539404154576271085745839804257701727045372772008248603235894031225906894875192393437428461968139310698495020433772594
1814052204542305614342421060584635962765975135.23322213996407771741095295642770148032869749278199438550272332654565217301565274557832255255349315114533058068937125707614671510448635847164046272503926273682864778488696906722144949484540460636573403850692990361938262920604694950719116121474404849454922163099169
-1091798618825872419609769978705053140789449740.35348093073397229694539436920826755564201508542742191431068084863963458610483054891207070424512686666209024736932326026954481320629873788901421275291478865759615991154588094912434689762236651833590206262926650194513380176439311844860432247827289310569155350053892
2777817059206953079890939479583259601593451430.89713655051285992177451257732543827631703260582477670158379578376203528091088116021219714529904821960091871429871289792786520906487418825084881137128297601015869236472360637577932838980753114702524296568412206061148155452748252422434640877789435579001716547961756
-2390276832566915125433825331393164134728846324.37057236461894563465158764184249829507797122012222484360715726161147097229545852230677618894233835286307936357573693245687477138510021083035738715583907580443426215799847676172577045883336843631973462618782192600753015960056828197496939046866256182544227687892676
3750574640996227494592239665686643060890238173.13245210849660414222138596052191484325124013709902010286924647918831755232588933346177694531564446934755139699423339308154166954581073482063456206245635867055886677637007236535219021163340261716353648318978833720478113185467530752073514494450388029247539918257968
-2697211056369707702576912716404560654933804503.24316711872404658374497574908081241924123873846787590990903158665362035145922100950960084104529256291491073575924140420128975003589041765462852548060274750324801434643234713117678370510524978111000554469110609369087039253771422077330294370824474572377733102486444
2410125617555750318194926050345643750952072356.41134105872080294020593456615342595272098914684322520742554098006973154193432422497852433502226045762732379162193680004118092913932935257334004100611483231925371249831061255155831913673317635741999321759573924541413110103435185145619085882112497632792169926166313
0
0
0
0
0
0
0
0
0
0
0
0
0
0
0
0
-661529721062759615653291969053593721454620043.224427430310771708178323207050668050128451317295388278684237120400278606703967718566217775585631643311437112370456945241671764185670045862303020963803828239674446246492211806462698786199760566539762052298086205552921794202992167383765862683761019255368454677756995
1218546164742497976098676557616348322772775920.25782826846519478929130288417614765358691140819154723354503690254363846208588811446487620740777680113540315351001720387855731269031797242644608043802951113517025583160699310915409692551510734146490737139780016462884048635662339463871756024075470155573897383616136
602767865591377026440194027700794556059975860.131405397103367072598403972692647269278802210349133869887077679326739643238560818703525664171700273904231677104206785830556073641012697029875291583066887759670761848020110539900112558563352681855878168229443009294411836711253838766383779396679485124161334677038281
1256319294316115646728903137012421601757148350.18404372851973520317584320789030225526172856848956793569969735218235261963048894868806565851233444791174915986099930572146169633286851427648850156894691447026884648270309738496731059054815055243306499240584158552198532364851425513658964388374333989061920352183624
719130956555349334597583312852081498294302459.99023444351851487006931941272895205137215926649816248643209747418608705859763996044128473660650798889407829076444195885612992716925708578717121331114226988619807429642624593649384234170976595568884637211838840628720114025699785146898715106322826246708869879038721
1250499153839460784584086437487668752319627640.77709858879714427195746140593257338508687870958075440031124798423907239520181694655934116964185009173301627348498738269737279594202864216720280657153174644567270801734364038193902177607924658700980938690407493621988024422406926176490574592541805062433775506274861
387737581870838642788563170246829490948800714.573651561670450793410132991089475477858031863774254994044812369404987409599382428862822745009687851680742794206500422314218146731893924495632415566037926675278677704150845970116010671552700445006949456616072638432573961493979006791410903332845376218464740738261791
1360130707104006578160044013342363403478032723.62502505826872126702842587617114224898502195542748864074903035416088763862390465647347354649820633969458393027315737654494121623851026433502587721706545439543997580747877288013949676049327566585470399406239164754953548563216619676127035998918753109445872591332924
-164502033936337102008137103256000183651288202.172793759896267642067547679986139870201258595680244858335183015238883027859823060934317251590602419961784097569172815768865263886176263069208995502539404154576271085745839804257701727045372772008248603235894031225906894875192393437428461968139310698495020433772594
1814052204542305614342421060584635962765975135.23322213996407771741095295642770148032869749278199438550272332654565217301565274557832255255349315114533058068937125707614671510448635847164046272503926273682864778488696906722144949484540460636573403850692990361938262920604694950719116121474404849454922163099169
-1091798618825872419609769978705053140789449740.35348093073397229694539436920826755564201508542742191431068084863963458610483054891207070424512686666209024736932326026954481320629873788901421275291478865759615991154588094912434689762236651833590206262926650194513380176439311844860432247827289310569155350053892
2777817059206953079890939479583259601593451430.89713655051285992177451257732543827631703260582477670158379578376203528091088116021219714529904821960091871429871289792786520906487418825084881137128297601015869236472360637577932838980753114702524296568412206061148155452748252422434640877789435579001716547961756
-2390276832566915125433825331393164134728846324.37057236461894563465158764184249829507797122012222484360715726161147097229545852230677618894233835286307936357573693245687477138510021083035738715583907580443426215799847676172577045883336843631973462618782192600753015960056828197496939046866256182544227687892676
3750574640996227494592239665686643060890238173.13245210849660414222138596052191484325124013709902010286924647918831755232588933346177694531564446934755139699423339308154166954581073482063456206245635867055886677637007236535219021163340261716353648318978833720478113185467530752073514494450388029247539918257968
-2697211056369707702576912716404560654933804503.24316711872404658374497574908081241924123873846787590990903158665362035145922100950960084104529256291491073575924140420128975003589041765462852548060274750324801434643234713117678370510524978111000554469110609369087039253771422077330294370824474572377733102486444
2410125617555750318194926050345643750952072356.41134105872080294020593456615342595272098914684322520742554098006973154193432422497852433502226045762732379162193680004118092913932935257334004100611483231925371249831061255155831913673317635741999321759573924541413110103435185145619085882112497632792169926166313
0
0
0
0
0
0
0
0
0
0
0
0
0
0
0
0
0
0
0
0
0
0
0
0
0
0
0
0
0
0
0
0
-661529721062759615653291969053593721454620043.224427430310771708178323207050668050128451317295388278684237120400278606703967718566217775585631643311437112370456945241671764185670045862303020963803828239674446246492211806462698786199760566539762052298086205552921794202992167383765862683761019255368454677756995
1218546164742497976098676557616348322772775920.25782826846519478929130288417614765358691140819154723354503690254363846208588811446487620740777680113540315351001720387855731269031797242644608043802951113517025583160699310915409692551510734146490737139780016462884048635662339463871756024075470155573897383616136
602767865591377026440194027700794556059975860.131405397103367072598403972692647269278802210349133869887077679326739643238560818703525664171700273904231677104206785830556073641012697029875291583066887759670761848020110539900112558563352681855878168229443009294411836711253838766383779396679485124161334677038281
1256319294316115646728903137012421601757148350.18404372851973520317584320789030225526172856848956793569969735218235261963048894868806565851233444791174915986099930572146169633286851427648850156894691447026884648270309738496731059054815055243306499240584158552198532364851425513658964388374333989061920352183624
719130956555349334597583312852081498294302459.99023444351851487006931941272895205137215926649816248643209747418608705859763996044128473660650798889407829076444195885612992716925708578717121331114226988619807429642624593649384234170976595568884637211838840628720114025699785146898715106322826246708869879038721
1250499153839460784584086437487668752319627640.77709858879714427195746140593257338508687870958075440031124798423907239520181694655934116964185009173301627348498738269737279594202864216720280657153174644567270801734364038193902177607924658700980938690407493621988024422406926176490574592541805062433775506274861
387737581870838642788563170246829490948800714.573651561670450793410132991089475477858031863774254994044812369404987409599382428862822745009687851680742794206500422314218146731893924495632415566037926675278677704150845970116010671552700445006949456616072638432573961493979006791410903332845376218464740738261791
1360130707104006578160044013342363403478032723.62502505826872126702842587617114224898502195542748864074903035416088763862390465647347354649820633969458393027315737654494121623851026433502587721706545439543997580747877288013949676049327566585470399406239164754953548563216619676127035998918753109445872591332924
-164502033936337102008137103256000183651288202.172793759896267642067547679986139870201258595680244858335183015238883027859823060934317251590602419961784097569172815768865263886176263069208995502539404154576271085745839804257701727045372772008248603235894031225906894875192393437428461968139310698495020433772594
1814052204542305614342421060584635962765975135.23322213996407771741095295642770148032869749278199438550272332654565217301565274557832255255349315114533058068937125707614671510448635847164046272503926273682864778488696906722144949484540460636573403850692990361938262920604694950719116121474404849454922163099169
-1091798618825872419609769978705053140789449740.35348093073397229694539436920826755564201508542742191431068084863963458610483054891207070424512686666209024736932326026954481320629873788901421275291478865759615991154588094912434689762236651833590206262926650194513380176439311844860432247827289310569155350053892
2777817059206953079890939479583259601593451430.89713655051285992177451257732543827631703260582477670158379578376203528091088116021219714529904821960091871429871289792786520906487418825084881137128297601015869236472360637577932838980753114702524296568412206061148155452748252422434640877789435579001716547961756
-2390276832566915125433825331393164134728846324.37057236461894563465158764184249829507797122012222484360715726161147097229545852230677618894233835286307936357573693245687477138510021083035738715583907580443426215799847676172577045883336843631973462618782192600753015960056828197496939046866256182544227687892676
3750574640996227494592239665686643060890238173.13245210849660414222138596052191484325124013709902010286924647918831755232588933346177694531564446934755139699423339308154166954581073482063456206245635867055886677637007236535219021163340261716353648318978833720478113185467530752073514494450388029247539918257968
-2697211056369707702576912716404560654933804503.24316711872404658374497574908081241924123873846787590990903158665362035145922100950960084104529256291491073575924140420128975003589041765462852548060274750324801434643234713117678370510524978111000554469110609369087039253771422077330294370824474572377733102486444
2410125617555750318194926050345643750952072356.41134105872080294020593456615342595272098914684322520742554098006973154193432422497852433502226045762732379162193680004118092913932935257334004100611483231925371249831061255155831913673317635741999321759573924541413110103435185145619085882112497632792169926166313
