222 1
11488641774012288193283.6584388539066467099391360229179862449019458206693461078510524802034293609259238615223504781305893724353311332253960483617291937580453689934976387791534825426984717297984010191576564811369500427056934114426183639562465439587675009807741737906763228353926794566691663235087051146213755029
-17230623353428520482970.0927067058965624751631436646064424538766654992703807371516218434258759651914828245371342500220765823948681127390316276615297029872838585154525226534581497552446797645870638647352739203008269064006850199415231787365679150308270250179799653813131548904815704395965663149670653418291513509
11093342887351206453726.2369608297329159121935799245059294110030464604645738699707326539939408720825752815406722554365365087364499370529416093140668996305827006330832128454120703565821397940607247043781804362835935592106125923345279999787416782287955507143904187424728191791252262228607605701294758572542027095
-8118048102582185694943.23132347174314372853128210083313541178589923925839826174488440306976364937447988858642024575347963966133751822720955602649558884893703032392581204825420359132161667622658940062461093760474532592114102816052779475145788346785226981933426381094122048277731694642425002010972848718795529252
8746740859829526685466.58590723907703799005652322013868587466802984980988064491692884243653102308610068445879431517089174427411553918447739784740593630886528723041208024060111339591828889028696215802283025075675166174684598195281843847916006487125323275192735500664409890487069604761117791197619250184734662055
-7031823266574110809811.11288690907688757378440074807808269244430301937595388823052501318014495946046963013651468662043249431299242001119843236627308526703547857830552539360257358702136372777773929617990503469870954019445195728676755565633753053056695916119917085835887152641735285683848804815705349963450935365
8595187751904791252127.70901963368736186407333480601456256029747817246375539530695069820231948711189412502847339617280358489730612411005924149984365782399886149472261677924037069643069649837723567899218034301376517114813996535619030638245396953030557990903335926617532127062304337263232010846248803761426982948
-7529244076497067368705.43512412679121256670563992748981489098180492884249006930102834688965111473798628522427040995442079621202209026029101562670156304071625733793348408260567748362169723139018577283144038713586243477926051639309887551630596575551988316767306157654990324701074137581791203641126135908186840118
9544089193094180106486.73066258359593520827763212361548228896130387119035906690466883846849832120367876318112975639012259816874352932270545248656278326126119061132017478889740318821969280523567592047229626436837169735247515286395569990792917084921379376126595369526812064924369304671101882155822989621174526855
-9203006776236580944899.25571765288259530268758838769883189923013485920747755023171758535754848961881898732469126161358964380965863734377790776158931132296808831228117858549317215411161647158908184880351975055874655976071390961540166476973438266722891102646853403788660023596100680553316956945993424632018587968
11744731044089426385229.2483325674754795271328284632522906747141091896832509477778469753459370821171392411940847866535719470593230910784235007441481908598677726928474333411389918727215215823304537206508399043203571098817510965826938700298810252975620681800423598355488782981875885889794337216769165379232160032
-12376365204790319106850.731724744094468114972187557331709695981985535969786261606009560632041926722125102626124588688866420474583007013570545267013637116637448876569193426897350164385039199271803163199675418217677081240926659572034694805519343402568630381736281287242351341349761091515126200919833648716937951
15824302916886660473209.317006419851415158879081169001784857856840932488657168832110648615877130871713138410456954451066708262696858848094253717309204894881223457896465300517732679536116102232302988552488944062639750266014186240753835156507450867221548607703622348857927058189966030448889586131492725371359661
-17940324013662481626568.5451117226012376645756446801086477441618682455668876471576345646849728125499645775396416496228223048129433418030088520524567686761201137001116113500627950490284088245768186413100614745099261012604559006510781562851847899574153228655348396764478535201416040054972979985776088933610330281
23045186770206456916489.7305588642668665250544352669882484664628727681740804860655737184751476226867371053739492789025708546275038619797066326616063076815263975326809868129107102710325379575018817383531416513092915991902711211701504525457615076659422988375348646437866681948973501121992339611467150147340485439
-27619112301958472896136.5807674557856933000508572023040468511030599546612471517228971741502653033368296067099221600441347881579093944408999347932044568076377933623479577935772422143666849122083104794053797832263131197513983306520826583132159797083682872970830233052766650552373596948893301124756495559047858072
35736412817500624535692.7497600955039345096406491888750252082432736543946436736258928010321137608782389391266372290464692398842042203637780893053951586308824097943812332793360823393384156153972274467386558508682270984926051064932563368570848364863229008441448008871519219632963583415237876264053292431083200471
-44524132549053067888043.1837926304320561938776492885375076915091551580983821925303491685291326262520446617253478653294096079164497886370084207222752436818050558240382357719682395830790033733093478909070924545138663896450732704956506009096522626554250619737671855177658748494229718859150004301484263288766207508
57991149716292256991345.4090162196318885766198310531655473892890292478213950794455768210692246454257475597852900235075219370613363825359882568295279568907567787582072896586833474243455763368729703498313362213610448290438388168020120177367051375155003302639963369916024997868371157446159005264894832430622471244
-73951542944832982441144.7980504905550222503414768167496703814526710305766138641531889117802050099294954662875414698331498482870511830124704855965372077292011327939471187330695093909995954252924214982649378670842407723340704592977973541362781874238602799503127847566152335799163103186872965296272040624573164346
96483169956916607572472.4959605123947293063413997566148179906514855452804224805585049745511184578483760241136336216621258516646834327441639260522672353367195115596377056653318147113660169145929543587578110915398327889619659996807053069876258100978487454216991552737809529639687823297949056683027514955180162572
-124019184845220349290580.406978944757338528743410359335204543817896211068317814644852321535567302739761209587684270016806367023443626562842137690224326551467176077936492327750463336302772621409923406289975557541694192406652810214486631266707122612399293134391803000442739104034659974488541462605894193304979854
160558577075761998604049.201376447378978722857180992910090965813098633054210563446184126422260876237138807733740351649549884618501307312326308666722447536519021166232290654136298640930060859997319606225171530077605086382292673368472421704757589455293686922182093839000033418485286156822864949828295368906874797
-204591348412391021008835.5964348299624992460844818024686438854020065451328204340720614249017995089961391121068116178701877889320112371839950763638528768308372469359728364875800580592720728937055667903687541243498041154524939758230465157623845035017090111632919950259678821615748358843498319520023576167824988
259050729750398422585981.719989542381124975658163075061906141130017271507866983315838161917051297495180780402062367110635916814784115306759611045918729180990126959588639264105161006427007623147374963337252149212862359390745432107475825013700663455999824120972043496710253129479531362130407466829978559694838842
-320723585703556164837996.156630641801806891995991193070743499086632674408954517074940945523205145180155914066167263897411557094988076677444157955440375234792331953234923792646623721369982321954098538010232047572755858723087742131895957176305640742017809862609600158497268204427051313123520996910515971179652825
388977845123109743115040.119293588565950334284653173992494031704622916740503563686194718931450571207302798819599526740269317504149400319136090670148785489279096945198572270022022870208650299857402633145752424992956876053020574262529886568511256216033318464527994336359551807688997918198720046742110534711598286
-455700374799191474571366.012050115766192014838447175664953904378022071709777239717916855657345000607664855869358158446976760104294030686236644872309663512599509578342140763924476871394697585421593887922524248268086836603985385957877177216528717841802924303286042736635726458914984158710156847204416074684729189
513635199567708292581081.80596726953337051053165417731692199933370109198522166614399607047274708289611488738310865114755786962583836212045065557802673424871515846120337476688966615194244195587806514267088104901547743484755424644583487763609796166079783900583678848246731975059731295147992443359463336208663594
-548315160694866789985973.701805771779487320167502966537127259517861741739830475485700448846200821349750681699732456010572574497291604838576915259904619611915451580185865003832971317506209344406129566860605071737195982443042148731900858959678169418345238552110732826844608103700170796492993855385436958165013017
548552492583913601985409.64489206392485609117280449731074909942879917894047486974428134120438368346736906887539019448424138977561563059248793295169282121596889178501625407116716209521676476474928386024868695586105356555643154745114245579631906875317035376424080767550632632150423170924259590929793804472105546
-502917450857719396015262.396944396460408990821619919181188180879596964172450358913991164646776000163350334255564171659516985991120153612345541319327656605378286351376785195699415682781266325833301322904473367212722881824092999728124860517548095679900628437215817709973419489886832121080646965780381684674055039
413354520836526533864379.094442721693285900716097725102978569545014862323711216383049648855288210109651587826714942900353648159435096320330763400735130224011969100432098010114415978102318005191929542921280480268361213709935051446967187974420375466758070176190807073646401133233100036460780317458086870543115388
-292291217363379777485238.974806074658617180003318464718184331231520556028735120620455739500353215496536771656165925729449234225930884177187143160827173958830478520574968980944785108441515817291681843367781027676587194091609163115011511604540089509067304737686973970745046827398810086133157481987304241249435194
168677217663452917866819.536495109103222844046039729656200689536539367295265312271072286722690783661247837188120076851841013905666000372116580611605982281267242335938111016371099573276873270816298045707298268264167398948010773191195498930066485168501908523928212840924889347488806871950088205315645027139489678
-70785819505279180142450.052704473148444019924034841241060097669929000532851385558637174322215694842850598582473633650221814489977529677256213078449528003681307886191641989074564088454658663499786893410045506589658058684937240132362089624824521877904604490361618947314529253583388966457859263108925660243615014
17125060766184668977367.4268982986208070891569590855083329595860226439471430112428820973023940714868958040933747808307643198623948411179355433377131356546244604466224220912136640944426271574749227739197300031901175226017955033498036477291648253519480582045291379726160431286145854475965094514765197407533234125
0
0
0
0
0
0
0
0
0
0
0
0
0
0
0
0
0
0
0
0
0
0
0
0
0
0
0
0
0
0
0
0
0
0
0
0
0
54509866300729697908140.7488583790195551979528397643767056082974902588450820062432825865707285868556599265307447543289153816682495311639938878639201794336155563911614242615067694883481653275963641891043030830304770887454087541176153374387907336948929293786368013030068638518375777788161591117096730397643809299
-82184955862240119616496.5416056957331911465520711364753183538857411597268772884766436895585393289101493253591226959943734728547224350046621752785014813194114551095695105239889478002205543018634358369125673634032712589941709292000035692994582763257133186165313271781424087215597795225150611978177691726053958072
49184410143964947370341.9458368971173806254399249671446577240900893573088407845437447032676610255722354595468035069427328026833164530198833567611593907228891360338995623936440052279170147523473495248491410213441594502974644349177032270274728144252749606048105675025765771115229835092613751898012394948798948141
-40462911773803756200069.2465793261248516336824402571647353488289669281849730679005276116983152895065357732904712938601354583384844653774822656353249251955736359302512120096792333220852572853896301113248392084657070052346115372335050279072677171224126455253594878551169354501864374809042492936058453724707330857
36843820144333800251807.7717411105253388733769092814895284510933539508811481392343597613710448811290539347561104608330136686874534178031178929867246679321688139623028681743187511001687836920841001105175372741135913483472393076244717705638336422725366321040464959085244529513956636965000298557770777814486210139
-35603880670839304602823.8183739066788705974647580656586290703357742010283020243812543799128838453305413557508354552795447663176320245055987908971995779459154271916923939070031499896902517506707889186344212947982615423785483487369752118854985195627033803266934532909057678303310577054443491656089899262271777718
35924360097652894459771.9722525320943497890488928654037864442580064357549619581232725697967696571151191571560719325805918115575667053845600792000148810083356380571361853455139157031015185649436432188982941162870179156310385391551544974677467008035724208625887335843469114422064175415531710551374970323540984337
-37534429327559493715159.6825471845200981289361606844253632701815772361112054286646338301026628208988022860710401711457743238053337303527761817067834117393850695934340742364673264849726695620140446401767196003124358198580672054504670288530435616487792193715803665131050127473140617324392281728103150591499685478
40404803610857029836342.7599876723840122724913958101458913045259309110266799279544099705859119318374892758534595574926862314909142853731601349570076890271770074044432769585882516868637201152488033434631063393056667601496676309373387676483485356319536864538337612542172206866728034085672548537539057924560867888
-44657513727410417804954.8506465331865424721150523264850780546944870270367237667477144856134505806990545901664650390417348138377723692005438789054000912312429982113256778856218662110827843815081848652143140941089428557841692117924515097665884433636319067583324714026714582485001674032019565285444709986610288293
50543590371773727490002.2537327887606546016485182952220811107309053998718780656693672442831796903493731537280628263537885650457262601394827809088227297192424868412677831129041440203566971714007702793432206244339035694524225328171538968124015253398676330266305861904065369867629785523470519288907868495901760229
-58450768753480317432239.4063102354804514359391104334841330256416357708115218713552586451872031015105509398140490545384773695012438002705128058139090698383955553846462948965446484116401004395996859345498229081887629286424725745441908497362401116045681738632525845249468037534353149827439164356451642600914747726
68930010486592258234986.6845530115415077252305042729971302205618567566505001203319313011877488851669988832912194734564826999058159416593078528555679989060205784357795951375568239987075666842343379700305323882406299949635913951035617681120339230899987861644225882178705574341552331350506995738753145842522153544
-82737846067576016432581.198218968332357901727284468568959494031362924822082478120960138953561423080625236168628673208654844748725731054363273743453276573734787760966044343377481035281681602431037044706992659088322136947708023274600138149307732468141143698607890563841423695607041999557365755766340697666638952
100894198798055475055919.636767540556187788827593508657645011263592612411519424924763981891568091588629633352548547933626707210535301608236262991592783241656214706329189518821997099137194683041167945363662108344066719003651635681939014256270551388899483224181212620377324677208548200626064534903171169715261084
-124755441020348763398740.124837072808394302159154590281364314953240277591035047682820781398993751934005899441284955185980016177525582868695836841314011314750929578547646430704472937991797838186194990248576788560258350032126753984313554057835613770874822354262905249325179957301759182860233330659507915004321556
156100250636320884647600.056985684554492007339779242168349143309943579637532758222689345649038362325509394711078068994290897131519685760787701959968113564396873087188823627126604327514595246615745892150403481163668396668830260879606255580647291225202865954295697414460453342393397326118392688530802317263570415
-197220533136863856130181.132418861248584196638214670642088824467012618542329831750713342937585116706737062416017131107912271597854387492986943780875346671659203689175894722043419995205263111612314222486926281714013012278525462194861548391756962208610254455996002986971553366664180138536867129366115932319494166
250999624431153947942266.950292612638972505407521600035218700580692851637776975718117833745826885646656189606578568292516165726113900401525503384061460155913426061733582068093461729275035462816476148347254725192443979752802346834208779423312193206514036600564470766426880628741683327893634771097005043763494657
-320943008141224207887464.831012023799762530894410368230997592190473067063572355273007182370073825329641367321131051364120183051772634234094391706634506129620646887521573767330329821452570490449667718024485479046775829487538981585577187143854290629633753428798788473105068383932591854509641675698600591452359694
411100734507674880036847.658804224994447026643435448676146606172384685930550436182511412282774541490377601331589401689589979374848936115102530330984106347822953142525343996911108247294292493942406736567174133456259398922835384902182425137175650390031306255413555086225664258469256661555069670755482544431914283
-525785135468202317677848.683682472153321018352104148980782688842251867758691261532715823116682878677447518659185941374487675649634795870074449933809235910999723409791786138158039530193841124909145972976842246337000801969396369157264957364517082386427438142574584200012004153771960351575518750781855216057322549
668946879933672260626696.699309956072080821959560775189961866882304957648200420895540642554193986555853307929759152468313072066938458668034034858572890728716172091496991511937336956711807700252721426178283072309525485748689545256823302209155345303424874962142609987389517371749208917070355606701950900465525905
-843042610820479183491402.088442637792452726836883217925803515329372080638609062950507742855198254898761036744819834870342134331851338494521724836195820014154959291264860074844960637710874736541010629243887778315831924532451209995272602945168549409579792426651511640684696142724851788396367727633379262164553173
1047243713505155820724108.69574787709447253974024119324313485169035972131475133941544396064275988600025288717767498855394470328692200529502911512249727406847980933413156101956368313423266311037164402442996272083043624388692504691576770503159930895671051139425229119019898023361960719971530986032667923376528733
-1274960848296922947908087.8682416130440176215655083714455272107216292843577614732841535719366724986609044793749387437398046043612194554430046564018407471195770361158882821258136434571756132853961174841261675376847226501339697977473960124117015040945762695134864978667561634395342468477851458256172760337574102
1510978841227673696877924.76888145208379071278959016521075050526347732151838633984056334318594319589067547740860600134758819543594770948764557533664577769380792724540096982821242147281562492460143157745717014929511211133176241745024780857256427478076986077277012021526218412772160466074518011383293173169706866
-1729083527318380539767186.7878513864127124534841942329199863835680009753383503433067875757887312214587275449330741528269602864439775968451299814807182099526997417605004322347192068278907126419056316321892826441765551145391480436461521620710616459868853180550671056080247842096606735245668888417648268870102654
1891872633531321131075271.02217630121255892516308940096270947287615194137003110140713705900117704739707833194327031061488715392748528941408346800787512115835665879197765923931080068129108188694326743179965262238975971599024950015345621373906565891618578712951086668547730486380236680066917501033179102359470186
-1955137427016011248087431.16613696265489995444348327533144992776079603803975606056996881747985067511488143901939456879996878606521316359189317960368941756910313417268912414574286551826332447775709625673926560931479566535282384053184776701393965492482736475873173147540090389175859319146183982059959919872461307
1878961178391087520976738.23316182202155217586149137879262705279877048269019772412683418419523574794429635415896138870251314092637331507206664358296680222430007660027503687252794045352932431921785542097868208466146637481733951501284143718652388193836289880874506413321805540713474012401946450182870720487470571
-1645289928783375372771520.94025164911827669755649561037285767871522892344554389640570075541660073722080561573879214145519996871027345400199126631293476236631129674397683233746834406731680041015920619907652731888631362702963186903572953305580408084899328228188621697991225158844031181355172062422068493286471611
1276436507858927459879256.2417856729708942632567980548915105599749754551565487647812727104002685926293128054338424358967831421480064283449530428050562800037159668026468239945598702036197948002664827824527314817898990880865744218191938288413877517949067072454962571858014523024986869286407198873429923126185519
-842442833677202763738392.374602213690793452693834007034385080809050729877141997171444305142972974447308331457055940817483328654290424236752569124152917217966626456094221786915257041869511450905314374138323730521371474651069004430992273870033672195977908190051917665759956262424716553660887198764539618210762857
443523850972082082547904.526565090409381919996453352869476997638505595422014318289042272235343695821207444831515329440236949927334619666233967550835829876756495333781445991751636674772887292365815553008381713761929034520839273016759008866698438185286403359516466295034248275412973811728726134463865493198694667
-165597738578935030352983.124534548057286222354564999432957066680006906308988917601691236037668824169831560441252717283029655416767642177610273402825772018783053406311567715257448843054038016005826570339891601501182091854749100570819569069880961501720155404193274966315406164567894985569207237928437431458076325
32892019376386570915408.6335850757885621670241235400578766569621330758864875781368614145618391547142549109075975340150065940894947506330089597164782586946826485695975380500878782513528710573208407769998947949231219466086973347987305633141269636326833216906485975745518429428250154662587639957930178468668628658
0
0
0
0
0
0
0
0
0
0
0
0
0
0
0
0
0
0
0
0
0
0
0
0
0
0
0
0
0
0
0
0
0
0
0
0
0
0
0
0
0
0
0
0
0
0
0
0
0
0
0
0
0
0
0
0
0
0
0
0
0
0
0
0
0
0
0
0
0
0
0
0
0
0
11488641774012288193283.6584388539066467099391360229179862449019458206693461078510524802034293609259238615223504781305893724353311332253960483617291937580453689934976387791534825426984717297984010191576564811369500427056934114426183639562465439587675009807741737906763228353926794566691663235087051146213755029
-17230623353428520482970.0927067058965624751631436646064424538766654992703807371516218434258759651914828245371342500220765823948681127390316276615297029872838585154525226534581497552446797645870638647352739203008269064006850199415231787365679150308270250179799653813131548904815704395965663149670653418291513509
11093342887351206453726.2369608297329159121935799245059294110030464604645738699707326539939408720825752815406722554365365087364499370529416093140668996305827006330832128454120703565821397940607247043781804362835935592106125923345279999787416782287955507143904187424728191791252262228607605701294758572542027095
-8118048102582185694943.23132347174314372853128210083313541178589923925839826174488440306976364937447988858642024575347963966133751822720955602649558884893703032392581204825420359132161667622658940062461093760474532592114102816052779475145788346785226981933426381094122048277731694642425002010972848718795529252
8746740859829526685466.58590723907703799005652322013868587466802984980988064491692884243653102308610068445879431517089174427411553918447739784740593630886528723041208024060111339591828889028696215802283025075675166174684598195281843847916006487125323275192735500664409890487069604761117791197619250184734662055
-7031823266574110809811.11288690907688757378440074807808269244430301937595388823052501318014495946046963013651468662043249431299242001119843236627308526703547857830552539360257358702136372777773929617990503469870954019445195728676755565633753053056695916119917085835887152641735285683848804815705349963450935365
8595187751904791252127.70901963368736186407333480601456256029747817246375539530695069820231948711189412502847339617280358489730612411005924149984365782399886149472261677924037069643069649837723567899218034301376517114813996535619030638245396953030557990903335926617532127062304337263232010846248803761426982948
-7529244076497067368705.43512412679121256670563992748981489098180492884249006930102834688965111473798628522427040995442079621202209026029101562670156304071625733793348408260567748362169723139018577283144038713586243477926051639309887551630596575551988316767306157654990324701074137581791203641126135908186840118
9544089193094180106486.73066258359593520827763212361548228896130387119035906690466883846849832120367876318112975639012259816874352932270545248656278326126119061132017478889740318821969280523567592047229626436837169735247515286395569990792917084921379376126595369526812064924369304671101882155822989621174526855
-9203006776236580944899.25571765288259530268758838769883189923013485920747755023171758535754848961881898732469126161358964380965863734377790776158931132296808831228117858549317215411161647158908184880351975055874655976071390961540166476973438266722891102646853403788660023596100680553316956945993424632018587968
11744731044089426385229.2483325674754795271328284632522906747141091896832509477778469753459370821171392411940847866535719470593230910784235007441481908598677726928474333411389918727215215823304537206508399043203571098817510965826938700298810252975620681800423598355488782981875885889794337216769165379232160032
-12376365204790319106850.731724744094468114972187557331709695981985535969786261606009560632041926722125102626124588688866420474583007013570545267013637116637448876569193426897350164385039199271803163199675418217677081240926659572034694805519343402568630381736281287242351341349761091515126200919833648716937951
15824302916886660473209.317006419851415158879081169001784857856840932488657168832110648615877130871713138410456954451066708262696858848094253717309204894881223457896465300517732679536116102232302988552488944062639750266014186240753835156507450867221548607703622348857927058189966030448889586131492725371359661
-17940324013662481626568.5451117226012376645756446801086477441618682455668876471576345646849728125499645775396416496228223048129433418030088520524567686761201137001116113500627950490284088245768186413100614745099261012604559006510781562851847899574153228655348396764478535201416040054972979985776088933610330281
23045186770206456916489.7305588642668665250544352669882484664628727681740804860655737184751476226867371053739492789025708546275038619797066326616063076815263975326809868129107102710325379575018817383531416513092915991902711211701504525457615076659422988375348646437866681948973501121992339611467150147340485439
-27619112301958472896136.5807674557856933000508572023040468511030599546612471517228971741502653033368296067099221600441347881579093944408999347932044568076377933623479577935772422143666849122083104794053797832263131197513983306520826583132159797083682872970830233052766650552373596948893301124756495559047858072
35736412817500624535692.7497600955039345096406491888750252082432736543946436736258928010321137608782389391266372290464692398842042203637780893053951586308824097943812332793360823393384156153972274467386558508682270984926051064932563368570848364863229008441448008871519219632963583415237876264053292431083200471
-44524132549053067888043.1837926304320561938776492885375076915091551580983821925303491685291326262520446617253478653294096079164497886370084207222752436818050558240382357719682395830790033733093478909070924545138663896450732704956506009096522626554250619737671855177658748494229718859150004301484263288766207508
57991149716292256991345.4090162196318885766198310531655473892890292478213950794455768210692246454257475597852900235075219370613363825359882568295279568907567787582072896586833474243455763368729703498313362213610448290438388168020120177367051375155003302639963369916024997868371157446159005264894832430622471244
-73951542944832982441144.7980504905550222503414768167496703814526710305766138641531889117802050099294954662875414698331498482870511830124704855965372077292011327939471187330695093909995954252924214982649378670842407723340704592977973541362781874238602799503127847566152335799163103186872965296272040624573164346
96483169956916607572472.4959605123947293063413997566148179906514855452804224805585049745511184578483760241136336216621258516646834327441639260522672353367195115596377056653318147113660169145929543587578110915398327889619659996807053069876258100978487454216991552737809529639687823297949056683027514955180162572
-124019184845220349290580.406978944757338528743410359335204543817896211068317814644852321535567302739761209587684270016806367023443626562842137690224326551467176077936492327750463336302772621409923406289975557541694192406652810214486631266707122612399293134391803000442739104034659974488541462605894193304979854
160558577075761998604049.201376447378978722857180992910090965813098633054210563446184126422260876237138807733740351649549884618501307312326308666722447536519021166232290654136298640930060859997319606225171530077605086382292673368472421704757589455293686922182093839000033418485286156822864949828295368906874797
-204591348412391021008835.5964348299624992460844818024686438854020065451328204340720614249017995089961391121068116178701877889320112371839950763638528768308372469359728364875800580592720728937055667903687541243498041154524939758230465157623845035017090111632919950259678821615748358843498319520023576167824988
259050729750398422585981.719989542381124975658163075061906141130017271507866983315838161917051297495180780402062367110635916814784115306759611045918729180990126959588639264105161006427007623147374963337252149212862359390745432107475825013700663455999824120972043496710253129479531362130407466829978559694838842
-320723585703556164837996.156630641801806891995991193070743499086632674408954517074940945523205145180155914066167263897411557094988076677444157955440375234792331953234923792646623721369982321954098538010232047572755858723087742131895957176305640742017809862609600158497268204427051313123520996910515971179652825
388977845123109743115040.119293588565950334284653173992494031704622916740503563686194718931450571207302798819599526740269317504149400319136090670148785489279096945198572270022022870208650299857402633145752424992956876053020574262529886568511256216033318464527994336359551807688997918198720046742110534711598286
-455700374799191474571366.012050115766192014838447175664953904378022071709777239717916855657345000607664855869358158446976760104294030686236644872309663512599509578342140763924476871394697585421593887922524248268086836603985385957877177216528717841802924303286042736635726458914984158710156847204416074684729189
513635199567708292581081.80596726953337051053165417731692199933370109198522166614399607047274708289611488738310865114755786962583836212045065557802673424871515846120337476688966615194244195587806514267088104901547743484755424644583487763609796166079783900583678848246731975059731295147992443359463336208663594
-548315160694866789985973.701805771779487320167502966537127259517861741739830475485700448846200821349750681699732456010572574497291604838576915259904619611915451580185865003832971317506209344406129566860605071737195982443042148731900858959678169418345238552110732826844608103700170796492993855385436958165013017
548552492583913601985409.64489206392485609117280449731074909942879917894047486974428134120438368346736906887539019448424138977561563059248793295169282121596889178501625407116716209521676476474928386024868695586105356555643154745114245579631906875317035376424080767550632632150423170924259590929793804472105546
-502917450857719396015262.396944396460408990821619919181188180879596964172450358913991164646776000163350334255564171659516985991120153612345541319327656605378286351376785195699415682781266325833301322904473367212722881824092999728124860517548095679900628437215817709973419489886832121080646965780381684674055039
413354520836526533864379.094442721693285900716097725102978569545014862323711216383049648855288210109651587826714942900353648159435096320330763400735130224011969100432098010114415978102318005191929542921280480268361213709935051446967187974420375466758070176190807073646401133233100036460780317458086870543115388
-292291217363379777485238.974806074658617180003318464718184331231520556028735120620455739500353215496536771656165925729449234225930884177187143160827173958830478520574968980944785108441515817291681843367781027676587194091609163115011511604540089509067304737686973970745046827398810086133157481987304241249435194
168677217663452917866819.536495109103222844046039729656200689536539367295265312271072286722690783661247837188120076851841013905666000372116580611605982281267242335938111016371099573276873270816298045707298268264167398948010773191195498930066485168501908523928212840924889347488806871950088205315645027139489678
-70785819505279180142450.052704473148444019924034841241060097669929000532851385558637174322215694842850598582473633650221814489977529677256213078449528003681307886191641989074564088454658663499786893410045506589658058684937240132362089624824521877904604490361618947314529253583388966457859263108925660243615014
17125060766184668977367.4268982986208070891569590855083329595860226439471430112428820973023940714868958040933747808307643198623948411179355433377131356546244604466224220912136640944426271574749227739197300031901175226017955033498036477291648253519480582045291379726160431286145854475965094514765197407533234125
