150 1
10547730660581986609193.8149257830270158752802559084523657916579485609708999936177695501495360988593586511888985665836685268334267260425086045660408092806155431708428217474355961458935602377145546473163807987414088850727787163009863090537260174612072985737556077305504662831423324065527184477966708359090947664
-15800799772669612848839.2788363133656447051430762797349239312990034065654786531972292131540333638013457416059354037101279497956249054869778654775798451460635529966116368840547212121654074971934895977580840533244251565476149703392494015621522120908292099413223184679523744954473836679460649761436337802545247426
10669424057186256510321.0161353692889710762176473465093373872561590698318078628262805410063667930129695319015884359578990615117825854897879592468188229670018403284816948284173017656567843767093031817681766037499898957610824222323383187587455377049106571650120132235190305581972894820775270688230944383616418225
-7559828332724383476781.52665936758051729378666375468241862256941045469641216879114874329988999518000432596721885205406144008038091618172473947780634588363597916288130783148057447411922599321185828238194684165337323096909005951228101361516929792996570245249311135369805846856603721773906999768249476078092101167
8840841545501217022401.08779470407839467438135393184653495062412929761981997746879866915355535977317193890652534694703568991963134668018305183779019560448325511491990778277763143792109700122605377688523164900241424277562182652195854107681831376354247754198750134210166199772124944074573229516553356724617559301
-7058701107187815240974.36231161497552793352686667404693089592744471854786918612955853794810154622645201248581224974797413724382694223249958719402995158926195746788074541922599764096211908688991612293005890947853159784499667237797132722333278892414219062686717665814651341335343399995360438001493740719575583301
9227155294406547609263.97038748434610906170180859537613327587506846966495494884728609690254710638728677351395116190586707835086034662585920591155625416045825766808329135596390275605914745492844859402738154452618143547265695339155296427598199454888465237741304960399625152441630172793094499250861786189329273962
-8392384614741478090926.21917518559942782185262958222652485667502065174991391471656480058465023012200628843874482723850664622797933862546069010725530540845262610194126968140753918313988108790626087086554136900185948301849612171397192951908558761955001463422615135073597497148622386006506671434541031378284023082
11151656480491845026606.6763998949308929505806548681089169948720989354419154169416094003226482978101396188161105374254164804700659362581964997909495314817025009302851779061690237129564175951335065550940954537255883378567995838490144250738695619700030805562545044570542333602954721759999883703111747014073571035
-11476302095824145919799.9835154153729461288160732782813576420240462934805769396221462053859591778377961612493951955275676226112108979807148653212487041265182937879620375067672238192397825100178137205835331858906718890286440180216607633710651272737157329853784494058957860248649274621929499958604809229244533501
15178427388571951029542.2847711618706180065300573117489971163799254306668053671672836096625879210356927030354426988240959217436374672913940710662299645952637864404225537270611149660600183817378838058531611083829252812496766189498282985253935598914855824315441875563418236081703921281630572411498812759649129743
-17154151580721079083094.4570108718579324884310327159655506992926162277166938493591110542446354454532664384706081655566225342112303466290974236281973317923813822453743203469266195369830013667760885063104492482944809768115391675691966681265324932884390719066260407377715389688838915441510337806449065084272812636
22520756816017385025650.6309826924817177476346604223134517708804177777733460224941479965339472423767541683834962421493085883922501751433839929350847276640860954104990734320911279869649920813036462430241613711674490131748774246011143767309753213381261277201779656267446151136421627537630609473596555598955503613
-26933166718291301813711.2798949064195150276642428487903207201235666668384420891688699537324781950013530074251827417503523543149302507511099501294305438164279241984439933720500179475346161038574953258688514149979514839582778664542878209705058514020541106605582613757003225511157964630608250871761050974511492307
34870022699982342623342.2405637834462582496362238969342570391706670368530192456566564172609842121044180342588466176003191344265663951436285266547721622614341688325835153883096108444443291148081664850151680073768683652247741476343782697069042745057630794784597365138224433927235006741075120008221858390185519634
-42399715744803033320320.6241462239638750051160128674482841434911963674241698483321251715277541512806170585550281935521986056666330539865526430449770171883825667322000735197103121699748061041008706973014296660575538510294235755350848585966935832050970595798449843030055715311898399657757341494491167548066178827
53087032486125329984426.1752705577995220778013292427683295462697430521090549709799539006021998193475583063808527507050742773417248610882912077875757719796935166460085202926572378321397836985596069504102853847010345537006026473805653651213639602647551424515676321504505592005930353668083154596997144677151824619
-62643736071501931983425.3545842535689593603708798557054491536219823588161092484775345543211600560715476650313785521580259026023004075541572622855639956425537309841355613929085781465484769650037723131148754306476345687684237860682384778076587134399209311716839614912144300598394257772571302167716363737981449012
72915768139321438630705.4573466516358051013144349440540754489198667888311799162911059853561299413557919180402073214627852110575945043790701001020942872891500893831394122474553327950399702983480594845123444792778976177680825685892229887142615214402756464404860947182455225747062731158454586934054890806032533729
-78273538086895162273425.2672698380860014050242569087231127261143273730399931956316829183873056544885356919357741509030043128047096102808540022861970141832529449593228078192503702172689902254765231266822605796287117722108325845812609961508656631886065307544838536411651871337456936921837343012866584798359354275
78695612936031360132140.3021055539584679432778576085663424992549528086884749561013966643118909429214475460670552775688673603931508520247785341269549981980362606436401113399356050130118245265976958811286873961958088558145047691384497795679479052757991825818284934157283387296499539462105634162384718433959068022
-68766975462778680956487.156169683147937374804634995931804625158355280747581414602141612736801414660775377022166891117874383781567337109378416979516144715193164435091998802003504808535562178356356060030516944514434131840727239620818146490430561237298286485258647825640168752765014076849551621522758269787663987
51260668229065848242693.0132815817285508683069134732186861328861222989394910586455747696036904304293239730468324157640248418038493913592051683714148580891253946530736453429446231325406183273140800954274380107917755550273407073713472985702106054914430442336238083122023428656022289056415780936091185775478967203
-27983253508908119583839.3983323346340498028826335769165032589434914521043127831084681813100751194879585554246367050495534201573587756040625997489684548612639528202284923637385657224003690401003342153761895794311449906901503980830314861670126161785798293838521587240723579799047534377029554605325269371037037876
9562950419955090731230.18590410442317461334092269227352426079942201741518494730875212171798646247747876700278078374788653383797174684064855462165273827973560812494961508052009673731053561846402875668442027699635338620117763354571560154193835493130822227640337884609376229824390966581825040950397917100194737802
0
0
0
0
0
0
0
0
0
0
0
0
0
0
0
0
0
0
0
0
0
0
0
0
0
10547730660581986609193.8149257830270158752802559084523657916579485609708999936177695501495360988593586511888985665836685268334267260425086045660408092806155431708428217474355961458935602377145546473163807987414088850727787163009863090537260174612072985737556077305504662831423324065527184477966708359090947664
-15800799772669612848839.2788363133656447051430762797349239312990034065654786531972292131540333638013457416059354037101279497956249054869778654775798451460635529966116368840547212121654074971934895977580840533244251565476149703392494015621522120908292099413223184679523744954473836679460649761436337802545247426
10669424057186256510321.0161353692889710762176473465093373872561590698318078628262805410063667930129695319015884359578990615117825854897879592468188229670018403284816948284173017656567843767093031817681766037499898957610824222323383187587455377049106571650120132235190305581972894820775270688230944383616418225
-7559828332724383476781.52665936758051729378666375468241862256941045469641216879114874329988999518000432596721885205406144008038091618172473947780634588363597916288130783148057447411922599321185828238194684165337323096909005951228101361516929792996570245249311135369805846856603721773906999768249476078092101167
8840841545501217022401.08779470407839467438135393184653495062412929761981997746879866915355535977317193890652534694703568991963134668018305183779019560448325511491990778277763143792109700122605377688523164900241424277562182652195854107681831376354247754198750134210166199772124944074573229516553356724617559301
-7058701107187815240974.36231161497552793352686667404693089592744471854786918612955853794810154622645201248581224974797413724382694223249958719402995158926195746788074541922599764096211908688991612293005890947853159784499667237797132722333278892414219062686717665814651341335343399995360438001493740719575583301
9227155294406547609263.97038748434610906170180859537613327587506846966495494884728609690254710638728677351395116190586707835086034662585920591155625416045825766808329135596390275605914745492844859402738154452618143547265695339155296427598199454888465237741304960399625152441630172793094499250861786189329273962
-8392384614741478090926.21917518559942782185262958222652485667502065174991391471656480058465023012200628843874482723850664622797933862546069010725530540845262610194126968140753918313988108790626087086554136900185948301849612171397192951908558761955001463422615135073597497148622386006506671434541031378284023082
11151656480491845026606.6763998949308929505806548681089169948720989354419154169416094003226482978101396188161105374254164804700659362581964997909495314817025009302851779061690237129564175951335065550940954537255883378567995838490144250738695619700030805562545044570542333602954721759999883703111747014073571035
-11476302095824145919799.9835154153729461288160732782813576420240462934805769396221462053859591778377961612493951955275676226112108979807148653212487041265182937879620375067672238192397825100178137205835331858906718890286440180216607633710651272737157329853784494058957860248649274621929499958604809229244533501
15178427388571951029542.2847711618706180065300573117489971163799254306668053671672836096625879210356927030354426988240959217436374672913940710662299645952637864404225537270611149660600183817378838058531611083829252812496766189498282985253935598914855824315441875563418236081703921281630572411498812759649129743
-17154151580721079083094.4570108718579324884310327159655506992926162277166938493591110542446354454532664384706081655566225342112303466290974236281973317923813822453743203469266195369830013667760885063104492482944809768115391675691966681265324932884390719066260407377715389688838915441510337806449065084272812636
22520756816017385025650.6309826924817177476346604223134517708804177777733460224941479965339472423767541683834962421493085883922501751433839929350847276640860954104990734320911279869649920813036462430241613711674490131748774246011143767309753213381261277201779656267446151136421627537630609473596555598955503613
-26933166718291301813711.2798949064195150276642428487903207201235666668384420891688699537324781950013530074251827417503523543149302507511099501294305438164279241984439933720500179475346161038574953258688514149979514839582778664542878209705058514020541106605582613757003225511157964630608250871761050974511492307
34870022699982342623342.2405637834462582496362238969342570391706670368530192456566564172609842121044180342588466176003191344265663951436285266547721622614341688325835153883096108444443291148081664850151680073768683652247741476343782697069042745057630794784597365138224433927235006741075120008221858390185519634
-42399715744803033320320.6241462239638750051160128674482841434911963674241698483321251715277541512806170585550281935521986056666330539865526430449770171883825667322000735197103121699748061041008706973014296660575538510294235755350848585966935832050970595798449843030055715311898399657757341494491167548066178827
53087032486125329984426.1752705577995220778013292427683295462697430521090549709799539006021998193475583063808527507050742773417248610882912077875757719796935166460085202926572378321397836985596069504102853847010345537006026473805653651213639602647551424515676321504505592005930353668083154596997144677151824619
-62643736071501931983425.3545842535689593603708798557054491536219823588161092484775345543211600560715476650313785521580259026023004075541572622855639956425537309841355613929085781465484769650037723131148754306476345687684237860682384778076587134399209311716839614912144300598394257772571302167716363737981449012
72915768139321438630705.4573466516358051013144349440540754489198667888311799162911059853561299413557919180402073214627852110575945043790701001020942872891500893831394122474553327950399702983480594845123444792778976177680825685892229887142615214402756464404860947182455225747062731158454586934054890806032533729
-78273538086895162273425.2672698380860014050242569087231127261143273730399931956316829183873056544885356919357741509030043128047096102808540022861970141832529449593228078192503702172689902254765231266822605796287117722108325845812609961508656631886065307544838536411651871337456936921837343012866584798359354275
78695612936031360132140.3021055539584679432778576085663424992549528086884749561013966643118909429214475460670552775688673603931508520247785341269549981980362606436401113399356050130118245265976958811286873961958088558145047691384497795679479052757991825818284934157283387296499539462105634162384718433959068022
-68766975462778680956487.156169683147937374804634995931804625158355280747581414602141612736801414660775377022166891117874383781567337109378416979516144715193164435091998802003504808535562178356356060030516944514434131840727239620818146490430561237298286485258647825640168752765014076849551621522758269787663987
51260668229065848242693.0132815817285508683069134732186861328861222989394910586455747696036904304293239730468324157640248418038493913592051683714148580891253946530736453429446231325406183273140800954274380107917755550273407073713472985702106054914430442336238083122023428656022289056415780936091185775478967203
-27983253508908119583839.3983323346340498028826335769165032589434914521043127831084681813100751194879585554246367050495534201573587756040625997489684548612639528202284923637385657224003690401003342153761895794311449906901503980830314861670126161785798293838521587240723579799047534377029554605325269371037037876
9562950419955090731230.18590410442317461334092269227352426079942201741518494730875212171798646247747876700278078374788653383797174684064855462165273827973560812494961508052009673731053561846402875668442027699635338620117763354571560154193835493130822227640337884609376229824390966581825040950397917100194737802
0
0
0
0
0
0
0
0
0
0
0
0
0
0
0
0
0
0
0
0
0
0
0
0
0
0
0
0
0
0
0
0
0
0
0
0
0
0
0
0
0
0
0
0
0
0
0
0
0
0
10547730660581986609193.8149257830270158752802559084523657916579485609708999936177695501495360988593586511888985665836685268334267260425086045660408092806155431708428217474355961458935602377145546473163807987414088850727787163009863090537260174612072985737556077305504662831423126906900496287376325305393070442
-15800799772669612848839.2788363133656447051430762797349239312990034065654786531972292131540333638013457416059354037101279497956249054869778654775798451460635529966116368840547212121654074971934895977580840533244251565476149703392494015621522120908292099413223184679523744954473538687877074133219304361457718069
10669424057186256510321.0161353692889710762176473465093373872561590698318078628262805410063667930129695319015884359578990615117825854897879592468188229670018403284816948284173017656567843767093031817681766037499898957610824222323383187587455377049106571650120132235190305581972714386520024883381934419394402324
-7559828332724383476781.5266593675805172937866637546824186225694104546964121687911487432998899951800043259672188520540614400803809161817247394778063458836359791628813078314805744741192259932118582823819468416533732309690900595122810136151692979299657024524931113536980584685660220531712371274391027167423638631
8840841545501217022401.08779470407839467438135393184653495062412929761981997746879866915355535977317193890652534694703568991963134668018305183779019560448325511491990778277763143792109700122605377688523164900241424277562182652195854107681831376354247754198750134210166199772123523102767137849376652528547251742
-7058701107187815240974.36231161497552793352686667404693089592744471854786918612955853794810154622645201248581224974797413724382694223249958719402995158926195746788074541922599764096211908688991612293005890947853159784499667237797132722333278892414219062686717665814651341335341974417269937010057072211704669654
9227155294406547609263.97038748434610906170180859537613327587506846966495494884728609690254710638728677351395116190586707835086034662585920591155625416045825766808329135596390275605914745492844859402738154452618143547265695339155296427598199454888465237741304960399625152441628672209822340160301643760858462968
-8392384614741478090926.21917518559942782185262958222652485667502065174991391471656480058465023012200628843874482723850664622797933862546069010725530540845262610194126968140753918313988108790626087086554136900185948301849612171397192951908558761955001463422615135073597497148620737877597301501439088361768838619
11151656480491845026606.6763998949308929505806548681089169948720989354419154169416094003226482978101396188161105374254164804700659362581964997909495314817025009302851779061690237129564175951335065550940954537255883378567995838490144250738695619700030805562545044570542333602954534845477567122093550283198122816
-11476302095824145919799.9835154153729461288160732782813576420240462934805769396221462053859591778377961612493951955275676226112108979807148653212487041265182937879620375067672238192397825100178137205835331858906718890286440180216607633710651272737157329853784494058957860248649055879507439804798080974135936497
15178427388571951029542.2847711618706180065300573117489971163799254306668053671672836096625879210356927030354426988240959217436374672913940710662299645952637864404225537270611149660600183817378838058531611083829252812496766189498282985253935598914855824315441875563418236081703659387246037016833436047319763789
-17154151580721079083094.4570108718579324884310327159655506992926162277166938493591110542446354454532664384706081655566225342112303466290974236281973317923813822453743203469266195369830013667760885063104492482944809768115391675691966681265324932884390719066260407377715389688838595351221082417143730852258571834
22520756816017385025650.6309826924817177476346604223134517708804177777733460224941479965339472423767541683834962421493085883922501751433839929350847276640860954104990734320911279869649920813036462430241613711674490131748774246011143767309753213381261277201779656267446151136421230974941235189512849697024034814
-26933166718291301813711.2798949064195150276642428487903207201235666668384420891688699537324781950013530074251827417503523543149302507511099501294305438164279241984439933720500179475346161038574953258688514149979514839582778664542878209705058514020541106605582613757003225511157469510990001972574239973239009366
34870022699982342623342.2405637834462582496362238969342570391706670368530192456566564172609842121044180342588466176003191344265663951436285266547721622614341688325835153883096108444443291148081664850151680073768683652247741476343782697069042745057630794784597365138224433927234387845680570108347918448053074679
-42399715744803033320320.6241462239638750051160128674482841434911963674241698483321251715277541512806170585550281935521986056666330539865526430449770171883825667322000735197103121699748061041008706973014296660575538510294235755350848585966935832050970595798449843030055715311897630930542970798974853779878392741
53087032486125329984426.1752705577995220778013292427683295462697430521090549709799539006021998193475583063808527507050742773417248610882912077875757719796935166460085202926572378321397836985596069504102853847010345537006026473805653651213639602647551424515676321504505592005929414358192611496888285385997608949
-62643736071501931983425.3545842535689593603708798557054491536219823588161092484775345543211600560715476650313785521580259026023004075541572622855639956425537309841355613929085781465484769650037723131148754306476345687684237860682384778076587134399209311716839614912144300598393138878636601808722460968258231006
72915768139321438630705.4573466516358051013144349440540754489198667888311799162911059853561299413557919180402073214627852110575945043790701001020942872891500893831394122474553327950399702983480594845123444792778976177680825685892229887142615214402756464404860947182455225747061453137512174565852662265283684837
-78273538086895162273425.2672698380860014050242569087231127261143273730399931956316829183873056544885356919357741509030043128047096102808540022861970141832529449593228078192503702172689902254765231266822605796287117722108325845812609961508656631886065307544838536411651871337455566086105050797750099544327264237
78695612936031360132140.3021055539584679432778576085663424992549528086884749561013966643118909429214475460670552775688673603931508520247785341269549981980362606436401113399356050130118245265976958811286873961958088558145047691384497795679479052757991825818284934157283387296498196711323900386885084149832303557
-68766975462778680956487.1561696831479373748046349959318046251583552807475814146021416127368014146607753770221668911178743837815673371093784169795161447151931644350919988020035048085355621783563560600305169445144341318407272396208181464904305612372982864852586478256401687527648984308511978960913048195508020446
51260668229065848242693.0132815817285508683069134732186861328861222989394910586455747696036904304293239730468324157640248418038493913592051683714148580891253946530736453429446231325406183273140800954274380107917755550273407073713472985702106054914430442336238083122023428656021466728610576535710730452739148767
-27983253508908119583839.3983323346340498028826335769165032589434914521043127831084681813100751194879585554246367050495534201573587756040625997489684548612639528202284923637385657224003690401003342153761895794311449906901503980830314861670126161785798293838521587240723579799047103001426202497759261140797014996
9562950419955090731230.18590410442317461334092269227352426079942201741518494730875212171798646247747876700278078374788653383797174684064855462165273827973560812494961508052009673731053561846402875668442027699635338620117763354571560154193835493130822227640337884609376229824389712347396918114021668744845280586
