12 1
-0.0508624409757940457760008429141715329001634358844797380639190916454700113734693425721823261004539169937776816441293063630137037685477295085241269072425900921695192900487262214125865754414222623997390925251016759411274220513981606092978326013501245899256806811805521059919306331679715088958259840015429442118009
-1.26047012010399203983526241353396625285607631636908299046476086457262908239647520289409163073085425800446437266146148409922411245257727718678140774256799855059922630787711402579454188258435490349832570847787280680226247579459362219447721699089036067543943214371091338353386884196858660386647834789484576307918e-38
1.1780435948519732231386906973470788751733065896122335566747866877069885253379568166508423016597244731507038331306590426839209123610132734854505428130493079252738640642656810820279687478855311343894000219581142084679859545195918759944621106789702889627228703775163134117069193080628291852831773541546045343864e-38
-2.15195636301940207050784025250158957803700649814831326191947906761915437088864720799398960030684408632797782185802077855447420720669999161966943929790384719800922066058544459847020116783574246836371051185647226354267160976379203299476632352345354557037543154583757700737486332322061950774709601608994688526483e-38
-1.43695351276334450746403608944030697782393394783625580538359973918783514785609781970412054751409290685045758768444767196323269924356038372834338683066138320593512297556011121438835274927704317000950355118287053822067725076472619425818981194289409961352964262606958465607936559516050516827378387866342165747993e-41
3.65640396117778883907867200723665970189963396769740601442528357491853745193018653583677924493403061128391371727767307821630642589717156929663709488159090014861361042636289516301023185183717259294407086195460871703086782320039711478944467880814339942809574042810969345700924152402529940474122048984012257091649e-41
-3.75206717519180440447991387653241417530329696134265766782056455621543389271535463505176347044425123623925752541875989676530700210347101162163993398975712973176287259791964716829870160675005395826837020917640932378444489586180871669475589602362051967435173604272621175302558579113583185209905019696252794121928e-42
2.88216572945970689853724185588962874615953000609826425418690075172313977037459949554721707800121736845731782307956853549896993294884177929591445972378614173209870099098008505535970099693428897462651935550548373495594699165648781550110022700340425337812800943639761205712290526818742881573733928852425817172005e-52
-3.62665964802541293990443550460513319644106804195433657328272452872841437747778576563200218232046127288449496996808858085872252585626292349957982144766064089072853775410910787356848777803227835750186750711553059332464680593782012037200849580211995797840599792101102920750048894660486771008820342650372103128358e-51
-1.89354711796191701917432080835467596612935790769720327764707165259646968440272844638698645072491991282770925503315005674285916645360624997629949531862294191052404052350754494843190304128702359876978428795788446538918707275606130166110366796806214175101798603183251843688908193638821054529104946767147234880447e-43
1.02224882638131194071750363555422912471429102088190922395179147657228117405111416946371263571346715855190283622260970050325214833178940608720581084909243242996724993122460099331910806773819210488594721917237320263137760590804908149041783606320569691007900409455065195754512480123555328717213490556775358932462e-57
-5.08198655282317136120340314740532667600333493331083868209719252694891244551839915448852798689317256157486976174589015795332766817934586165081281454433232352064648855453532037588570649793205322844238092089287216749189800782220666324255332835302454008784574308263570408316368417040858501235298941163756400963369e-68
