0
0
2
3
3
3
3
3
3
3
3
3
3
3
3
3
3
3
3
3
3
3
3
3
3
5
3
11
3
5
6
4
11
7
6
7
9
3
5
3
3
3
3
3
4
3
3
3
3
3
3
3
3
3
3
3
3
3
3
3
3
4
3
3
3
3
4
3
4
3
3
3
3
3
4
3
3
3
3
3
3
3
3
3
3
4
3
4
3
3
3
3
3
3
4
3
3
3
3
3
3
3
6
3
4
3
3
4
4
3
3
3
3
3
3
4
3
5
3
3
4
3
4
4
3
3
3
5
3
5
5
5
3
3
3
3
3
3
3
4
4
3
3
4
4
5
4
3
3
5
3
10
3
3
4
4
3
3
3
3
4
3
3
3
3
7
3
3
3
3
3
3
3
6
7
4
3
4
3
3
6
3
3
4
3
3
3
3
4
3
3
4
3
7
6
5
4
5
7
5
4
4
3
4
4
3
3
3
3
3
3
3
3
3
3
3
3
3
3
3
3
3
3
3
3
3
3
4
3
3
3
3
3
3
3
3
3
3
3
3
5
3
4
3
3
5
3
3
3
3
3
3
3
3
3
3
3
4
3
4
3
3
3
3
8
3
3
3
9
6
6
3
5
4
3
5
5
12
4
4
3
4
3
3
3
4
3
3
4
4
3
3
3
4
3
3
3
3
3
3
3
3
3
3
7
3
3
5
3
3
4
3
5
3
4
3
6
5
7
3
3
3
3
3
3
3
3
4
4
4
3
3
3
7
4
7
3
4
4
4
3
3
4
3
3
3
4
4
3
3
4
5
3
3
5
4
4
4
3
3
4
4
3
3
4
3
5
5
3
5
7
5
4
5
3
3
3
3
3
3
3
3
3
3
3
3
3
3
3
4
3
3
3
3
3
4
3
3
3
3
3
3
3
4
3
3
3
