150 1
9450067642224398050998.42532553314058390499485496444511117373645500377296398020622002637282986932451261815977566985331355205684513152047000632941879673402875756041143351868410564277071454701662443648154109869171363072618284105172887086677946836207242522755009016421483476879646417824061955076213408210998636784
-14156506047240863348908.6846172997293274714897926246244827225097925131872830821900062681937326235920895068943769144889186419601888081111423437977496295918045647440220152566101099494661341241672407075041623062559747176291026172623475560663648746543377276205284887192388425613222121679167060271648995951103381442
9557785757655931461466.35495616864398800173538994390158227159077729298743185008008925788369726041080694877771968117421961033869221569049814883894375450733878458578622653019647239052153225776397082680936096074785943546993636370482233193553085572027188501148011639813554207904245214471006198090067152462540367394
-6772963140145240726515.57204027013142632426552914384872065886094925559960410560001211921018401727082784307344428879517801052594019606505390000479473124131947310745782621175440547862239332321223220697409447182705457196023628456376751335081604122957669398864510104377003259955498811848163968036234890556894935192
7920581425217165118628.05342902879770599247711783604616919727473750231608337493209965393833708746843670343265824794625481302897240425158335011373195954171350832707271025816008601206195428847136420758819664516873642440388736302559306003002891480139257912150783988264155691048402511132325826842128039089004217076
-6323997937549772201073.43226547958630713639010090338796282497656568331600307481175721982106776265957490533450335040567184281924381090422525838642673170649008370987801741895700546551836663664217153261546903631975309256400849373407220646281258181066797260916489073652680836119552110290554974642283507108689409444
8266751518672583544640.41896226603570545495071800362647454143133256024937784708337788040519025680289301985307367463977750655661789306406609695805087455790608020116102486969361880684108190869837726002918913933401244996353432705428580699765133826258810960120767121200616367767934336788037771272304253309575111601
-7519083438976715037858.61004322682354224027409230114461055699360626538398777940251173099695466130640450286415689206647716325603629168387906838629520504645399379335234071852754695576520948161932045045118166243379999370247552918207937568243123384902583223125081783455674082006986495321432430848904657165564992641
9990837388547569927319.85764365773415331051701753009118370347251087945208974025460240669527415398248190599837711991488719638383689299720308538957369796081403942364994761737861689103639077066380862773730516955115702287627370586074449322394108217097812092634150054074678064960691997754641934158606259914031702198
-10282422394967579676048.098625393727811504361508196262410605024338145604102288123787144730981893443602074092923434164112703209787035938414668975304606974472739220608932350766047275042579297546289539852365392643725414069094238754558987773609671780238886121907087914885004327196334211486605946824404353104940374
13598542392871628520427.0074052218580465960933188659600248622680754514569008588092007608415676878390729587139262663347889691291969524845471014911365823515418181679951084668080407447836699540178075105808828944614265602971959510548730253709023133324579211197381404930222949470908689308172078031346312325485537817
-15369815122287300223139.1051082824447337396007495636825669670726286350325470229717153938528594912202517148705442082010602834267137708397119526724186850168266274837079915149599282664547489255822664471981230168937302425730395956683035849265481958963755431048986547523986122269858642770756737511697285114028975826
20177101410167973295654.4418249688347633659969683798468833409009926504483092551089574956384304939894210717837766386344114364030480924413297655040895131038996398098708523368298407338362599547752338294190140095433594240733686593780919525355452516838615517336268414995461039242769984577937706985524572754852189604
-24131773860380224860371.986855195043950054036068975371685103114059442846241847566748835464720262017227745838523320389903334654917442803689166214279219858613422230990148791916965263526563040529853674025552168994103819679462415397181204731768295422045907276525490636530615203345534040008525068263529013686572847
31242093523606082556547.56799491536434090567699827439090442303389233812025231689600285096445762418185100536351714308776357335653885746894755319113503539780043259936015336245999297249640914626286553502213016037889062086051815004976285343707880465224261428897801931031655428725178753119950775248541835642713997
-37989854282153840096952.1852824602707834927075835396594718988375835603494856383713912616461784213178060845250420863224841806701789487756436667737735309728930830297697437053134779519056215857103037121497484961619391106189328385315069939913317467296623421303047684775393676336698952107924829112159830420611213813
47564997630761665988218.6928215721187106283205720677481867107872295480866279504817062397789065451781676163802835439322789017546145845391081492401407471522598033812639917747794150353995392410988865320341966863856989162282808881966909991619038152189734344983852174602784450610135068526840548750533878672290423003
-56129056041915821864351.2588634178942648357994594917951317199941200801457119301214220281707655900530466073596617571437124550220253333772531847453583387120941573731566938122003053758429962126030827412906719494965265964969447948413206723882973986728802331304262425181298966081501510513303435558256800735509089976
65332902923236268346924.0775475622814970647909875711935358923196582301033616506474089983064160399246293656003397050338185896040172573568475872638679915196906983691018289538650869950629100339956498887436955510352384481294368593802191378220178523862876490003621602468507166634061042977255572366649260701616774495
-70135105654615149372934.22656020444815510980245129746818146645561979621070920308063385552732744450839130176363187901540959980978287095876284507293109816449806725208241069215169294490815201212447139005171665684068371835787156804334681941461113917106672353738173422903017560000040667933248513030777063707487992
70514369329145472896918.7734942567814997528311687380954826929127646684507378874724680858817928589761096431517410184166079904790795432019125854000963593661859701945138576650935135552354328951793283329190705903620130524063997817665886444259152851679983711545349943531935340278749211692869118313596835912264562207
-61619947316457699016315.9340589639463268821531231366473074706855172812829901220310175837655329940008037334468469947390149757931836821862490246672198189696193879434339626892277698154890583587438020172794090339152329239993426696757631546963062813197125755202293200193959301488021817804479491541947771983620733532
45934921722891991585207.6951885083943232641407038601942379136538362000741684553485655579373733092024432008533446219248077160338515495661094075353430929528466306090347358415407244045428880122705192159916583100347410905008093372046449292144599890989400590126008032658928068322484253167339316353149191182419348824
-25077542734660670639857.3168067529211325465557058374120024327509099465779065784334998930056737858357878977847459045606388049172297733204992280876175759757685453931484618827741403674995067979911993686780771132087520922593882145379165267224970298229001934509543063884694790173037326480880729954506270647599641281
8570895098247203527505.64469445669870339446977873239771691302209009485954083841720915645402831560703098352751310648963723616624016820745000829866784188636979226780387533567315765711072744667727475178337847875202543955169530896592074744730564157098891353892326101252477401914392742371475612741026338580718819508
0
0
0
0
0
0
0
0
0
0
0
0
0
0
0
0
0
0
0
0
0
0
0
0
0
104225151249504562171683.405052860325053844699414909731301976297910192485365325815144993794953543269921890858548321565941114146292679643221339036124628202748981977498907044678981937350487056968323643557450082394640559415158750218072706874539591567053585612859803581137438375531606033976503011227981946079812645
-157503743090656205924480.11162577429017962845973037834118422405871148661930498485504888355859269239901174022168690033105375928153006624344183260499891428445355347420543867715005909898828328412134976844555972090969690714623548183412949348437167632923883307902020136195866554247437148233224157318957434786148401
95346558956522480894411.6176883806466096960777040123390768828965692218154316886032505239909715898590451854412823512656596244772783394072275664589533718985045128984933392925906655923962053493730038258648940431238374750521086735003645909612849501655098550470289593041119822676539407832729528931526729115391438799
-80054204436126989892828.111474061838522951613280619324056269781872680480804992209228415850753554594209834472641390298040015367224197842140648177754063019450875255729843975734588801694034618380920264656270309683859312906010876497928320993707052850096604473848136254095064247333089974487964271811107221525698253
75026613232305497948742.4770921684977287417139384164959127039176665078684689997216858500913912676872166926389713885584558393918367214934204126533103755761301079092194523586223464450817327276571966072193720519327575039095471217637434541325691765455402834195329668886000162232382835759819333551009648034408253196
-75206562459403187632375.5695161555825686106294927462157679936148870113818663005921206893528476777758160870225366636542154890449232709016547916367759175751509527325267236937292146144459799706220858623402158185214672244705509572894278522976785429131755995372729710739662045372085095620523909711506554125596489438
79258761061224655917137.9386144828542157839059699878489427916948098318344136204469384555596508390870624267210525073658960872857802969852823259084576953855771291877160253498462787378055348457301516120978308648476446864928154785424483300517702151638163570541098498923817449601826192673450564698133851662329021999
-86991223424838800137466.3235978694224975050648895181848220672066644623938931676718931626456360400773739608464663635730410160108421310978778590965957140073768399110109825249759039656550977409370688775805107485498246268409520049673785543188721623482845042495401284254453255113749858393808881431346674976946747439
98791945732171505258555.4946594383674831644873873273505936944224345272995410812807760426812839448199914088279919327559456255781922387786182149815672650369504860321565791378996614152636193628991826820560277645498154494681961073077773486690626502507094914427921910261019340347594817663729152896157121734454415942
-115478852933068498917871.975212544851501095553007754175916391169687538254537936902113861156961496011522144828774098813618319801857567904039509387730681134128655262277897295469606516187203068722906011881555446401871406996890526168849172371354562989192124447594731657207539100144680472176857879348807576718249807
138266764385141696143288.015141901120891402349131573428533466034148441615178991155414667429990026495935954792707737024807071171921900206003529006542236427454860541462140350099509746117049875410443345272587232371805527766825899453882853209186065995502631540695294068105279550790680228216491592849410941817243609
-168752708601056595124588.396683196405303506464062789029778558354041265556044616664273735917550272205595002669687493326638428689656500310486903247746269808875539868201974140294001263848455898124382568173044623756925214120311567103737941390064452970084202439347635878936735378951363186150051154230716875116579847
208847918852171680765190.93820350426398239551301900867439211548531804883445049989387177558364394891454206304949282279626581060611625990598997352207725112935315251145604105300642746812156643224439430498730186141091132052419215605267938102279858857076065697415866346569703749172911671855096073528796300571372712
-260562594760580894197192.924578331161538415199320199320432546940173682100230749254411822408251456878831242166465096807335138792320835500625229736654345949295389958555820291879009396304900822415795774399747496489372348858566815201425964040542596624033815721322382043692638621762913311660480494142207125793702222
325504367240586477059072.978525599436406473030480771111645810096041541977588286490440794775089097233946146670169149162457760235788371820013034034546498904502494803058570384004183257481760611714349011181662966071474516863640877344416559881232834247839490939486125633043914726420829307641706790293910123826683073
-403907070847291109759835.890038787309532969976705115021087986497954860019181417525017420903204367134954486532486727799543263340630942199720224621395219828136748455422007219249791226008237605424639449833813508523012380551202815306250166560617783674446856781490209373639977604616913633268323214802516499446708356
493019972450408798535296.126206454990158739084989977396262866351331153863721141313821435221991873760126386393054224766100220496252947011897050940740651533108637000472561037838069714693798144213782135507604921285422125743462844527602796462121757509074029133654280066608160795694985295329036897459369413916298247
-584882060610913796543043.117907499571128958002628348311573520131577223471512929957208370977634170924813315365275961192227264791184017407400467849807409425465696681233633064336761803817043856043748101611312268450364271981736660728306589976639806701060302298198490886839853497183868684344190994298581672259532905
664078179992669721711470.182872214480458542863056849715800234419748576429817711134343875997547294699807863711535563201805839229407174278030044131855134007348125590502355637771415339544251029970208990589730304181793356880549335478949035087370790896213648896656181589659396246813355745945528852832786513930069621
-707184756712317701127186.007890685588548173287710655697046014832768031521117212533274745254137849739873452230943404097689872559834352930358192824826765053089841661596354057756810871896280520359500374611443470278708851569755183303155629893583757327646810580818032973601386284052209721708181390779298722241538304
686985268947109269103524.486449102864236592558019620546592507045884592436825400922351252548891149644871756339895670862469683440225776368169853629125601275316424126330026245439296816467210862355776676309310355768188166158723391369107058704045634012688338285509140189481738066264161756366239836326399466265143392
-584664610398374237484718.18177827268052880444075998527188040275161975344023682786017078544179379349295564378113220800820849524887699648337509880371597491872485039215967201916594526725423232963934472129243664689378485882876849341279912017430190950441025975618690029669411094057371433271322879346828955975490744
408840621771986822038138.103913221405933004243674603761820536056766413677937021645424897250568208065253031379007076443493945043957533222825131697465997147976380335544742632790331121507183983311365510990930771508348439293077587957457832941276977436173627255455872780828454452661557613805392465843703278802634907
-208884604752101356771298.862344373277627648156121646551956424755164601548989182878911014125243715340057107750524777878693376089195945364201215244674107710984762895220868729106211853447302778186658826421012293182329880338940801286894005846084220927232769004643679309791680463282815557985684455935412145006787555
58504950565969963583318.7171066536583660870185721786259167851193667552117639718505405517082661572453342224556925065232248556542849189722127138278910357515143627079456914549557256791888820899591937056509355861625678857255156476365122610268621750499224117501800661424840579432053201863764131584130559347021515613
0
0
0
0
0
0
0
0
0
0
0
0
0
0
0
0
0
0
0
0
0
0
0
0
0
0
0
0
0
0
0
0
0
0
0
0
0
0
0
0
0
0
0
0
0
0
0
0
0
0
9450067642224398050998.42532553314058390499485496444511117373645500377296398020622002637282986932451261815977566985331355205684513152047000632941879673402875756041143351868410564277071454701662443648154109869171363072618284105172887086677946836207242522755009016421483476879646225423992018105989801492362413949
-14156506047240863348908.6846172997293274714897926246244827225097925131872830821900062681937326235920895068943769144889186419601888081111423437977496295918045647440220152566101099494661341241672407075041623062559747176291026172623475560663648746543377276205284887192388425613222092584911790106735288862095307872
9557785757655931461466.35495616864398800173538994390158227159077729298743185008008925788369726041080694877771968117421961033869221569049814883894375450733878458578622653019647239052153225776397082680936096074785943546993636370482233193553085572027188501148011639813554207904245038416990281313539468334854934011
-6772963140145240726515.5720402701314263242655291438487206588609492555996041056000121192101840172708278430734442887951780105259401960650539000047947312413194731074578262117544054786223933232122322069740944718270545719602362845637675133508160412295766939886451010437700325995549866465062259405085194961905187281
7920581425217165118628.05342902879770599247711783604616919727473750231608337493209965393833708746843670343265824794625481302897240425158335011373195954171350832707271025816008601206195428847136420758819664516873642440388736302559306003002891480139257912150783988264155691048402373739513302332691750477990320231
-6323997937549772201073.43226547958630713639010090338796282497656568331600307481175721982106776265957490533450335040567184281924381090422525838642673170649008370987801741895700546551836663664217153261546903631975309256400849373407220646281258181066797260916489073652680836119551972831896486726671485023709816893
8266751518672583544640.41896226603570545495071800362647454143133256024937784708337788040519025680289301985307367463977750655661789306406609695805087455790608020116102486969361880684108190869837726002918913933401244996353432705428580699765133826258810960120767121200616367767934192342146520585512516549401602863
-7519083438976715037858.61004322682354224027409230114461055699360626538398777940251173099695466130640450286415689206647716325603629168387906838629520504645399379335234071852754695576520948161932045045118166243379999370247552918207937568243123384902583223125081783455674082006986337178570473073864528779456315899
9990837388547569927319.8576436577341533105170175300911837034725108794520897402546024066952741539824819059983771199148871963838368929972030853895736979608140394236499476173786168910363907706638086277373051695511570228762737058607444932239410821709781209263415005407467806496069181885723878180736580239008733968
-10282422394967579676048.0986253937278115043615081962624106050243381456041022881237871447309818934436020740929234341641127032097870359384146689753046069744727392206089323507660472750425792975462895398523653926437254140690942387545589877736096717802388861219070879148850043271963321255438261510289026270559927632
13598542392871628520427.0074052218580465960933188659600248622680754514569008588092007608415676878390729587139262663347889691291969524845471014911365823515418181679951084668080407447836699540178075105808828944614265602971959510548730253709023133324579211197381404930222949470908664372729483755700554366114127863
-15369815122287300223139.1051082824447337396007495636825669670726286350325470229717153938528594912202517148705442082010602834267137708397119526724186850168266274837079915149599282664547489255822664471981230168937302425730395956683035849265481958963755431048986547523986122269858612371918534511468677905344295471
20177101410167973295654.4418249688347633659969683798468833409009926504483092551089574956384304939894210717837766386344114364030480924413297655040895131038996398098708523368298407338362599547752338294190140095433594240733686593780919525355452516838615517336268414995461039242769947038051546132208303156508464555
-24131773860380224860371.9868551950439500540360689753716851031140594428462418475667488354647202620172277458385233203899033346549174428036891662142792198586134222309901487919169652635265630405298536740255521689941038196794624153971812047317682954220459072765254906365306152033455293680268982898879623055904523296
31242093523606082556547.5679949153643409056769982743909044230338923381202523168960028509644576241818510053635171430877635733565388574689475531911350353978004325993601533624599929724964091462628655350221301603788906208605181500497628534370788046522426142889780193103165542872517817099474234681948091094963849145
-37989854282153840096952.185282460270783492707583539659471898837583560349485638371391261646178421317806084525042086322484180670178948775643666773773530972893083029769743705313477951905621585710303712149748496161939110618932838531506993991331746729662342130304768477539367633669888003334894421405770864892470992
47564997630761665988218.6928215721187106283205720677481867107872295480866279504817062397789065451781676163802835439322789017546145845391081492401407471522598033812639917747794150353995392410988865320341966863856989162282808881966909991619038152189734344983852174602784450610134980746896967798582249932754262178
-56129056041915821864351.2588634178942648357994594917951317199941200801457119301214220281707655900530466073596617571437124550220253333772531847453583387120941573731566938122003053758429962126030827412906719494965265964969447948413206723882973986728802331304262425181298966081501406590885494083076067155832980928
65332902923236268346924.0775475622814970647909875711935358923196582301033616506474089983064160399246293656003397050338185896040172573568475872638679915196906983691018289538650869950629100339956498887436955510352384481294368593802191378220178523862876490003621602468507166634060925220188434340043584416974321657
-70135105654615149372934.2265602044481551098024512974681814664556197962107092030806338555273274445083913017636318790154095998097828709587628450729310981644980672520824106921516929449081520121244713900517166568406837183578715680433468194146111391710667235373817342290301756000003941590566786230924218974020651176
70514369329145472896918.773494256781499752831168738095482692912764668450737887472468085881792858976109643151741018416607990479079543201912585400096359366185970194513857665093513555235432895179328332919070590362013052406399781766588644425915285167998371154534994353193534027874909020532379666742365872290740786
-61619947316457699016315.934058963946326882153123136647307470685517281282990122031017583765532994000803733446846994739014975793183682186249024667219818969619387943433962689227769815489058358743802017279409033915232923999342669675763154696306281319712575520229320019395930148802171442281722604120862115429369714
45934921722891991585207.6951885083943232641407038601942379136538362000741684553485655579373733092024432008533446219248077160338515495661094075353430929528466306090347358415407244045428880122705192159916583100347410905008093372046449292144599890989400590126008032658928068322484180790851320026204775749654098294
-25077542734660670639857.3168067529211325465557058374120024327509099465779065784334998930056737858357878977847459045606388049172297733204992280876175759757685453931484618827741403674995067979911993686780771132087520922593882145379165267224970298229001934509543063884694790173037289352430222053840485635947724958
8570895098247203527505.64469445669870339446977873239771691302209009485954083841720915645402831560703098352751310648963723616624016820745000829866784188636979226780387533567315765711072744667727475178337847875202543955169530896592074744730564157098891353892326101252477401914392637676793767798356070674648179291
