120 1
-386134522994650491093658330484250982017238243.966196094680866493044189876772721072180872933459473285089124691862873984992786687341766873067482831393115866213197776893364950851256538059122065503908578475837763512855352431379795019078465768905354603555017183656125496916156221177760450240756594984331222243804324
657266930740753404775021048154153014595650067.698167048353013645196832906076788682562073243724166824562803779801164263614209082674806437355603676272798682103593485052090307579963488248411386964797500126398953610628603584363479983137671658435642905540920721370345308447352816158177795869314978992330691535488292
86880572835141246400035119842181980149964323.379554809273468140918387728765781719276020085498091415507791254105304525388497811277313499239763052631008225463579565106984785521943871056744188359934873681620893542713044072586255084584975688959973119487070746097012228735138693024172872128342177391018190960453698
575073073975215639954311548818453086668544408.281332376206025532490300383161029721031125820630058863077168951137432203126074759761938092154370182572833819159597687923265297805831390241348624051262122518025100910949648464816429412558955780685942402867045288677012927097175426044252277094652752475804059231708185
197048552924582355693922944578658193512312856.743133794275027422064179971966157283630954663012485034348802865223932911576331916298636917954088261835006021647514823341416841079005665753549755292220397927683665683831451534922030093880499750052570170410503684482492629328338954122557234207999512638813738351077083
576992788108951605634888671112902243505993487.574509914068540601928097503753234199028973377777715638694177753732752809013123466826906939983002934228740160403357793251811547301613375212716968739542153887300554359938783956891154888161637298866878969694275167200184838342243535983049719266465419672537246948664847
95221104251451983969711967100787762051962699.3086866331547582785081498447016357954135658198823976253573873333983402418372627025087232953726729840436890296193552706434290910837124580077118002124939273746844658886195693999050173495307833984515117363350347429579218693022284940149799740412347499965735207892146149
615303837168723785455319580060699660706911179.816877196958269220207024414009667863385095463048197514970274383094514416069358817388503590376622325986746401159135151605046564397780302598316862591892476371721753433540683563905402977183611341049476374263960136954408528850984034906545659149265946798333679322259254
-100400843552186912594859244968139632866868312.959327601768540847265042697092000841843573345359473803464117752318251798272474226981735938411050518731720063986568418332286742772655239662798915072929963838732737707366358870121952095982377261595517273740924391219661494562112583812388943916904558985353943223461694
770290569644234020270283797192812373018174339.025174405016769833671160975200641767002046848149483597515604698413651633370763167027445677774003226257441508929455792747918287162497408498161171326009477145825213555188599941261628616760183796947016051811580182233877743136446905200510977958506692275699702475410039
-437084543095738166609374012539635801600668217.335742929632529453313881163714083782236403043669885830650727864775302199281872538992748408837311375423495153341494694810216435156833923583249778743502926440078036095395792315311102808182323007932298211505653550386781197786699043206505341158019388839086271181350607
1141716762825364060140225639739119769165159608.32367332141609138469119713486357268462231171072315206055581566414731759909448600149264857130813926079398278031140416143086456232622544489232222115992360255099229394928922896359231967227686027105061919426353986067253165917016067952577813876126638484810331770534939
-1033426524058047058822017631856176061672927050.96201322203310244795955332126240931090004307810723262812523732168554386502595775193948913800634987217671503864295391867395465047590724946642187953951857590146822501859425233218008572004505802904417437100695487904406447747259263402538663258427008858727922173930391
1850555900575897811887995231247123332229355357.18615357063518178721861404116243283423422036661581906495764207860603850986655150276974238174334125133950255379034155167540198641948484373262214853986953288591162426054401686885048028880563299925015017761130851135593989258315168447758146484101697530994952015608061
-1966069407424515545512771304022454155871258020.56288681963036341357874212731629097870887682682912401186599716476077794452423653670540215675269442249912237599947894245733761450964014374142596801502240990524143280230885453340894319473889453912193924974525512803032114563648260825060432716187980325842900809379857
2810890255060391620812976182006106820497567759.7348739172993173145778196416739559994063026852748379686080265990194120782186723573624358685565028516131626763631072246393890634740278901550473121443923465053581144117844833665164547558040159860844342083741795671368604713555161765927339660593747425703779142389446
-2821192349065044344519263369409254389631863850.28502581516092159862397570112578437444534519779324942166027853744868768344797008723800031512256944500601670569745505764075099981847564740431781622875407526862877731604494125123139781700505567792837627430138107279094299403305446835392119171173848429346175139271614
3088392428697357424891190816074096351856884552.25015237856094122629586731179876596231899883997207207239202204204463922817148787131730557229607401836207876705664672639165480956803173845398670187650895592364068132250053653683729989133194601329570063929333960347160596585295505103387034953537479090242283052934552
-2161493963211761230875701267704250229054980881.32104975262499231972167881520661582970604004235266709891229857821670957296927174307367004552770182317271814244399750457270011040566004360300112329670266361797165139003589801006189051185503764232521859547130371421105942401384268168983177604469799394782655125939877
1309712474043419061668365087989074031181183915.78106734219649976534152267055453419290590560285955071397820819721081391095146085496193826681670027633786450277237257557640959464267339889806210787622809390277295105334830340672076439409067291736664648167857463057917537385164748135747453495005273538967509038995374
0
0
0
0
0
0
0
0
0
0
0
0
0
0
0
0
0
0
0
0
-27273003810342971713605921284465407578.7392801728868577056738666685010753328020618215768316298583839788372832924607126778881492354328954937696393963143349813384535783690389514670971782745568865343527896178461397894368059673378645285974134983958492530031842604752664555894627803183187433564042564656203728773781
41280104507967065362314051232080141815.4959687487023869972171099900101348124364067436209829492305770594738734091138457340755381720665209170816918764050372075891270255226355223604026380402942708253786848674095525898562151799265481963229512650350640399554784125473846406811043264010276128852590152041725837959677
-25186281768642756573436918127874573002.2202059113967905824489473595211092293639563378914602076773983024235982863605807631697942698973627582086251563645301639551635308835743483523698490734334462689618422512866803498288726375902974223407817208673466556429988358434571681697203356182710443167933817304434596680317
21439628975817009333169966504543907369.2228397594089843219735057317048711265319612264664635507542992363493433228835395565591032554263712320476827025763004812670628857003103271072298909230935766652304945208023780821186327370232884956983712343145353055593291279962493612928325623226769324538468605457702792897602
-20478666958109020045664762156508014689.8694155664931447400486962786363580857084711149511212792094322302361482234656338631258470923316273377793641232361207973505061915845642125548657306131021993585534210882891507159833902121575508392526987778128672761804619960084129675608999567109080127147383085410034012325709
21010872585944048580481548603480968241.8981591017454833832531946755562938189521947725546259165201167214805944442546249736412085611205359347469973032181821599309898103470654401895327998806352744006888845483450652626430042796329763639056309212379436511270197224399271714878303230910128470389680779291632923324421
-22729528736986712462573358670058534378.863746129918486451738210842834356886211428400367963589575087980437153456962076649424194688756684190017575449335496240776377228146905196026024853884940515681605307925073008461256669377320238850782011186983587505807142856115426862920556436327029364764806351080922530906841
25635000991328179208246064884727198857.2227047147625660892648674069272266924397067323648481606352385779225665113881521052309278748424862876833597304739782289242079097687005404549057247891483950504160206600224785886637987410394764035827729558143533236211007162867532436328485478289107306593464902844960116978449
-29875792399033224579516892213296407902.0760986505632760066734644120217665523680489256931789565082805918252767416149524327457731903348065979901918775222531708459333705383103786483702190211863688712103089363543562899132806979920817497507301930006276609370393317278085488817531358200255532588898995377362695380573
35679948341786507402530702755871558277.7998079864962057906986463434761905269158619762549947199879855558825724495307109492874871296616096294608111515460187809331884515130872145994357123367641239894745667681022972076627888490113228542789906256517585241015968766570751567956793645231698952093591526415532654401063
-43281748658906031347008909104562287394.2304327992874583252324044496784204121262261153498940892315596795092826565830464529101672070172492743428360986900439869830469715870580475523813322718497287971210917498984581714527009505175561143851013651365858005988387076309181979379253859267456123170893796366665671681868
52791047497692321280354535563298912566.9237089970341632966183305295644992448047600521865201912262574097474723348092481542694105495354926597855472604234569456082009912009470270705996766225986656969879452318611121145834398671121547948858928909698762918703569831057796421011034878548178038148892407237541338177632
-63955568894434965059943930033454695010.2218009957899815502414062313621408309988753914063627686626022164159933230010828248987632577378056332768709153547038559598982801053516339922094124640464658796406772462859907193201565771739062552058792325250413777619525901959593152384991201184269004524895960442533950360303
75783281704098283330410210572726569683.095253133301375825858696751901492070124855473506982670324326213986054835234686857896494842964031113981884546846023120479737908930878536904896340242907859767936135803042210035076782374741490573059721292520875851181168915510997307391527914865944334587845941402679885470589
-86076936594294825647864223786794248006.3892566139313231124128226435487181991148012901027462533469874233906833111818960779238359839131211015633293968373342078687504119900973376087535891375667237938036078044660715155131983853784223429370766196246293125491283274235063817462004799458598350659224409856492432833417
91160166742932631818606474633307949384.4647919920915016964538490057397834659806760159040598167525626045816509490146304761044806540289968296109351718183570394682222306724863464280708209563451554289961784349283840216657671887534256114986354576147906135733456621976946702027106854244530439393260078629375031810016
-86463758371105349713184936803209635496.2322663060303813422482228994083026497259401383146398767231168347475580996650073806563733241735696258382950049113597996577765706822477003674328690945129183333729380206348816279624407375059723150494580682597996408713137611685432362599448906950275261892996232672809528746683
68894705986154903675965567751194829383.2221050132123866593478410962416746550857464793024042201740748241390795800252510890799073132948561792270271202712594983732139677004079930978533959801892405631009031193584585464202019197027417718522877268026975038986217758880510810941757123084528317344906662076347986962998
-41015691954309364302105749799867356988.2942555021664625714689468683978549997118143210724542261085713167274945732804495345578677818305421109308515198459767736677081345196578991486560350536503299472365434350868911650181426870785550797655413266680371784761102505427563266445911931890037293261195071092013619305357
13690789020581336240550534343230233004.4048123661128963847735058188507019934812600335593615417899994574363194457233879539506497677777362654252351886238183980015717243023811034583098841140361246132277519080932997275312321474071370660763747451793257025542792928476841481277592190656659549336672364849673956920442
0
0
0
0
0
0
0
0
0
0
0
0
0
0
0
0
0
0
0
0
0
0
0
0
0
0
0
0
0
0
0
0
0
0
0
0
0
0
0
0
-386134522994650491093658330484250982017238243.966196094680866493044189876772721072180872933459473285089124691862873984992786687341766873067482831393115866213197776893364950851256538059122065503908578475837763512855352431379795019078465768905354603555017183656125496916156221177760450240756594984331222243804324
657266930740753404775021048154153014595650067.698167048353013645196832906076788682562073243724166824562803779801164263614209082674806437355603676272798682103593485052090307579963488248411386964797500126398953610628603584363479983137671658435642905540920721370345308447352816158177795869314978992330691535488292
86880572835141246400035119842181980149964323.379554809273468140918387728765781719276020085498091415507791254105304525388497811277313499239763052631008225463579565106984785521943871056744188359934873681620893542713044072586255084584975688959973119487070746097012228735138693024172872128342177391018190960453698
575073073975215639954311548818453086668544408.281332376206025532490300383161029721031125820630058863077168951137432203126074759761938092154370182572833819159597687923265297805831390241348624051262122518025100910949648464816429412558955780685942402867045288677012927097175426044252277094652752475804059231708185
197048552924582355693922944578658193512312856.743133794275027422064179971966157283630954663012485034348802865223932911576331916298636917954088261835006021647514823341416841079005665753549755292220397927683665683831451534922030093880499750052570170410503684482492629328338954122557234207999512638813738351077083
576992788108951605634888671112902243505993487.574509914068540601928097503753234199028973377777715638694177753732752809013123466826906939983002934228740160403357793251811547301613375212716968739542153887300554359938783956891154888161637298866878969694275167200184838342243535983049719266465419672537246948664847
95221104251451983969711967100787762051962699.3086866331547582785081498447016357954135658198823976253573873333983402418372627025087232953726729840436890296193552706434290910837124580077118002124939273746844658886195693999050173495307833984515117363350347429579218693022284940149799740412347499965735207892146149
615303837168723785455319580060699660706911179.816877196958269220207024414009667863385095463048197514970274383094514416069358817388503590376622325986746401159135151605046564397780302598316862591892476371721753433540683563905402977183611341049476374263960136954408528850984034906545659149265946798333679322259254
-100400843552186912594859244968139632866868312.959327601768540847265042697092000841843573345359473803464117752318251798272474226981735938411050518731720063986568418332286742772655239662798915072929963838732737707366358870121952095982377261595517273740924391219661494562112583812388943916904558985353943223461694
770290569644234020270283797192812373018174339.025174405016769833671160975200641767002046848149483597515604698413651633370763167027445677774003226257441508929455792747918287162497408498161171326009477145825213555188599941261628616760183796947016051811580182233877743136446905200510977958506692275699702475410039
-437084543095738166609374012539635801600668217.335742929632529453313881163714083782236403043669885830650727864775302199281872538992748408837311375423495153341494694810216435156833923583249778743502926440078036095395792315311102808182323007932298211505653550386781197786699043206505341158019388839086271181350607
1141716762825364060140225639739119769165159608.32367332141609138469119713486357268462231171072315206055581566414731759909448600149264857130813926079398278031140416143086456232622544489232222115992360255099229394928922896359231967227686027105061919426353986067253165917016067952577813876126638484810331770534939
-1033426524058047058822017631856176061672927050.96201322203310244795955332126240931090004307810723262812523732168554386502595775193948913800634987217671503864295391867395465047590724946642187953951857590146822501859425233218008572004505802904417437100695487904406447747259263402538663258427008858727922173930391
1850555900575897811887995231247123332229355357.18615357063518178721861404116243283423422036661581906495764207860603850986655150276974238174334125133950255379034155167540198641948484373262214853986953288591162426054401686885048028880563299925015017761130851135593989258315168447758146484101697530994952015608061
-1966069407424515545512771304022454155871258020.56288681963036341357874212731629097870887682682912401186599716476077794452423653670540215675269442249912237599947894245733761450964014374142596801502240990524143280230885453340894319473889453912193924974525512803032114563648260825060432716187980325842900809379857
2810890255060391620812976182006106820497567759.7348739172993173145778196416739559994063026852748379686080265990194120782186723573624358685565028516131626763631072246393890634740278901550473121443923465053581144117844833665164547558040159860844342083741795671368604713555161765927339660593747425703779142389446
-2821192349065044344519263369409254389631863850.28502581516092159862397570112578437444534519779324942166027853744868768344797008723800031512256944500601670569745505764075099981847564740431781622875407526862877731604494125123139781700505567792837627430138107279094299403305446835392119171173848429346175139271614
3088392428697357424891190816074096351856884552.25015237856094122629586731179876596231899883997207207239202204204463922817148787131730557229607401836207876705664672639165480956803173845398670187650895592364068132250053653683729989133194601329570063929333960347160596585295505103387034953537479090242283052934552
-2161493963211761230875701267704250229054980881.32104975262499231972167881520661582970604004235266709891229857821670957296927174307367004552770182317271814244399750457270011040566004360300112329670266361797165139003589801006189051185503764232521859547130371421105942401384268168983177604469799394782655125939877
1309712474043419061668365087989074031181183915.78106734219649976534152267055453419290590560285955071397820819721081391095146085496193826681670027633786450277237257557640959464267339889806210787622809390277295105334830340672076439409067291736664648167857463057917537385164748135747453495005273538967509038995374
