228 1
-1423258079926303749719849184631149716075166969.17682310965685155976624105753461466010300876059865711540743087601114698051791041612515532352807906422456083088692709175391309850611081117581340765888701900661533580598061652603046165139625494183688579518628154223923058169917498200887235243198712894829363816675468
2181178188655751810335399190427286547912805088.26874744285424717740489977060939038094283858120687512123966365634929773363797796015274032096034241780584566371249015982684378450485063015298108305184174159551881620903667615690827139234982213624110447331563783874967347713465606744644007622026199653119273100192357
-1029206248683491371704083464090581608966243473.04245836841095374791519105035582358002354425487380589195097026477110399352336866074817019503901001776891730162542902527080842869707966438288624217579373906025653243549054051489623361362376615843160282811217178655673852782512792370686204510259902543525201108283594
1223755935966036429978129342061423893637416274.12581685854983617541165093652452160533273023721219483138007373675697628194756742831822495942382250081599459841541526205303360555203429710131252014285222604300347235788284189545504700306292950874340394747091558478578220782827213404237796901280915968626684395079227
-625752904099456519691239383357480431879655124.013320166190390339279500299039653503367827136715036045498355754418860655176962552944566580359501902218826081609811388520132613254449266704587816190274897863708744951522000537338723697124220940741706717047275566322697935945148472473563328404878206628875075675168051
1137927968231278507772832664162780151060669250.92973962336298480537819432060293863057505088862021864563200356819991359517413336521353360189888055515611045586822128892958749091377643097174977827212611475513618675115442027361276952790717125741747329667236488044533170040947960897194102212551034398777935639543745
-605501292680232872351416017398886344374887091.815763030218074868275624313957952248288040127694756565844230560779882489765370330599483710167004354013266541258142471085879308382462891619027505584471011581022655041520112687109606645520614937999609097709556545853700639836867442025057919193796973524833112143630308
1180518732872651169732856414133662708915948220.38447935938869115142852013147249272937984077761766033167265263115503313707351520961338533996383060514189808236221627823785759679557458050309376323633983989768908657133202669470524432442133963310015587088704387543642097228298817318025158340880952927552869753297047
-754411913681256459244218934572985924229776324.957835145586749164641512655385335852922703591614699006759461617024793143068717829401463544702557933446318790691619168063665467096174469107626927784733143712252672466022145112699801023096638795624902689886181568182415673045935174201457817223737906682208944524586626
1348664154922803722575675189427771561248646254.2580541969441602858790898191037884883321273158579315964063370467719586348030228983243807437059915448193091684975761632631322156551995393553135259789325092005471380670759037262096328502796210845307122162976140842953529544366606722129951719783569947121067303481776
-1060473494164320208150087320712991872326753899.08475027986238440502134791675779023291276818370081995097969323579313786367769489019354758139463201062892249858988704293640505999321572742654893630539703291551760919291704661615200035086858601196958761153400696853657433301052879778374802124808915078500627492904286
1701863083066420598110112923515824864884904556.17001638890901627583581384200841143875970269000110161771163528726340845348210618106755368807470152361491991199516342396552680117437465681435846150180806096733551620647376607940526647239577620854972046056695152801806310891697689230821176184410417524024424139439299
-1597306506101354927383377146085826716852960408.59773615694343105186816321809339561424770960932170526275867299429152593880178114250650644363994408073350032590888611665818512220875359964132019039513713414992346487014076491255597851616773162475793227354991182950927217124758758334890664006713249382627553635333555
2363007995921653702711905441897055309702581848.57177381919062321069415006498332542335916072636986747017704290709033607881445705643285662571087090858025283980520524524177623990525518233659046808608319551772219235136901253635707027500875598430461011771424705450961294274129705024752516187586122438702238185690628
-2534115643013991722791307753711076699207288689.56585364390690931966043063512801547150509323485404968873798934209777261880332582432075184978277679766371404575419745854194949646935244390974632846044908950053665763511835768475236147221578626951358424156495782731164179462817369633619633574731200081482668959100652
3570259121233946320542904454199168202525358419.95740326756920062537414202082077450607172494565610626280767082952508124566943873443016563612146614683368428124433611678981710390183657725076926076295771350919843969575567533334436258890596467645126296539711321607346434657747178433546933907499427695685513069439199
-4200470836422332832510698231343186520294172869.89743375135782877772969256029848250617221038440073083369853857385400512270828149395824266489466119300986361322578291675019000763491581667111891465394889591054514923276525588449638221906185285027897198094354656520940245696388133396492118748626491745846419827391319
5775470939953482282777783595614351795124226895.44519362367569579909248533320135338907275175865259048954988598666031603738220721048628061645307375288128284693896906506158899747042360001487671290012265643341422301402909588023850607957078512244555399547335859142294147340327924132747886256071719831694385876093706
-7213838645531069873456090701972937754857595315.407971131770254152517394314661091656134888646576390672546461299261941651484618763181823864648475713494445473475473183514649986285075508725613223822784435741050511590417183068715687231550953883544951789100353709086798910464875340285646430353025890774109867570506
9810451895831192682192094868870185515581197669.55612020582215099653029860855151422152185485478969567589771685909409453034373225603092289579612992064981376675750498292285470754373232649314680182867355267036916811438970962685366258058603923791614913883967386723360639041969831898434140036509315508817952085587363
-12681825409344051772020656031732060151302265296.2715996182893404165738925266378251703940501300981350307580510183048627615306419156993061402683779945406092900126957855278909186749065969557065142146962568158194360251397492168884816816848236543876900020081064283173322209339886408223888700843093896408336958122482
17116393438628779862936567966723130989634528815.1643660568072889142012535097139220066552567875439359625709657481201175821212589989343422368079171194926205974739705603014746151652023888725048399980606663105553250952941205384443836140258014280521343254885092626536202525702342987821222216446745895461091859897079
-22427108059630777534862069609467073932691644996.3521689172487461413165200854547138751401900066100882424779443908953852759145667363169786417483659135615589906572574517474908076790373846382481063445975471663181327011435894672663831889978880722961991701087434648467921914277339215651845452836224896095293675352732
29897151459963339255933676269438232748223221647.8769298966870533911535444721501977654923519345203672776046100675710106228367625461159642038789678516224944863404375181069243939475382839687195350566787758588224425059032415808424957628613420601750762508655072246767966911022665316080951093859088464627489978608405
-38943288795969190658675121628872628546608641459.3321495070514193245113373813190379433429292723536090315761308282554583844923433935561681754712244742569225656293423565074340577594007711001632123217714977076008342231311449900526775040160435116927654395171803284843983756188603111301858115161110508915441554788534
50669924825559596312177235538054620703513359347.8391968495880313442157589797691272756879548878044352627548090179054706546742504948904232178845312357397944592165112551977501400306830749720580650080788989981443755210040638235233580800360540477800169700977720347167956635935325153354635722623737783839402482573232
-64235954318460235968912454943137560857691398176.3841889133989589078149624484174203962561219952424469889388243278638361045550861115095677609645674586156161328293172450239889351093893364846911879588095127366897069976418938491589354123072225128753237600140913748829385604910396562471026330133279056972333555115234
80016065490627765762043865340294688224351289780.0478007818156068549338046050269646720368745030809597870700919655917021499902675903342249977316264058214150866907001582670039113001423991144663998172517494334018442214777592830842102193985940172569030478714463669070474116457946909875955481340185653014249822239247
-96128462643576670719184537760800456098902914546.8855582712677777183607848010853667943032307981656027640802414593513700703645375779005214683304431925442398405167705665435327344308525008759334047332073420714033797117709301578878596469983263273106320505481177977719676099007849060031203411187410234404021410580814
111357051778693476205409801586187413693220663707.756122011371419166137431382563759147437952591810131333306633421016622193543130912267816975029499384999491054674406607825075167062942658225275821224273105099571809882241322253952986881019236523058812319345652570178085714981587318036532868315815508090915007714484
-122126435361247836550292633259349268343931621395.430535125208046451358453582277458878508012974494094749449378305318496565615543117566132759256930200459202244280836860990843640699678942604417406323345294167568646858959463844687067548253890944595259228262687241977252317033800462826223368561121844761341810842292
125796602989660037937293185917212304742667567409.136797936463417800715976050793082954890908478331813811022764579306650577433391968022200767329735081172700950574239701933528801058644891712967860745242524072589631352054728162398142270022764892687864866917360818466232160462731867606858500553173610049077962301339
-118804733448219283495834987850787696466709485113.936328473171668010021538941395962749640811608717932854266177318393882751070241251217053981980580180305104605769937446929972383330982203283791601188683214643597751968355707764277340002747213041516284248781154559875313117648183546088121909007019069485246616989791
100870513587379473694508923256271787566427312583.901681040593647098319949161940737324955375287905247144028876248660053038260291046114714609148325618021975931217423141436792052609128096969682113732631399342028157683977426192518668819024756064694593983526385878267529249458343687444053093929941444462747296897872
-73786741893784277168739039286539618523720465910.8091388574888334686893014954964286700576583615418490053091476775440805989503039611376513699958502156691357991611913988915741316277364267185730147654988529860953125527131910563560117668498958523751227346759829301966088373590387100655161512800400020707531417702254
44250392049276166429355002839118911988912018587.3331790474992612273203363059337796462572166863234786621957312772273273581550816622362915005833930842412200877971748264770165232045796992585370286790384996203680128132174761624275166804708151838367489122981838916506249837988414965696079453013596410523396103912024
-19349585603026226977851955950333825934891195020.5497374100360900069623685443496774954472407263158088227634939067741718878275701435972890847455357212178459703902194275302686586593954095408924276205748408799568214451427620471772095828104839092985453411732598466604758707310795035019792685657217956786328615247699
4943512347064481967199007307569335249505733123.43961980511280223114057585630078506223435953031748458677889808935532792550280707921190465096227154001829090805912875178705717922886270077964701027899704231432666840854673853345258937208193999722665271840588094938680268224873676050737906387897306887787061053831791
0
0
0
0
0
0
0
0
0
0
0
0
0
0
0
0
0
0
0
0
0
0
0
0
0
0
0
0
0
0
0
0
0
0
0
0
0
0
-485394263425.171897569429250615346004229624030328879097610013706576255917368983854319015432424657764507570694266090988849742252457888751313513417177150591169189175510168686498501703235411152154395305567900163599774381034803821334719277647415199403067556702777473615722870249597142450355549911092970928569695624
731737098314.506656168806424188168821723277572883944133168485601425552150744152043285938846879118905299349049618387209076544499415661734827408598038756826070889598365699874389906560054870300291562088287483311827726600085004741483924600713180543074718836954837900089948456794570956999821984264489012717444543352
-437630150098.608870025303644020347659109424658100772778167794492552969562461229676866759715691878712742165741347815794273646298965716861135900797118881240809401809097491691887328787269994688961594158961371313869748853592721742945792231495707376567192447953086965323433506988234265690600042502157564876915376183
359609623072.176511434889846358492089630501784926010014757604207964510156204082728088610558877086201340772211143191974425383665627167362314093319370577262825650132540946937028956404831098383911644241391245926899549619685152882469873168812708426723130498425736495569682212551386374472849053952595601717017735682
-326901669341.47359922686791295384021342094988170840000419420725496390348593562447598211859457759969590238592572007481851427196853662719324219597905249350901463409602575170147424892557818614429907017001598414882650813693741492409873028864847758568088512023709172565237898246992836334090711968936584919513830545
315225678567.565367921890928402263449308594992321048074700931078836886543420102240132709482350056930979050420379396428900729939044405879119264549512738144285064919876365401835063123537352064413646931775711675192252262660083878756396061672072088863961889914117693507879957727386635837381013686023019073809718392
-317242406990.307653675553052021229741637624404378969389136961232836458691119288789463007913665110297328306928053262733777535336338432340702952152774702563564163016131177974559203357693654163048795478140894162822295547052018823141480347695090691753591295096265078115588018142450555952839426120654832715126750755
330470143138.620151213052050271300759068955394721602786929859429165147868053171501475725367153970941284838954868972818334832729143676709339635778872483698995539821130048493926951764489500020164607878289098853305120474581506524332095975071863774593128584818401239790327020238662156026036795118752564785902205118
-354550111102.848520616803011942178685336306529380853513283231829687203840143265201802420161608600245908442836835276955660948942221072050573254140619632467231647694978090618840846706806052734468657463786146791546992245294757396644844782232893461520174033101413032271586454346081595228414385356540400789609432033
390433489372.531318302382581544476607073873558934407176085324292537522165092342884907682227967184164513061904330535313608661261233604273378996563171444007251708452328732038879379047510743342752960460395840211912298285884532112125566795017297832318824159354053801715270496505931940925800760673167596329110681351
-440169793609.171916025587900713441071105864714909247559243305052108812715327432093257897025916656751448860012748821607477140466187844866354157280367666076776320004622561164271900695171148671753905670999070230337039532595872760189108070215819784133773913519428657063136189852627963609333031011279320342631766789
506958772729.261196142097479267924930403688947281909771797599229549108717655785353929992173818360527399365765415537123106402619564266583359966368728606714422473941554934025220526179227653938681143531410122819810014630155054141485202745168703283458068402742824353351316645207219194605544387609611146559738759203
-595366052087.960893654748582301379111933936185759654918418835065668724331384146072162364608055495557340548542683800741194423142872830314303669928908773710008782277822127422558151669399171134976424832612134360745761982400604521594706029723347543337117268718346503181853919465289350738907005754621243106786699842
711676982397.945066264496636561574859274437372673458453063469890081469126847359397718357337491195172021927284117068005246223290557180209133721426926038506686618114444691952818485478490438113227627991075755219670906092598518773876219002446966749959946627395527695260058194896148447885437705048454693930942883584
-864389309264.074258968913224002826406722200403655963151889275712384186613372342470839002416001995722879550241531932124293957851909918114324011774346384415544281024205865832913365601443177380910890197448297681600494560595962821568304705469010647391693370082527442750421010613298082645878190310422705601957524207
1064850930490.10010728487184851075939930275458895444377716006722035436851951284371043470547966332350065503562316601314660090887082831803672360929643160196736876840270353441140950063411646364008744828805718596048990037193914149373731624008808553045765360949321585773527582763615117861572850436852152245253753632
-1328038346380.05321721400328410088439672778550596400672306362959105382719183466784712967373201569440983056022356135393526084584402763783487795998780084839345431953993346806815299639422233626656106396748690150371493800244569247726923749999848456790571100792977047871392351025330791153256844101292820483989071286
1673439053882.34462453730673420906318697206406958112842201042933630383525135073995885380998368347671181860243206012802186782876955943481042310863297223661195173296032857342897276861395351029629914567149160092949824457336691518556563511597572709573174665091391101090833634476363581620431862244667305389303228626
-2125935074768.216417855756969203493359644267151898870441267606789155465673021903918158396610006375102572853526931832905610998170219366244742903982722820951348853871833825269478298394521906892536635020240320891374763384369672949141775320446345630264116747234520690592021458203528989008754614771669150636280059
2716467243433.83520769498069288556260646859889524781447629010422920517334801234572258916729459352864584679916828228793062567810181666552499948373756573952806356656296686255826935923535846042608072671926029818036787049757902431019918637832660272568508208114679411765826315470242128151490721585483131256960218472
-3482069714110.99878732812773544078250621403538428545679919471974428369320366307543252054391156396332483674511921515127500998085097379795797312753353386082774738877859808652326834147797116218592007864217390145899869546444260621426321231294021223420640257694318778261646151171865379806711261806945398675840779094
4464585085624.9676704740402227225348887226392108546059953168957534519355759175259838190137657382510444891420981476010496222157080049754086553810095245021741363833196450548418023723175838156239726189906118194877445937086723872954154268599303015317765967857405662330807804826691646972635939112920138619240540301
-5707010682893.45089561349254540749316842816847859022839241513176482906447002298572702555294702438969580281282414406378864319721221949279178250596248855143947743937611655644417769193854677773386596205759563140892689446477947153205717280997587044432414299638030212448323916139828519030253266278028370811546467187
7246056952857.62936325125255028753839454973014108289027500051093424448396849353959762062046849577919708607829831275058525124657713999762006717653721400530302881315490862029664783858674410251923364766920159507625723838049698887647420836817682229806620435532815552063934232987015736761461530348750881820502846864
-9099316489813.02147935028174119235000571213334855286312865563573167655717385063493587769197806281393827154877974769499471856107417017277604755501810313056829719705338712242078233869997738746760044304964629104119642639759695130967208391701727707485435771781091738631934581781980463735824496650237376454604062977
11245847861212.5723987883885878530031981789170840254677291386781994301679624495037512723786979882020683846214014875378298317204396408383507122848177920202449480076875291237941235778212883792460228401433242180794092335240826276959913015021583961510279607295785927427247170423191230991039814849009200821725230783
-13600623837504.2504860086814435259035629206999063257167530186137435281128095214978122065269839537302968844605124475603862665898502129709826396472139227570266258489668171702628022486090787917403247242721985935110505648086468055408205912222425856350897817353747178182350422356024894170421827983700484115578356018
15986973858860.8624699913484135688020915775360978663811286165326238735767823351535497108032225609681599603220465801751595776000151991152634030116888437207494190870279148771847681247903099887995516512162995783579779350241383379286112293384852126741869782216226061267283989780071150377458060455644043584897215187
-18117320903522.9616731744453400691387047274771058274329855304257298043747660470946136822148754943800569404457804043165409968075862307191097414645998580639576194021845316740829773041761301411696943886019626737768704764482726893900201073600187402138044685662070990383419064849783367160848046523125927811094768206
19600177447423.0013727123448934853523607116787418616449939457735340232252560289164378380822451319229558632225540415990592975051195363212031102112227935754086450715952628855871408878203661889196109989938082621788991616576159999319369439781731444303966517491757705074069297598438312572595933429836956397158763769
-19996371979650.6655634211600124570581121806870047969184906378920549390447063586062741905736144261579792864304143808137532197432652661070515258922614458034816321380406563836166086818785634017230522305479968966572217472848588791902822106418479472391726894208814725461001962963011221408450285896775521038396405126
18941264064251.0524977485410527962328108192932863449057826024032821288334374946797043034461874412883857693146270079479609076613510057010689701794010019493222166690806044773841049329008978073829318729610388041040830831888060561834152830096188254906815665862321392569022499905200205201500577503761198613954005463
-16321422112665.61055363959000681888260762532608492108121253007497915685106475145732390855328680195366153315594402224112930057999942638480122083224920662215538703150049297020979059742668422743698778158043059753288496620912990267092114050960231896491871868603674133558328109333697899796264564593903980491873906
12440623599807.1555259386660602840379286241362285000103990935686406159647157771780601661871865989834518047967301698060479278283719253186372527709279119239194094293103653598275904390181242538510942795753375628352579631706096526995639596302259586501416279958918337557879022314462588663181932308877984713463570161
-8053962127893.05741721705970033832425167222329235147288425529640456830942834587751930967275901166078741579974417893784319029409591774176091651843285628593144889554494869124267096330039375649574458429965088367516786056408911281556927603390096000115994429016039942381141736184860899959227911693939464218747087131
4152475784404.97391875867963701369037220174879428156717338184359493921526714883320995716857733524760139999680788832795610716179958508159440341104931116634782285336086024024417253724048225219237782885157341545165563699846999481495726277181944610689883624958279406040693616578959969740638274325150030024855236002
-1515850333344.2618143882327816426964179440167079975595604627641873902408024585236521872321091811240721310298385845235000295938219004308470381206416515948050535261044445134873738839872450510756235209771644442228718956486402000905866703003664650360009224158275194003548683597835658980389949377961353603997779557
293894312557.059812158750940822506636234107567246671062282720065800705484242648806545869368966616142676856286533327081399790865006253662284953428402576249585686217023947609889614580510263214596134132271998640076856026690827014972312851057256671942207530342990718857915788660340457567749959874426187673955092696
0
0
0
0
0
0
0
0
0
0
0
0
0
0
0
0
0
0
0
0
0
0
0
0
0
0
0
0
0
0
0
0
0
0
0
0
0
0
0
0
0
0
0
0
0
0
0
0
0
0
0
0
0
0
0
0
0
0
0
0
0
0
0
0
0
0
0
0
0
0
0
0
0
0
0
0
-1423258079926303749719849184631149716075166969.17682310965685155976624105753461466010300876059865711540743087601114698051791041612515532352807906422456083088692709175391309850611081117581340765888701900661533580598061652603046165139625494183688579518628154223923058169917498200887235243198712894829363816675468
2181178188655751810335399190427286547912805088.26874744285424717740489977060939038094283858120687512123966365634929773363797796015274032096034241780584566371249015982684378450485063015298108305184174159551881620903667615690827139234982213624110447331563783874967347713465606744644007622026199653119273100192357
-1029206248683491371704083464090581608966243473.04245836841095374791519105035582358002354425487380589195097026477110399352336866074817019503901001776891730162542902527080842869707966438288624217579373906025653243549054051489623361362376615843160282811217178655673852782512792370686204510259902543525201108283594
1223755935966036429978129342061423893637416274.12581685854983617541165093652452160533273023721219483138007373675697628194756742831822495942382250081599459841541526205303360555203429710131252014285222604300347235788284189545504700306292950874340394747091558478578220782827213404237796901280915968626684395079227
-625752904099456519691239383357480431879655124.013320166190390339279500299039653503367827136715036045498355754418860655176962552944566580359501902218826081609811388520132613254449266704587816190274897863708744951522000537338723697124220940741706717047275566322697935945148472473563328404878206628875075675168051
1137927968231278507772832664162780151060669250.92973962336298480537819432060293863057505088862021864563200356819991359517413336521353360189888055515611045586822128892958749091377643097174977827212611475513618675115442027361276952790717125741747329667236488044533170040947960897194102212551034398777935639543745
-605501292680232872351416017398886344374887091.815763030218074868275624313957952248288040127694756565844230560779882489765370330599483710167004354013266541258142471085879308382462891619027505584471011581022655041520112687109606645520614937999609097709556545853700639836867442025057919193796973524833112143630308
1180518732872651169732856414133662708915948220.38447935938869115142852013147249272937984077761766033167265263115503313707351520961338533996383060514189808236221627823785759679557458050309376323633983989768908657133202669470524432442133963310015587088704387543642097228298817318025158340880952927552869753297047
-754411913681256459244218934572985924229776324.957835145586749164641512655385335852922703591614699006759461617024793143068717829401463544702557933446318790691619168063665467096174469107626927784733143712252672466022145112699801023096638795624902689886181568182415673045935174201457817223737906682208944524586626
1348664154922803722575675189427771561248646254.2580541969441602858790898191037884883321273158579315964063370467719586348030228983243807437059915448193091684975761632631322156551995393553135259789325092005471380670759037262096328502796210845307122162976140842953529544366606722129951719783569947121067303481776
-1060473494164320208150087320712991872326753899.08475027986238440502134791675779023291276818370081995097969323579313786367769489019354758139463201062892249858988704293640505999321572742654893630539703291551760919291704661615200035086858601196958761153400696853657433301052879778374802124808915078500627492904286
1701863083066420598110112923515824864884904556.17001638890901627583581384200841143875970269000110161771163528726340845348210618106755368807470152361491991199516342396552680117437465681435846150180806096733551620647376607940526647239577620854972046056695152801806310891697689230821176184410417524024424139439299
-1597306506101354927383377146085826716852960408.59773615694343105186816321809339561424770960932170526275867299429152593880178114250650644363994408073350032590888611665818512220875359964132019039513713414992346487014076491255597851616773162475793227354991182950927217124758758334890664006713249382627553635333555
2363007995921653702711905441897055309702581848.57177381919062321069415006498332542335916072636986747017704290709033607881445705643285662571087090858025283980520524524177623990525518233659046808608319551772219235136901253635707027500875598430461011771424705450961294274129705024752516187586122438702238185690628
-2534115643013991722791307753711076699207288689.56585364390690931966043063512801547150509323485404968873798934209777261880332582432075184978277679766371404575419745854194949646935244390974632846044908950053665763511835768475236147221578626951358424156495782731164179462817369633619633574731200081482668959100652
3570259121233946320542904454199168202525358419.95740326756920062537414202082077450607172494565610626280767082952508124566943873443016563612146614683368428124433611678981710390183657725076926076295771350919843969575567533334436258890596467645126296539711321607346434657747178433546933907499427695685513069439199
-4200470836422332832510698231343186520294172869.89743375135782877772969256029848250617221038440073083369853857385400512270828149395824266489466119300986361322578291675019000763491581667111891465394889591054514923276525588449638221906185285027897198094354656520940245696388133396492118748626491745846419827391319
5775470939953482282777783595614351795124226895.44519362367569579909248533320135338907275175865259048954988598666031603738220721048628061645307375288128284693896906506158899747042360001487671290012265643341422301402909588023850607957078512244555399547335859142294147340327924132747886256071719831694385876093706
-7213838645531069873456090701972937754857595315.407971131770254152517394314661091656134888646576390672546461299261941651484618763181823864648475713494445473475473183514649986285075508725613223822784435741050511590417183068715687231550953883544951789100353709086798910464875340285646430353025890774109867570506
9810451895831192682192094868870185515581197669.55612020582215099653029860855151422152185485478969567589771685909409453034373225603092289579612992064981376675750498292285470754373232649314680182867355267036916811438970962685366258058603923791614913883967386723360639041969831898434140036509315508817952085587363
-12681825409344051772020656031732060151302265296.2715996182893404165738925266378251703940501300981350307580510183048627615306419156993061402683779945406092900126957855278909186749065969557065142146962568158194360251397492168884816816848236543876900020081064283173322209339886408223888700843093896408336958122482
17116393438628779862936567966723130989634528815.1643660568072889142012535097139220066552567875439359625709657481201175821212589989343422368079171194926205974739705603014746151652023888725048399980606663105553250952941205384443836140258014280521343254885092626536202525702342987821222216446745895461091859897079
-22427108059630777534862069609467073932691644996.3521689172487461413165200854547138751401900066100882424779443908953852759145667363169786417483659135615589906572574517474908076790373846382481063445975471663181327011435894672663831889978880722961991701087434648467921914277339215651845452836224896095293675352732
29897151459963339255933676269438232748223221647.8769298966870533911535444721501977654923519345203672776046100675710106228367625461159642038789678516224944863404375181069243939475382839687195350566787758588224425059032415808424957628613420601750762508655072246767966911022665316080951093859088464627489978608405
-38943288795969190658675121628872628546608641459.3321495070514193245113373813190379433429292723536090315761308282554583844923433935561681754712244742569225656293423565074340577594007711001632123217714977076008342231311449900526775040160435116927654395171803284843983756188603111301858115161110508915441554788534
50669924825559596312177235538054620703513359347.8391968495880313442157589797691272756879548878044352627548090179054706546742504948904232178845312357397944592165112551977501400306830749720580650080788989981443755210040638235233580800360540477800169700977720347167956635935325153354635722623737783839402482573232
-64235954318460235968912454943137560857691398176.3841889133989589078149624484174203962561219952424469889388243278638361045550861115095677609645674586156161328293172450239889351093893364846911879588095127366897069976418938491589354123072225128753237600140913748829385604910396562471026330133279056972333555115234
80016065490627765762043865340294688224351289780.0478007818156068549338046050269646720368745030809597870700919655917021499902675903342249977316264058214150866907001582670039113001423991144663998172517494334018442214777592830842102193985940172569030478714463669070474116457946909875955481340185653014249822239247
-96128462643576670719184537760800456098902914546.8855582712677777183607848010853667943032307981656027640802414593513700703645375779005214683304431925442398405167705665435327344308525008759334047332073420714033797117709301578878596469983263273106320505481177977719676099007849060031203411187410234404021410580814
111357051778693476205409801586187413693220663707.756122011371419166137431382563759147437952591810131333306633421016622193543130912267816975029499384999491054674406607825075167062942658225275821224273105099571809882241322253952986881019236523058812319345652570178085714981587318036532868315815508090915007714484
-122126435361247836550292633259349268343931621395.430535125208046451358453582277458878508012974494094749449378305318496565615543117566132759256930200459202244280836860990843640699678942604417406323345294167568646858959463844687067548253890944595259228262687241977252317033800462826223368561121844761341810842292
125796602989660037937293185917212304742667567409.136797936463417800715976050793082954890908478331813811022764579306650577433391968022200767329735081172700950574239701933528801058644891712967860745242524072589631352054728162398142270022764892687864866917360818466232160462731867606858500553173610049077962301339
-118804733448219283495834987850787696466709485113.936328473171668010021538941395962749640811608717932854266177318393882751070241251217053981980580180305104605769937446929972383330982203283791601188683214643597751968355707764277340002747213041516284248781154559875313117648183546088121909007019069485246616989791
100870513587379473694508923256271787566427312583.901681040593647098319949161940737324955375287905247144028876248660053038260291046114714609148325618021975931217423141436792052609128096969682113732631399342028157683977426192518668819024756064694593983526385878267529249458343687444053093929941444462747296897872
-73786741893784277168739039286539618523720465910.8091388574888334686893014954964286700576583615418490053091476775440805989503039611376513699958502156691357991611913988915741316277364267185730147654988529860953125527131910563560117668498958523751227346759829301966088373590387100655161512800400020707531417702254
44250392049276166429355002839118911988912018587.3331790474992612273203363059337796462572166863234786621957312772273273581550816622362915005833930842412200877971748264770165232045796992585370286790384996203680128132174761624275166804708151838367489122981838916506249837988414965696079453013596410523396103912024
-19349585603026226977851955950333825934891195020.5497374100360900069623685443496774954472407263158088227634939067741718878275701435972890847455357212178459703902194275302686586593954095408924276205748408799568214451427620471772095828104839092985453411732598466604758707310795035019792685657217956786328615247699
4943512347064481967199007307569335249505733123.43961980511280223114057585630078506223435953031748458677889808935532792550280707921190465096227154001829090805912875178705717922886270077964701027899704231432666840854673853345258937208193999722665271840588094938680268224873676050737906387897306887787061053831791
