465 1
1.31441481790203740461665217848520659060280058152509693247431960046990601874261112979883846851179281931219919370692261164090263132935818796809127645893115997918260945120079313852359261175253347116263383453993839623696949340406434585215663620584357443412500433497835190576277309349126419668208199484997323742526e-10
0
3082828.35680643386027923230830479637399721532384194762180515755691741977036093059379494694909789087687421239856256135906529923008155924577460999699090030931359479279453944656487784185975197161195809097127985673065527919767708762684000863837700275772624150653464869292513865705087239125048729409432915963996931
1990789.7091793615143812913876735795929908524919430256111745042530151668052758033120848703205031424671272525194877803999238759996347250304167787612255881074549173230284637651003736153630649150379837015373945189704992534418241400173865814879742156457898795934799991329194883765537183591536447133821267815611183
0
37334168604877264875197.9102352619599607045159335048406684761609836742789356302146166529834189743582308255662699038896064935297127177110343429524276068723714429224757954032747963735107492349487854976714064870637063132962380246163319781537100993959540225340198118581394913523182824118183551129558293646121093704
0
0
0
15487898894191918895988.1373145867663954712473250410738185428331000648426212951156550954177854079167147365703846391156650499366407701544176488155321858465725452188379971788972712762212706672540280281854491774300039348945341357762834205576481757365510821053490169905984132487829952504067508549336637512396949261
0
0
0
0
1445393.90021142408950218759276896955131604667247798119907684628144530286430951548524503557015566219715645975513765184118420698409548260160973097983617439992579997339791762243664730815680716549183681094078268790637953233525670793014395392625317070916920973616197235680284855785676766648684417468699123168302411
0
0
0
0
0
15487898894191918895988.1373145867663954712473250410738185428331000648426212951156550954177854079167147365703846391156650499366407701544176488155321858465725452188379971788972712762212706672540280281854491774300039348945341357762834205576481757365510821053490169905984132487829952504067508549336637512396949261
0
0
0
0
0
0
9.97343611745931667439668311085149809937569014859989543001952746290354966698332443578589902621236668309951253148898844575441381797581375291599776307325508305767736041072719778000067421264386379446274545879490477284826950580616474830883796795057114484043279706499237066153564166021829117213671956355889156121329e-10
0
0
0
0
0
0
0
3077215.25172856759286779237537639283807011366332468143768929921262112674760326487298998260321584260595840864324376067837091690310954586454990061314736747304599157461445336323074470322805869742161756938357414240880870629093806406442797554671990320731353001482700188424406133630594722902186148078210323453924565
0
0
0
0
0
0
2238465.42795772992077692476040203798851140458441479524586813009150568296048108062623821409786118362837982864908965886257537608706704814954373360185093785640973846500081333924841782800047934381316079057959860250018135029349576591760203071456079682395374102014438388107098960381665701402172127608758536003436144
0
37554568783107476253379.0259900646052526324745239494293920454680314508974932049820497394605982068156267603106751338982569206067546063804189650327033513417290083397843870871828910059631408899764940360873104873016907298419551722367605337039419839124496617444303463566609526477606454078024624065608764034882174477
0
0
0
0
0
0
0
0
0
15487898894191918895988.1373145867663954712473250410738185428331000648426212951156550954177854079167147365703846391156650499366407701544176488155321858465725452188379971788972712762212706672540280281854491774300039348945341357762834205576481757365510821053490169905984132487829952504067508549336637512396949261
0
0
0
0
0
0
0
0
0
0
389961.048263278214839643949741515119631362350132671715894987712852480494393647816364825577791071972265879055699835648201107722056459356427165340863735360117445052452233161681593930160659477598469638801999625191361462612958174696322106135156959049237468035475141210727598394600588182596959291917327026821544991
0
0
0
0
0
0
0
0
0
0
0
15487898894191918895988.1373145867663954712473250410738185428331000648426212951156550954177854079167147365703846391156650499366407701544176488155321858465725452188379971788972712762212706672540280281854491774300039348945341357762834205576481757365510821053490169905984132487829952504067508549336637512396949261
0
0
0
0
0
0
0
0
0
0
0
0
6.45096275572595581422988376676255177047620061085728839008477513666592378118981461089804342046432652933017565291887350219065401840761947992049594719925013939288654252777028881676588579311772024557492578246370462532609403768000023830536653304581687025589764736738855209815146747242789607424209370502202561982781e-09
0
0
0
0
0
0
0
0
0
0
0
0
0
210031.465813794934328760666637883718309804836210646459711809133967352888857776985122663136954159176571904985647055082536708668868844523374156352433119408490943895826525264057951423852068825700874610573718252108117864653374070898674649988870410836685653078273316068343021859590142215137362056533099246311949693
0
0
0
0
0
0
0
0
0
0
0
0
-346424.328610108174518511458279212204103300723673648519552160081623479610297038003817718140325219318732575127037936091317245107458571985962517512289897367824681524462996853111947429188489766915207044941924594006828717429322243694998080900732382875147779249391329476004062510594343009935011386979249847922778864
0
3155433313500459011307.73750332527671668909041236770195374364555397197916067883255314218781663970071019618400478688253099782700535517744087394737296514678244030074984147698520066141123244817779889047293495270814445524850605380302957248437400809395934667854596048269959951825359857176601557828043087253071635179
0
0
0
0
0
0
0
0
0
0
0
0
0
0
0
15487898894191918895988.1373145867663954712473250410738185428331000648426212951156550954177854079167147365703846391156650499366407701544176488155321858465725452188379971788972712762212706672540280281854491774300039348945341357762834205576481757365510821053490169905984132487829952504067508549336637512396949261
0
0
0
0
0
0
0
0
0
0
0
0
0
0
0
0
9912.91686461425545529924506242800549805201330662036303517059282174501725563411277613596902860184116663868990143824098876147200122020546410355129562279220206256408909550752046810255236910728708724076294823969439650727670534344745210840489289408457270475815765594154037197445946777371709156768259858360840707248
0
0
0
0
0
0
0
0
0
0
0
0
0
0
0
0
0
15487898894191918895988.1373145867663954712473250410738185428331000648426212951156550954177854079167147365703846391156650499366407701544176488155321858465725452188379971788972712762212706672540280281854491774300039348945341357762834205576481757365510821053490169905984132487829952504067508549336637512396949261
0
0
0
0
0
0
0
0
0
0
0
0
0
0
0
0
0
0
3.68976896121799562841168327202962164398784663583321280664674226530679731152243448447486837494446686423403876435318732422699417470896800469176565291571165968570393510810914362766803897838228716907281181993121927001907713883332047542702932073933292516156845293682520283559210550383405385104475625559949796171923e-11
0
0
0
0
0
0
0
0
0
0
0
0
0
0
0
0
0
0
0
2511.77007243177349027440806210692002778567856951616912874106573129018673027870223793506723230580574614504890835088988039853391894555117843297079931646746098063319210192839872644981864806464819560785347910099908508856952776151307180958340585861433581634842996853706858832302520317965435649988639951542864995707
0
0
0
0
0
0
0
0
0
0
0
0
0
0
0
0
0
0
7587.25030525793858782075749524614150850081990195482559903346556442035485879229861078207555928738908157473800276135027530678593170343493468079035738369732532397918056909660473507213859285720726565482272356799111613891258198908059818427224270675632586503679984574471260880325196079902957657592563885419419185995
0
144422511718535572056.36407184563241765868197346000559799667588546193576971232521546234293269019219404727520383484231968430011593469684727222271206646287959837401227110742233983872356818135814445033179842806808005022049354763850756464412685215993504084607008420697506621630866597632796368854545435196215647395
0
0
0
0
0
0
0
0
0
0
0
0
0
0
0
0
0
0
0
0
0
15487898894191918895988.1373145867663954712473250410738185428331000648426212951156550954177854079167147365703846391156650499366407701544176488155321858465725452188379971788972712762212706672540280281854491774300039348945341357762834205576481757365510821053490169905984132487829952504067508549336637512396949261
0
0
0
0
0
0
0
0
0
0
0
0
0
0
0
0
0
0
0
0
0
0
545.531835862079783430733970067310377215210706828996504633986135077865231545344107944509816516877260005816920193501337200722150590063239823494296438885866765811782041327125730626910975590593912944317282620057919876977560860474009612715227416660480775523808980999859618763745456554278959341899964710302413552445
0
0
0
0
0
0
0
0
0
0
0
0
0
0
0
0
0
0
0
0
0
0
0
15487898894191918895988.1373145867663954712473250410738185428331000648426212951156550954177854079167147365703846391156650499366407701544176488155321858465725452188379971788972712762212706672540280281854491774300039348945341357762834205576481757365510821053490169905984132487829952504067508549336637512396949261
0
0
0
0
0
0
0
0
0
0
0
0
0
0
0
0
0
0
0
0
0
0
0
0
4.49465575906547433859636886539242941162054592728608361545256766723400546251264396298063466131867418845741838615359816495296056067865948594831991104623938811771842942442351765106751712254607757085644187777865488689562250282404305483888479911363009745736640129468445357586030675240836362668244052608861451285031e-11
0
0
0
0
0
0
0
0
0
0
0
0
0
0
0
0
0
0
0
0
0
0
0
0
0
232.945498245123964474858909955965620580343667558662740031003336104879339654064691466128487880360364734812832662565519958725801886532711675246104466981668993730656384924190703971318136693561890776626250736193488030378337553470519229113300740914796902616331599602241668115598822308855192988884685376311149344897
0
0
0
0
0
0
0
0
0
0
0
0
0
0
0
0
0
0
0
0
0
0
0
0
3369.29329995272927083174220239436252241084462475093641926815891217094143066715596665118090084944694804561325807854965215600716128370708344982314266644499806216924022961812548224851316982472243208734787289487323252432339732288993295304213930342713924124380917959626864697716078341982605879280469028012307578276
0
6979856344223354175.10579273223115000605413339297281121408385120947558425824186964406824306059328063452837546354735092075602468316457516404378392578021094102616781504274322783858809287419973578364917901012866883469814298136685757757179299902865008212086372638586872184972838071231548707172042558255148886098181
0
0
0
0
0
0
0
0
0
0
0
0
0
0
0
0
0
0
0
0
0
0
0
0
0
0
0
15487898894191918895988.1373145867663954712473250410738185428331000648426212951156550954177854079167147365703846391156650499366407701544176488155321858465725452188379971788972712762212706672540280281854491774300039348945341357762834205576481757365510821053490169905984132487829952504067508549336637512396949261
0
0
0
0
0
0
0
0
0
0
0
0
0
0
0
0
0
0
0
0
0
0
0
0
0
0
0
0
104.944243484742403061334513391787474504012793451174482851769568692246449686641004446161125718751091131793823953695925299105987976612293465700768325813465170250676453003365063354101076703609989178043886397763427504939724214808446795727206380699412419354178230051841447324133141718147717163779786264236347496529
0
0
0
0
0
0
0
0
0
0
0
0
0
0
0
0
0
0
0
0
0
0
0
0
0
0
0
0
0
15487898894191918895988.1373145867663954712473250410738185428331000648426212951156550954177854079167147365703846391156650499366407701544176488155321858465725452188379971788972712762212706672540280281854491774300039348945341357762834205576481757365510821053490169905984132487829952504067508549336637512396949261
