465 1
1.75946517396363108220977607965193089007000848333130626211578779136459787406418506561851904385984253714203630066415046616740486875833508957964809533930571341489705418141338707182229039869229366374376716350030312453606944841245362488548960255682379147160255338683120962024263167806363459946187333020455344483827e-10
0
1974359.58213419675403531487055080592184601074525263868800790840568240271406679700105349958137254921945296657084055845819884291584854641511730438705129382432426916180102912826262810670336894143309891566426692569520825360116032947333181163342234199649332248963165609400917303866313762610880180140929716774645906
4423172.6254393686595314842012335075798542428838424661949236354511978370959577863216994137936521255112611026939417567918047628915564606550393546641797262412605509323982750447198396347009423438233175808539869603559972807457686416290293311324214898548174836610963502119310781922325510671681128911586703609921422
0
71287239603596821998730.6504723593867136514986205379987586712705077062348485335534364934936108222055003262103342079393823276410860965752303467980271908167055457185330175875613476114936979550913093924782705223529752087264492619115147822185294918560851420770409750376184319912322281511488494562352885602357506225
0
0
0
15487898894191918895988.1373145867663954712473250410738185428331000648426212951156550954177854079167147365703846391156650499366407701544176488155321858465725452188379971788972712762212706672540280281854491774300039348945341357762834205576481757365510821053490169905984132487829952504067508549336637512396949261
0
0
0
0
1472783.41455867173788119444553237766410008805218031384157777830671468371397278745299484029372906865321241977638416189735040410775744244731924647678450565483518352433933014444408666138983885126650690618461382493207970596388130954751080711523659807673240715256609698410673515741616350874248434253681475002028843
0
0
0
0
0
15487898894191918895988.1373145867663954712473250410738185428331000648426212951156550954177854079167147365703846391156650499366407701544176488155321858465725452188379971788972712762212706672540280281854491774300039348945341357762834205576481757365510821053490169905984132487829952504067508549336637512396949261
0
0
0
0
0
0
1.68649094013970971918587272190625214309639197699057041710385902496955979149476013714147157679187405443330542539555605140454691704614689935265679145789776338951567702411073677147962033190381882230902295709762768765164054843766016550924940293821092289517177366998193169536059258130149445052674795020930066334131e-09
0
0
0
0
0
0
0
1778273.63005676510476702323099437630970777544884337089065983425881945996331366506053305744449759292482141977120063713035859828677636854898318854348384224707803052558793475270595054036545100472303389874765616683879556977624765081535647117502302123075203742297175232571082602785316653134270936743663708031980155
0
0
0
0
0
0
3817849.07734017548609715859806399883580356413126834790824642568831596863902511616635272205460264984244463751540323969375928861406186203148552206339812735205083932367499890103383917902905586836289970494308268491250093731939382890756040276261498198019748753050479132456346252131602182496040270787536173237681082
0
61335019903246979774236.7980197360447685458292991723970409652913311847610780192590650083560537751823484636512767574148897053443637498190404663007852969849608144295085915167140743673007059212657690750590872688807862282939868181878077997445078308578577631954668714675956642674539422857008125187333934443197642079
0
0
0
0
0
0
0
0
0
15487898894191918895988.1373145867663954712473250410738185428331000648426212951156550954177854079167147365703846391156650499366407701544176488155321858465725452188379971788972712762212706672540280281854491774300039348945341357762834205576481757365510821053490169905984132487829952504067508549336637512396949261
0
0
0
0
0
0
0
0
0
0
307738.45972677489111731560632166779539189212706775413921254828879758133230272617286673874050404466623260446377376187821035797846418695646674854620435229965710082650378257823703490750433561423244528082366214431925556585547755185886660679990888940625081622367310160422561336892484725164837518687608716505175823
0
0
0
0
0
0
0
0
0
0
0
15487898894191918895988.1373145867663954712473250410738185428331000648426212951156550954177854079167147365703846391156650499366407701544176488155321858465725452188379971788972712762212706672540280281854491774300039348945341357762834205576481757365510821053490169905984132487829952504067508549336637512396949261
0
0
0
0
0
0
0
0
0
0
0
0
9.80962107909724174448013559143084188680883363065489781622656511603802292322952551888474935745552812488136538057901318256077972636549141489659954659003303772898175299729027580722251322966520981579894219678243261746821334820769346048373430594794223170049724015587128932505558076024996647711181362398233551879029e-10
0
0
0
0
0
0
0
0
0
0
0
0
0
175863.272057535648049155909679171772193629069813102968362356447210550260514681114719907503181414937729458891440783076128723761038764707101493695332813347915197118758790571005795315398875125784210137603256938932285702223634422982052531888869178633761578576858817116348466619160002400838324304322856089659895243
0
0
0
0
0
0
0
0
0
0
0
0
-291079.49447699517914921713061628768979311138676102155411519060435741507024099820263530790729442760783423070346601210539049673393467669264577130294448172908582322254879124901238687054252736278976481421385757699639053807791958081292488693322519029780235678267189420072700132708027439474976263887045100216141818
0
2617542183037795155895.21635012395031532570466739500127983066911615070377038584446089543931405357608195396006205920900471842115090309306400394473608224728880911767749426695207234365785983474134587645484578971636358626152254516559438982196365207577132583308416364081376554708028634980445229493639334002247866661
0
0
0
0
0
0
0
0
0
0
0
0
0
0
0
15487898894191918895988.1373145867663954712473250410738185428331000648426212951156550954177854079167147365703846391156650499366407701544176488155321858465725452188379971788972712762212706672540280281854491774300039348945341357762834205576481757365510821053490169905984132487829952504067508549336637512396949261
0
0
0
0
0
0
0
0
0
0
0
0
0
0
0
0
6608.47571673333734284732309919416958574115202162368456541122108358483084688573233293039530312294552103840609051435528585712826488092975200269570995889495386471773307317703377903718369955279546597328244569098675001273019789418389356530449657803798895273616699816741269518742354405538484002125690519784654142792
0
0
0
0
0
0
0
0
0
0
0
0
0
0
0
0
0
15487898894191918895988.1373145867663954712473250410738185428331000648426212951156550954177854079167147365703846391156650499366407701544176488155321858465725452188379971788972712762212706672540280281854491774300039348945341357762834205576481757365510821053490169905984132487829952504067508549336637512396949261
0
0
0
0
0
0
0
0
0
0
0
0
0
0
0
0
0
0
2.67260886867564773695852996495978104265988758706761744166200600549302921180740158772039384855699346298890880678210426125608001420889435959763974995794747621371512774057883332182662329371216836363805802312288123541887377994352778589186610133957163893001280595490081342968084274349270499834526488247822133368139e-11
0
0
0
0
0
0
0
0
0
0
0
0
0
0
0
0
0
0
0
1652.09789941351016005174109717930435048267629196879248633649094718135777880754186712601658036384949461766070003547506914871769999712656212550200671614835697602504114976753556493011645602602634576869886242275603083616713379347022491638442540698475656532670492714742630420179246174812680711089148584253149123925
0
0
0
0
0
0
0
0
0
0
0
0
0
0
0
0
0
0
5848.43230090941688966187501692375370237917510006847786432910540250091843966146269549813854161675142081850979220038353344018374339297601465274502271768524036008799473792260338234815478429798295958302159462533674075496360523211619101374931690159521098019469245159247806085908755820962985962694512703367237820161
0
91279214027810400228.6107876844439047896565220193486170788582596383346144934294987631079837640755393389226047093499869609340562693433838671060951028066878163925490107106650511564061427422243198550931782375090405840160530085577291142350315597715230753874014038479255424942270886185518788189280977755721241328871
0
0
0
0
0
0
0
0
0
0
0
0
0
0
0
0
0
0
0
0
0
15487898894191918895988.1373145867663954712473250410738185428331000648426212951156550954177854079167147365703846391156650499366407701544176488155321858465725452188379971788972712762212706672540280281854491774300039348945341357762834205576481757365510821053490169905984132487829952504067508549336637512396949261
0
0
0
0
0
0
0
0
0
0
0
0
0
0
0
0
0
0
0
0
0
0
356.899136623938679309779371428764787780727124591636096967795916314240775277373057347412965382977555029006373276383658666506225899666612466280268412041869335442702744086626232493893841194119430038491029848657883953694647240599082680765686580801252928156494039120997032429151511794296099795833713349646579811159
0
0
0
0
0
0
0
0
0
0
0
0
0
0
0
0
0
0
0
0
0
0
0
15487898894191918895988.1373145867663954712473250410738185428331000648426212951156550954177854079167147365703846391156650499366407701544176488155321858465725452188379971788972712762212706672540280281854491774300039348945341357762834205576481757365510821053490169905984132487829952504067508549336637512396949261
0
0
0
0
0
0
0
0
0
0
0
0
0
0
0
0
0
0
0
0
0
0
0
0
6.51237457944916743831314943623329890447467639984834256147017488899563399871914031506084539346231290969549578648161552729058207977800462863424751601965355117262018827539115332858227006971108868139302532207535469767986587499922790318033580202596172688659890854520684559502809085456856203836449518887676157135599e-11
0
0
0
0
0
0
0
0
0
0
0
0
0
0
0
0
0
0
0
0
0
0
0
0
0
153.497060801879990605784002763768501575158854857930146747249578415725998555277962541924032184405630851307610418672614767316335456893348456774995731682769259455764867044743266052900716773595034994275660206826728478144821130736523303099032481158162729995981668035367398794090123013771493035678522940612469348538
0
0
0
0
0
0
0
0
0
0
0
0
0
0
0
0
0
0
0
0
0
0
0
0
2348.01676838836490463615086478602929490292433364823053747788086025090927082656768075568376352306577924730758500328657284259705816465236122138060003095647380204758763517422063643237066576512864100906356882831191052506434163902622775618337568605985522134341031747358887436309487915295487665724970709008592253078
0
4317903783970939087.15500692023473007712519609827974855302566418956046397624277749446789722542570862472834137529466513369060903310366645304696436520538643234868193463324254818361066232397372583044479500175675968407183741390145563613803791266062225021395945634838497231704202133669473445534020710207904792720297
0
0
0
0
0
0
0
0
0
0
0
0
0
0
0
0
0
0
0
0
0
0
0
0
0
0
0
15487898894191918895988.1373145867663954712473250410738185428331000648426212951156550954177854079167147365703846391156650499366407701544176488155321858465725452188379971788972712762212706672540280281854491774300039348945341357762834205576481757365510821053490169905984132487829952504067508549336637512396949261
0
0
0
0
0
0
0
0
0
0
0
0
0
0
0
0
0
0
0
0
0
0
0
0
0
0
0
0
72.5803332592141141058705063661872833770889428074520555345779653211328009706901583014102059501604296837559983845112824105919267225147235356332246196775102363061458140296935459861454291702468128385561515335533165666156882833668805267009911727009280444609940905978380611986492330895134069663766515983134606907669
0
0
0
0
0
0
0
0
0
0
0
0
0
0
0
0
0
0
0
0
0
0
0
0
0
0
0
0
0
15487898894191918895988.1373145867663954712473250410738185428331000648426212951156550954177854079167147365703846391156650499366407701544176488155321858465725452188379971788972712762212706672540280281854491774300039348945341357762834205576481757365510821053490169905984132487829952504067508549336637512396949261
