19 1
1.04799713354424843139120678122959945870315572039026370174399958889978555797448035182500853077631719402375254653075912043171682903225289153867082163595398878955751570694042780732075243010039006640738075958626362710364212851310836230365963450604438401400671976268768839910634028805813083824263537795954741670157e-41
-1.58690003963056343026979721193018451985572698872129561813371724780428078929763410384432096333066765900350796058137386529488421456939977929845785806701369299881880326006962696915673986935430150633881907946804910212682809762887255993667990246797195604059322175484163092179734458078853165905706108744011371043618e-41
9.70214759812368140243870549000447880024268687389601720391731226537030422499747731023290182280443506500976589763314106975500764237742038556857055832982847585364535443661567244908459967704290361308210058928513049391821110748229618699386927107643376063942014659824179351492436776548916388891222680449725028864092e-42
-8.28849371303184002590958481171752723238455626056530792082498719980677531986200241155195564417028024646938199849322420734075009723623773864495187766388689484622711040831045120498354891578760474187933172269253167162706662359198664913383824188920762391098156769128385836323021770288378752572301431027583333561441e-42
7.95561446370241767051233582981460477465096372457035605634885025449233020377987775474606508223438884427692309268926995877704467746201168955712121882206886859139299133243559127737980738363932854763628300145349043081901476172845874939250624665075344952592005145809862073576644797933727100125512452691288131024504e-42
-8.20986689104853197538611391803996228046649837046170658292338236912302204826919155374350305876605809981283323998596895334095955447400737392516036876130108360339423577140898406745966269883887967590052672244853330080401882252888691841510212914793571317651418229033084988090456152431124580604811150272317478201775e-42
8.93703284083139682538003513655413737129130063666984540870609484536030689747880189775355747343350990185024310120472666964360140991334261336643348618811268417965423909254576573385002364205722011744233998255165331298619209072440697291385779410381146129225766698648802343865641483105810832818458189777700112552923e-42
-1.01401669285777797492156171296666558712498597756580767034841833872748805930934191972791578294841470518849903277468885487932911502830249730731421532913191747470440122025239287925725784603330893300066964161590810878699137663269569322972757288425527238151417004521159440817851986009749374967347457695979138031971e-41
1.18753025111495861593791659102618824210606260417030422815416431542682653089886206040487897316170186918591927976407109574831082622884407195968746551026010761380745423790008374621446547236459209287881091068089476714177590545573991791111480397180563324098891319974270698188960921964148864952461937914505967528223e-41
-1.42180306831367621486943063881397177210773884297394794093709421258212044529540375134016152896402288760199077123957945849123406616973570892793733996558558701861222264337891107855399888757320457503390578858676068822378869793276412978371135665688816701044643318142028622302482696621614318660828805936706304938787e-41
1.72214631962039674053848808239983288690593080867318156291328525537536589425525827962586956092540616709088994120854893862397187896782428882699308205965203638641797456341242511980655190387735187762031813185511390297380091713944915717846196835450643962206874607932533287034181426035192556646767940806061024276789e-41
-2.08422692546445548307704369951466484954065220082810004228835407829555799608528233742775297268036321383333484077965820196389112047382142618786760923900335489516981714768852630012756397717933621779282470307179277046324080417241170922291731014038367351467395055016411718185019972208096896974143350785838099604128e-41
2.48166583543612476814870148326158314870485384659550652725021558259644448476957460544940422179410511586769049044576661976520588396648971193144903061910664403605326357523071485650986365284591661317148804685749049300579621732719191545179006794013363623778659335156418208939471770313358345546056952441318388291534e-41
-2.8490239581053630909798755869393791784683505241117927564357361395553937067200539360368171207535202753630048708922785459466305383756089517670506534534478465434814956451108195385552944446694814030719255181166515156868987972600172005763071681315496046609940988139371576396814576149731334391003553885655542643972e-41
3.06756932740004151031982059821395858377457541620554522175579537702721440410894729506531298298609630971701420137673235495664397387692630314287199794490868932235611962392686701450268507352194674418724976098575941974066428124416693542426042411286880301663469649058245868709716543230018786607416889451755061158674e-41
-2.97547944440942569732505434161609637143779868917984071269327047198336130458899027800241082982621026960133566378117647574669017215753486118097132150601832771941381170757268207038846049058199659104981302027193288257201123782369059639813715079844998345150726361653212602386020324692486069438588614452701460614771e-41
2.43901138224586831599335329681395885586370598690373569501845999080788265214717778745789623408760319404393212125829865174887729541678249122723049959136115813798094956155732016857995705875286163467080979295282799423951451712439011929486740403452056636024087122578201209498504588031039953089124934033085160878038e-41
-1.50271072881547440079166549852416978535185385328185805419903996803361504969581881503247247263521882163841008210510568184516966762606900943279429307883997180232955156856540560667979113295626836483041232771827175975511412585636109243095442255876535457358199882131004332260465551439619556257549159002100091757232e-41
5.22234321469316135311033289958448960379762221427138720052188057272559130787508269234667429165283871866810479367429264040124018978197118405468799257595827875789803156284908851564756566005168573060722266682224329599283527127784914535583286300421975341613856158654590538375853295389690636988064282594456180560992e-42
