19 1
6.52987121695464216381586657922618847731093233990758058975776030678299992256184770568184370858350872620080870330235662592976485558393035953111164747833444827032999606292712208785681319036500806685024042680358661185947220257437586563137405803681429656473229776255621423409394050273552175305573520976605544008097e-38
-9.8876729664209172767403611723220821637309692104254359046221217504362549940562475765293918685412266994014116275542232947744717022236222251430201345711922932015203242464069864703466895242872185216831542215464348589983252934744369660302071249639046276315693679548677735330425141483439431420168560065470839466036e-38
6.04522412667509298083157855957622540003195994705440512211072383113836325326475091888450494057064786459191777583680504715208480543245276409489203723844427746883698412688482993970034436405282783508440088394258476455772395228948443165810727590217572031327506478274550196307808972635956896410669249993926437683575e-38
-5.16440335592552509784417116816925285960837265430838343725330815278605158147395051650809802462239940939446087152131755631615588721965538494117636741522173269626470605252295022036284972705550399797444438554361248530915719215361062472219251989067053746002902554603312649495667757492967667584569732047431265189758e-38
4.95699281098441011634765803993704574891665776522247267055264304586398409053180023840699955256447674293053207876466387928829939632841763643041591996694276251246688756283228888898623564507203548514287355403173268251342565105757369898013387210374695273332575331322752895641578763891315897726578147709149729915415e-38
-5.11541296585393680074556152375086828724166691034807680512061307441257705938961109542798379562976954267156037573520498020850776059801355335100028837648427624142159406971328261022223411461086951278879358306992879128816610632201823889065478054709536075928184479999942936487994534652830581330213388895469685775982e-38
5.56849670753985783879124258061953565786985961644197299451344093834541732379125990533261416731912216033764779251190795373792938539768541448385176461807123440916332452135474039846926934585632053688051390463592511207444656336523539854584755366880617296270331227359112432335379245650923932382205351800937387616556e-38
-6.31814738659875365226705543963647504376920497745982206219895302757820661063605553592410002495277123058873370080880392873393499663501773647488815833071913434932057473998537262138994428629874260908362209467321081818549912112311290996619920034884374423915206101079484256557886723326019572247202258458914610446123e-38
7.39927843784114817810699212399465627261203237005481301377644430859425404868572413320940382201310653613301942477511974507077381750023403662195144912927739978000742592032278224384334155440782666679993823529094437678971539622124244823279876182315273731528435639486087108333894333010394253859159161756840451451901e-38
-8.85898939485506950538055424699502576683912194646094708013051465083604901711069519607508151671470918178954637202160213256019491313699417208122822238359806003436136301136889424277724358877588141084088223919073305807780829120740890363279855032677686412609876907422890952032501205596610787922413801738795145333177e-38
1.07303733787087457160467556816135406857860980821975590356528877035881014075814859019373086373368898681801003436028961597751407486601620233074663768480970875529296879541157606257348529149395673829083748061636703800527270983491609831287618535568745729609483198731927108786291226923645008850532670544185186719587e-37
-1.29864319918252304597661473943526619774776990260936703104724200608465444071466540823147852228426860422556773167648582873472587199242376967598712821740279186607162876883045986403855295516928344814663858410042692176066693078927883765088638834753694138562022276203236652316948829322104536486423855569267315693433e-37
1.54628024713252273751961265796858487921096021516942951096648368520181141025778654626751949341415489822413741614110620921972192191184865264100830639129900942301326401511041021292886196606720439828357086592624564940710893893165438053291349189712446735932764535602570753579075812814505269923481060585946915396164e-37
-1.77517460250945488765821696568790998180389409924567342963664535166142129045291296979706856084514872897443185213013649028507021516892645556498327200538587533424681227626444488979714014356724976627634502265491535652546311385138647326840959501729215075620308711163634353977617198686869782926773315304093402668913e-37
1.91134654112929762914455129963952564901964940985474594580301383914843515792402097882546252524506542695940609226561457278786841601106151687168011342853773265666058370217904390228964766633989568774043847370674425460071923584343283947916978201503609632177255777819956003246814825362549612256112722297766126389678e-37
-1.85396735262214867380456526941840611038898212313089652761129094976052242980344782504035448016083973844797838739154828087846641672581707021947478622796270514774317679977818526754386789103368832515242509183210515572247679989656616209587895154847936446429869627396682532306275220237421973173672122646288414635527e-37
1.51970411669935047276422084925113389974115575678774736684598346577617446629294190215610095479057594360064776879558145032590281271035934255981236553061020402986291381434183452665569288234891858419249560848256444801413157022539915066643059108082327663472916191313621252942289945659093120821881147428022387352384e-37
-9.36312218108028711044878649650377187517892169011526040211592591380144155254474481522963390146633769351254601728565479661031078565200317492969866123368092002382071193372380993864904963459632934699084360670564097028489482642857711060298287525773978186613963225897256117454685650033203993798495302325942344670851e-38
3.25394951163229440226733496766375765929281268449736463354708535831946348884060103150503423260536993505697026298188469664872993443129765975193176473926568006459838785604618549109052492550179999691654145397397565944351087736593707136467168091705391126925123785691429734351977467047104834617829910584911096119952e-38
