19 1
1.04799550851480907613993210343400599244268909296323396077662693433074724880737252242744886028864458105309110449644029076754242665312682296253577052762935160330714425227808996767764640233216138394801339514606818898360725980803614267967977321453963839822015165946393489023197001412182664934040764259972260332198e-41
-1.58689757880839300859209048994217527228407631184247074822644059382060563122772381891016884671009959221375182032223959449320326200294309937507194118774145286529171739428663889003944087227214568582565865910783731966356296603708847169492662606134353681956601475675957726232576843602576933377869977585615923682895e-41
9.7021325477904956594567495741108952350038997675296084455699641786944332658042434403201266303750315305094573658817365485371976975834777417879966359005803686678134542424396094668305881131335833497824925752377584611285312905201876301317328101829971269326122146088746464537651994652137858516403803205284667391215e-42
-8.28848084774828228603337840022443039126388266735394761657173480507778449176633945381276120900913500085413745281804762697972856465514862721481792670489611907264454022304153481903324847294156758745962006139816286184890088460262763869588839693848717491921474183233906064840113318971138832865998967662815540198332e-42
7.95560210420782703933933362221096933340865021216256690220139569917854869727853736904859188578668978390812066532716260618884176206110823242875435930771699224947057189983929753878555190272738343966144353190485640907849140624329816878422813001852336048088645785862944453375541034354887359655455815649882163856887e-42
-8.20985412184703508580623010811601620173050537467445983661619016557410222266358283142140896091809692331389158737404769833191201872073109754570809256651492990959152877780883517534760156152878121818141533270336709426707340406088659279027642064049206438593012268907036079858440051090944345272900439761779139716546e-42
8.93701892085104897563045376631549912221812135458949182754272574619563410366033449754047625136747663019559358836105532206996774777898165650222242976067918593286133429274313331484133900778748146457537508225778678450505304849673027483493398689643713394048239022313531844643386333895007751013724396981145941151289e-42
-1.01401511079205724009573572634590855512523066574249414799590122967694922508896200319202173449273753327103562495629463051074967150777665316981746015471831087905999204548401028953595105873084400403835575148075464013026857141124628383755399738051723207922158980758049221002015247168380379774334677028114749907182e-41
1.1875283947038498846741607885214412901834598911726401521235827519724561288902283311485950835774028983169834288071392057418238207463438638787386257334371205313880984857309523796663118774374259579308991371699564791376618000857383196915493013853604672226716231204165253500110191460169323894346842601293770301898e-41
-1.42180084072902668006036672845145682223290241132161848962675032228062788587550497131359828019693901111877378609645607770503173281279213045484006059187026880331262544939585296345968444953166588728260870639352454691737469702139090605422641551505581020258563537131585568961474122973463391156698680747171632114695e-41
1.72214361476176749716666355088325743330337042187848416118743978796825742730354993205673788977842667814819186750435613245392295798127881410033456472641818075362294641827965385738631851079873082272635474635798882118299043127221110813798619751583771190769675419868020784892180746439958471057114693045735401363771e-41
-2.08422364290285214251987117967860618533172999673081742550625594518110016354221924131954425700142021521750207397568477397558260500665356526490586248451040596872559523039303204306686347972388054524385814997496800107218002280492089181739923104293127123460882198978134469358877724311220352663903976538288833178493e-41
2.48166191515502274659650646066903736404501051909475803523630754873900718231686636801940569913046934590424945570412156569675364526744515099872399355191652514672723135886214239079443159194968484302274089671901184117359671945121938293562129589810613334162370412604162222078397808756667543729150523962473212362504e-41
-2.84901944279430181316896346546538840362408126095226237729905411088107172285932415747698885239055933310554922831853673439645898568835186069027498873186227046205011509089439184086821170615164479543933879455583746453317997850343745959623318846126784244124831707586284207710434856918244768482946012883644010369597e-41
3.06756444858711976900778320146721707078897339682453007320497222343720224406979760664813847142469562080864604821206849083359552400273747258928375635136351049749221443176966071095609794402939007638926768385038499356258464673296279883026673270017113933992481072324389067718993201813051075172009509321388361946556e-41
-2.97547469418312163376076986365600977423091618545431199929117941768215068137159830147380373276130147182488632054075308832298823103764613223613096010395957416421185849685491378716997048010653530318864877858190206556061416618923352329562672255302163393403513261231640039513254496452904775884906398504316380253972e-41
2.43900747278519143693914667830063887261794014051972014618231884360285858376211530516165238786275294125280855415590889061358546650480684864681937830856368609967767019492727333849004090064199747474608270970779335825077152189383314367791498772490168993097115098631321213266264812439477650847439397171603246433287e-41
-1.5027083098433036582260421317386757566251800098517987022206626169012784630050620134088339168362853345709913295241415221718906276648762857349722949086128208930294525395409419491559766761376531543695164563599555306854438311096359824853731776211392009964831290021717607365305518228325430108947969244331200281751e-41
5.2223347700995438255945150634406095567026745086275478340496785147118993856625286753201962393196465661612102821119440100028843806251100827772619866999428550034019045252014896073811508540175389125725186014567233766046604154416042613889179206210620406104483983087333352037055266720676547255537128257348829085469e-42
