19 1
1.04800054028467627231316339160990766055968301742014642939084706478405354950905709765810946615079055885705776525166386112888007558923994922335167741582610931328940648663197651716366383331620268238606368266167840195537251601857114955491107181222911958097525495509918309037676848575450511139316333367776778226174e-41
-1.58690519854165589474335294861807144358658398402588888809869496242117185470453206748398058395514894401102960390717984972476898808154906978761764534445233625306252240820431138836207733589262790739378738106330267923097730267362437560314059427688483107240715863691512499031803634961424684048037979582610807355932e-41
9.70217914990868254558044053875832221416249428824339035342399185188161593355477889716474016897385727223055558831029368255716865188087662562869895022342958246565434829534313328867547598398827681533087240519059296403059521392937658470814266523091341456084318696613031296374300500323246680536268734574572513831088e-42
-8.28852068404087682808219804248942405745961670382628797493793527408714694420027460553628632681391440222763829772910838238377108676953524073030344358998148463992728989006738549023696232625078608580982837253454695332973813785289634577636514152419749746973606030099372252743373682730031530291704960396389604133453e-42
7.95564037436754250940272434950317147052089934369428793678639531468478894027023931205619358085921921960165712207995174598197222857937218750326012181357064807269885387199116608306234769258445313668264310193628239327406702614204870203262597620673542738201942380298064848562756994609148887408349917410379341617555e-42
-8.20989366063196730144688264738689314111463303151913476048919850613355824446416207121416992313683631925527805474830410630607907300967982890990815914016370406841556551821842816705089684491046214176098441413076116128118907673050971818387684814052373568273051841625493233117003924055390468639809048884369922939626e-42
8.93706202293022282142494696682389754936282404559962790076014117883728903958053636086169037506040630438466634813516299483384584687126526272591901216881607529451962237444928191777219304274657809039464075749280146403645117160655411462349069814817450078142710913218174445894380876737820983463143542814282835237562e-42
-1.0140200095292594787986379678784031097359344737403441374853804050035542467504778583994325649403722502003993015032245618790022278349188321912567900775432439343707084797208241348070508348039077297388805852796053398717276140459698397991680526809802161114217791672112530516069890990709832139910024731463295928093e-41
1.18753414292947801201342653654438574879494329123403860117985719725709615810467052820556435152197330545790704320074301816787468160691790946931434458015396977971754799151958178069182549431262770721686807996766518916791599402176230136533136843687707372964096149999551711271524874314599074937473801843346069617628e-41
-1.42180773826374095971413254402915709170748924890205348793537870658237172910384541933848104560362012298037440899202087863620273102423627238122488460772631796110829560934911960533997339970435529236326921329925585450230390016598567877707439385043013281797149968709243859813436497745163563416295725076250555102439e-41
1.72215199013720113708562538261925008964799071380834575901601873897295243334577570252688168243018801244461218411193981540351178499534439052492044243562654336709742689850870996993890935230964672857803014142996666269494018230823016764850787477418640265826515476086700210683609177910427870348416861134061290958347e-41
-2.08423380708958131527041096204321097003810516133894677360764976009235019546886311189326360992561317441433424334850324004191670713266942367835948466241028046558293808526256601509927058588402679536763810533655025258937503665245697175948809274112478320692069756231674313643217931665975261831910582718724189297435e-41
2.48167405398978794058425725140849631303307878710280569933572130546371149600941721651803019881193311223371091277839778446101392630102820882530342866272689165313140279694240864843557390004341366360492423845511539873240390268236442387225905373348830654493555640087678806933832396588357910507991424151884629992829e-41
-2.84903342409285263016722647974512080114367826594083869105031087609719020527810916327770200143150592643660725150674420303144491592815699564262377142426058228809985486472609460592134415954553769707999260828119133354801125451320293835892068320093754058860329094584009027980140458843054688208096532599212136518672e-41
3.06757955544168981321626003108868605696076287642374948377127927767279015237846041793886620223788311653756241778675302513997336740755104672901329418590755342899074124815619255562094607804020843246448722842775360334362523740046527025569180341486107129620319108178061405932400629456991828614467584881449660226066e-41
-2.97548940288123216729223397332138752240399377917210884543366640303943579812688032953450544806824150196475931038239447693447634069875229288296946740775918173586838293306657922570096374247461584143332089609948198528137916224972335806988808462941022909603119841590822121199428635199742689507344784735066331190578e-41
2.43901957812089570908291705648862468016197586836919540643320347290989726004961620405780509129799024467737885466972771163162295105604578422116312084377199556971759827040883933438974827020273807564386677449128124299338833763134836066875665302502824365129017169255887342379698463018985161819998655780661663509509e-41
-1.50271580000025805448353172991110639820209243696473959461589275481935644966276463979515981676246493545626098325140281844099757532118083168530128327475319172258340276172364970482799790723980664776001931127336120658499977667476337174715870317402146750199392220217316405088290283735502867295825572971372646714493e-41
5.22236091812275995410176580359862103529674718171483411380898000849881248906462661220801370146349799453603538466220007286971060486832329605156704280700686784184062892861782621703359051568025202532204549556027353254355922325146990102778278874407510958461284636250490974842299890382746818631839622735573051631421e-42
