19 1
6.52987682263574076757586396232033946875351383786945539479002511482565663019868913220613204543442216277100803894478448792619134172204918708744325746005575750440284663528451549301371222431755702243618768568586075497862372950650844216514093216867777759484284390452552296446286989018908055889691712259872381315204e-38
-9.88768145637068280808071799887930750640399656354515889970810684409606249248138393538360409230014007479083904382096864919587920981676937615293332288658905832086121260274618984400597006759947772046576864507992167679585748795396955287768626330281943592996556690603260268958241831725389892625843589454294299424886e-38
6.04522932255910856311109444928627168896190882877785253982854363804714593719118763569949139797943554527862157739559639533315561751106454294450134694279090864670792452930431134935791595789078983134059686948668570160330917053003483598707561332048721492197971128245000977135825953073667470684551872720973373950343e-38
-5.16440780275955194361545409976506953960114378081435138526194554471324804608435854849071438603088620495451429946635463366490810254282782283417955739380088275075743392852445012484790155908488519175889155524030768224250114351967886434894789722718105590722685357009046776469095294799915334306768436694310294348722e-38
4.9569970903423167891774551641300293653552630050681676313512502452265272124271158987714814463002572039123305592423257973890256831692068753104744285478154026391962601351702957346930389135171647217787176891762645048759525783900461294815827430720535616056074335484540397874370726957605860264617525497437421475223e-38
-5.11541739697601180020683091748107620747131804660207526414857914676935354117730658004163755834076241218743981095946498190768709925801086008585628088996900663669702649186832960130595635705408083908795295170976354681277080077045760972054209848924494223382711543473388800765248493076536634843111957816338974741384e-38
5.5685015513077619952228027574388772466761271428628751132076173382680355052870171065525485173832003943672471136391417667564025511808707725334994906697443830720738726638026972432110886208432026310528471452508015450615712278682267769152169609012744233902409375586068900937278473560238614960993514383187532362175e-38
-6.3181529096980208342895560622358160970203408905376856966479082502028810297442311955115051371426695796186510741516772402575847416894370685949711387609595619365880160344803964873089779270447000660022876189597787517413881082640762000649475991624593166756465871693631423750955477791564786855889485790339682909751e-38
7.39928494304052266498689843378837729547204441123587987356590844626535405638004597396805508366528807944928043286918443387331490620320087908840877711830906953614106709505935527644676666581656039441430258732962509671457944228479326268526238557523851194544327188674027783168454574322762158033254694577344658939484e-38
-8.85899723381221586758127645208420914932901550156983712835121713020776200698262796737503523847449245253834526337689281451679639173772914005868691006599777748403589299369865452647270653741625687040124610345433839450629897058156114187308272336596114872883305105709934665153711087800285011510629292093694034078778e-38
1.07303829420618952786854066452692803980806688350163328323361106039429171246330285829850936834912947457764880661073202674343186490947785494143132922023856303863100931028080302688078968785424636872641580774995539786459816700141027813489337663635016964692014476789534908249201095955815770383713631456160967709268e-37
-1.29864436577156481447076865148960628836793897178753512915309477627912238786176377309501952273083672115060288123093794083606975690604497819325513020813175904956525356686680478169707050088977599975389288804232325344581351846663915125378093098712677807803974799955817713368420892162434612500068382209770521429553e-37
1.54628164818007047995565417428346993602354112522179414116257143680437753366060610698014805907264190255552448483142162585871042709495144764636179835274060884385964836115783921503826306452772100701493614675426527752444171675500965309166795424261492149024330218740359570077137764830386666651307072548001729398649e-37
-1.77517622595707001400624283591781004967428832643370506010578245774467438453031487921001880633467648006018860624566349739475942140574288343215163295659155723018147963508395567920323439237517431882910718946229676324463818043565657363724531599088661786998103382549627268940593364714794271487355209578600524776329e-37
1.91134830658419540599537310266423867741754922337721025348313113499431860799347779536775484110266921216514708793766027776344488197637701941127642225744733724554725004125376155458904959177842786907498512692056374268370458999033283965288705092197467475079166300580614971620633113518106899408422205142837240416284e-37
-1.85396908330641814484929852593976990474740945771926314176422506205539046064551803201101143202343689942954311222954467323954715770933674486146695397873325283291988625188093755484013523757385683329782173303009105510873886562929298355247272839781945396551615882183385115841895462362670537927426336710975016348107e-37
1.51970555133872787683990720998719051693808474862083879930673133544992369402103111734985527476667912197203442605641286058341680942728241027570874905046295915906860286599496030506439303945037964732665059538678962870373235158819013637603074849594028271021402258057059096149277255408613886553500360425172061511027e-37
-9.36313112508888555056201994110424475046577830236819359904494044999709839800351495073548181605585047121999582384573357151905523780299489157882939824427351156853057573416703889822687129720260936479298360895744206211643300765801771675706902571012598363604950170030735262979827241537050536617868225468678443643428e-38
3.25395265865781354905273632832820744220033536098084767445754421310944930566585801003949952102562042839613054976920244432244136340834192288318793997228553116372193301830384709477277392519930575936630136388814125923208577690454895353664309950363909702831781092858147351833261942602839145763265585979812774561087e-38
