19 1
908644179010138170185.739315779815115053134091352358539862781234737677939741536778874098688459628652443918459577880522811917474257599801075877330536303464524691426738782006259164388543575273854000415883087081073848725454975639587525012930042239030031834774290889569986999345787176329374053621943528116258042953
-1360898914352400036333.3654082262190956814361492486529821609844680618194991937691455763120207590949978501927067166986935016100500781548921332148898625374634251460899631269911257475665161495462055857696821489562235533838746974113744326537741555101388385294392924104947725199046908113801894990112606848185082668
937921287782541443242.262444460283484403912803526730821195777421956177934927146354642112164992448023264278808474049644463508975231574300641005938612309679431400111797004210147849539466636773228418910066346561944855699944775312859722840016167114908409058606147746778043650784148604857140057439117809298313653129
-663266513083469792013.551760841429770247961258686903311804179072889339999210694200987612610471465195252286802631993570554127295129249073989678381832721935488604525536742659250860626371659390368083881032359001646014328459704982249374980056218194468608660572401132568843196453016924280904684308374811412028240402
815137682546533011293.629134615528796347660185433815499696682267516174007284725045398491157863444280570457064419844190814156250392992334118566972869197371383928108146119927701199628981872112894287213981693160765583336379254134649432502207417475394288332931657368223138238295626852780816352105648303338260649906
-666059491144078045348.58622458518928578773342841536524197907350826086266378248866525508416688334676411205316163445643309903554724468717294335081091864523719657991781906640372673190832332537861072992907280871810669256905104993654542593803072811279174428137504472175200327286597855471166837984522873836192081155
898744336924938719754.466051726675460340824688924170904042960383613016715567000825161951322526772896834066585081674587275524237828930812304377731448945563587945492919102633413640783936859601081469552300937797660625449150950787948607614187311492416907024140753030209328897956156722893733435217272704536892518899
-863443813169235621927.819835827191346882061187801436452795261149339179763932095463685051952937061821669505310415419594905808392686042798577808736503716493166037432059347949957978772842311963041570215192562009413053572566458699553635190439994583128370274885692425300267805484135576321112626708098465488018513681
1164328595319415268817.29467553478780166903981385182285102616889020920476722190307308943167759212686785460999872187536090274810403303462199760785324521028553803251595469067205667628215829506836700223174186524491630556974668363054487812162850552917570633506802756273755292681074266971827956789638691242659202421
-1270523644926853568678.63921956607771587620662303507438555971447033779888741984347762259320505051245351194069230525284674421971821146085528896857488447365134868181249231940234344459577454418935842789351309516450005730768650971095244416304147550035573302524231316707242858555748249351339306685228101565883000741
1663737124057661930893.6017948746179721825579148652319112512470013379649211955130899783551442049163331389099549868903134702724134629601188886058876186890411766075749520981404563507397411956579067781605736555439047899971540373485243280897347645620665482515469930037605311208228327634043458085239452446519720469
-1979320065857474670919.19031086318191968311171589707112160981406808849745966072037395765059783073281550531915213637739622201667758741726421430467049747091882018094747527072816781558256549382207444014340627366968334846663220267141108539228666649456273393730483362380203235919148481955515776476195412145014916526
2418810130296210891429.843635598576600708805476916628002250462108196483075239900229611954578957170348891555056789230360390178350226165715914322732180105856866379609615261128898474164868182922180292637566341864065202044148011762185630133031149769172665746131098840921539367817271809248123368696465298909974339
-2835401826604745120301.51875052621752470843910164600437853963183664969923474512753319124742161117602208936832029669858189744863179940634762609734821333895775096778998701800585197360123260223432833182560536747833029574077413525855199336722280387819491501054553155195878255679142972902610650683750760469876824025
3122421476675553166277.83715276904325893497037033399707003767891293423225814749074532898201905120114977737592940498411799116054262287593531334341256417685870950380662382013671736910661654794723087982129699442189342821397860621272482696900351041511687387124245376338946532240659122941581572108476796547711639216
-3116201874894526375680.02554101199279258574221216366344102160747526224956429908012293974036947768328291759746032330042711177613873811052749010166844543498037180778449612861504771549815047411143763443230409686355646725410683997574659827447772140797087326029969108321798940317802375965771019394201320614740826412
2641920722541699426681.62573012538003659640231245512947094290134750882446308222793054113604423188566485679344507875043310224578019303894582632073150897866834854028182241249020954057349240211894483861107291471091010568260560392794734227152461679815153808762440745386465902944446385344937785510242337958531421884
-1706632336776802242097.86737832656325036871519821306186257337045975325788129709503522279436080937642189624441578891344230241266741724028249605273327889768319203067304594281858898549192491032476206218500210839024503131158774243304732164787528996294657822427489599870482172046471485991901079417540252440868895514
635946263147976253478.493045492411121874776095749782499776698527501819869305551768634257058926567623973425753053721413367867954532357614991689717116343506399534217642299955972609427304814434083837304118256561630266100168777204096491182768005203529864180128082714896695979373274881790278040277836088465982879964
