19 1
1.04799668533729578106575524254428321963300721774024760448150406368250978061337152787595327276377482504458192459486558541328898445409669657874086377376917643363124422414074642441965356063539381516121115371192931837489875481313109989038231103878974818675200362573071478733072781521431291027380908754719202770086e-41
-1.58689936089971700610712560764285744514714552726446443682651907884912615531628430344060365257256182747429151445871200563157348592906388885620378700542473052638583429397673823724879998893548197148353842873623754658910625838671945087339151902407471680603771079108223986203718258533734637704516444257649385925288e-41
9.7021434470210365995254664096528856137393109500536645654538107332354717821904967027388479138351103914361675169987076382946120824029801294610994209724958348861934436101613532071405126485715671673515797765060942768046760019137643313792321961013495379918996554787318668989987170062500690140279540798947203054054e-42
-8.28849016459790836357024679875631666980274353158821418460142125099817208495568059303191826348672843497839358598998856035515965280127582892762179046556175222759350145768273347947391717065335038916963988691832822965201908723827026667733322588388583533013826349556239509430227024201887894318845974303932594163798e-42
7.95561105477246994489002976490592795977512635997463881194046441541624031993257168457446370998695026356685192744962478682048787021823875932135628641093396307777356317951464718919354029837945146487186495390203354711652523210685514542407361382805930977315544461415196942866916567368723691803731927459274642391029e-42
-8.20986336911536395451718074919190017142919562682079750735021746819202701431550555650357329826501829514078003062898625599886537174638189602163399917918037547851585619963209136837078565563713040010081031855947457782931562963170448345697382239115587125349019681099938655232137689179522858143020881326878803471772e-42
8.93702900149647384778465714769413809621280850708525695414466641352398553424117889823267198606370809164163072485238018215712137144096715251812279325760081527748914605395225437962341040693902491522771751658772274221533499116336611407702493748955221651696449662914678755544784337358591930769297661457007008941548e-42
-1.01401625650081969126347854285116284759982682396339777127314245996366268009431668232918645537745085321532098686365186810328060303685686640498463311119056130163170997848836592828236951875774509682300025628561898009481869151441309925033393661756228851301974056364014071137130272576494996116342315480421362725125e-41
1.18752973908950266964082420534975082209621797628363679688936762952338082008947668494415389750857837781691531850498879664870720191798620522182508438648941545750173040458373299803018164625820849236682508658568466756207301105825303238524169397848062189274780996397694940614432435216535599119977775270849490404904e-41
-1.42180245391309002076525443893259972435041940053190321143604866620570165803976415953252908665827424941108922466890943670840555330996299409248205459851429928634080506591544838582288549448439932318784454718791934945257430365752161481579141881416530523168507695975404131767157211474978562294408220158776888865382e-41
1.72214557358061206002587529674947233580661135558683109316093368004509158394151217515932163685557638335000047149028141762928835485168424662924839936988352147369719308635583424863441785099301825950243689649249867552959152065357006245767241838926151606953647346028472716711160560715728383265560409505433433276544e-41
-2.0842260200856684508932694757090666889993658955220678982067387382662699254558236222441586836244862778452927294043307868760762250751056222431915993793155183203779148042140760253078423496146479067654041988774500362423894843546102949645212589507006057233816185113040651352891850316994792068350465785976874638345e-41
2.48166475416488185978790333397269423284129847771422725338296336102108031310155601368974076760514159017180913798544869994798385837388881415939446205747210699621731162469961442679084212504909024303863549109450218522515514772173497625743498072950635242073607904113654981568403247274985588742972564513665345007839e-41
-2.84902271271605324791058607219494271435905278867675071763823971752908717706218612859253582820803941968237885338505503091809145675171132988131371154736657967585488922464852632191097746646359739668814828623411992963259769787052894303109321009622510780541298785896071568725920345467142331845982371765588442707231e-41
3.06756798175151223218650834583830024601501612930705606083067514174533571498269031273791965827936455030712536799679479155339801558683682942291698051686872618927080271568339717038313036053748563883023475216865924805401814541655216141198045355340747320900286966564352489793096140337306050348034073951609668130871e-41
-2.97547813422692785985801307010513370225156178245258645779862858511866350461587391206047416617508981689381595903165539620838351576486969667748237282452652780141884837609590584463504119996622290297269921825949274560673051452547856220769093963163738855373590531483997923383963439675573952534852080146308025574737e-41
2.43901030395888804218990387511750772852294218702139736872486522675754899502665134505511363811976730074608534713868658487598934481602405001827001366986710244262760433735790282231920688173120268535277761616356587745325594320960894839092308704213700595489415075226914955967546299588861822775115811123938886740716e-41
-1.50271006162720143186369200189838399397095966410572037257600674728197057016445416660822170350942355595321257340145518950649991616776634422354825362810160902964301025873880443839772276078342398391910350050701059656113712203292491273403450557257668323047459799570324500796360480538395458247808198624090493196317e-41
5.22234088554933199467896436864945510306322665555455809721805525135313809910793507219681957364534149706073099480380034964408920336850652640694565169597339349706711527041019741048872347242575783636528380033973862062011122561970122232355471133515281484011960479507361717288208892414290678579307614019038055016811e-42
