19 1
908644163120446541507.078065322815763849961949428264938835591539999492057228308633069668754344888333850650763070134022693492935661110612892555228848793807457140353643449143428493890278580444875690990704763917560991972002939644247646275997036677814319968294495946002732961226452120111518978868446404357399094536
-1360898890330030140543.23195353528138515319499902077398940528506864240795807162117507436156208892219971205153972721708712562437356281052713264698962120551056421675350861364403545071336891625053758641515931527681823454011400278489486789722932928484165917398414303936628358729432477947444381612769002552096594458
937921273115038859046.598113737167334923648827942083416971726173453133208548016478071352850094335559900325214214248345889105079374731314665385742341238709030291970984559032435740824239517325044939776382782490284789672994959642427430643055929970369267250900604563074409571693334048374963758063395322990740420496
-663266500890328307022.158169795339176892949408126891087154923288220401218311273919551380532740432908385838831630979293448785940529427161128370292244124687654007180382736875630523102376771484190958831575316371570258661539169256712841875485484013904861835759044669151060553167368463906743116638907161092536590054
815137670442952359646.460024832709078318821059004778041255686489405430486444180894454938329650948215555471933903823933961383936524006333684464121251747134038530783193403827612901540464333612390855787941885514037392825133704763048972055999572272114406169404439264074863212057496249026527137993354063557080176607
-666059479095582774826.245955373434728834499623147729126592697375233341315801899942619532660499231708974568933382191634475590610289780734455223156028752429658902023447240833066707558838073960671973947244358643662092865764508972285956871325245988438446744875467171604989574933234592026592198338239822718786125803
898744322580863311163.481036163649595326265797173839344939432284101769371103697454770200481501396211880962343494258973088336046553159107111967002708785280849307196776971415429321368043243993825906548509901975962793940316758224716772855733099303869232469611283410720486613048310951727236582035006040577914313648
-863443797630556216943.216357630476530362160519870214365469370779804974037174169988130030154819270889851585060692685697103055810706466328193804761736937563394707175108495140734122105177518734879494956148501961669583150435593335709960087895788414018899686808401543018562792870840986302327232178317031392881813128
1164328575298756668590.46070868203898969803202652524391811824324879335447556493244387444757902194037979702936304739763130003962351247656412739492045411504854896437804605125611650692427430789114392060016809871976029585381617344126556680090786178987576667137666556872235639603552153247122693568612215318197023725
-1270523615810317286931.8165190054248392621123955642651775915206834341069130822744725897566774337482793235918814947996062959702106726464806352361235950016239074890285975218668126271245025821546548549043238406486376969941443365802444619341958728851801452561735302367066362697617805494264931203415778236797197079
1663737105738560030103.65975849333977343786623084201928531145767796137505556129453006294242677419078746644897001276159363319342838546706121755464896020960049211795849102446263124219398269223653821636075500779077132811148341357150660907418778006768861093896854680843240785544211947101759465700656458139888092079
-1979320002893525754504.93204016262052798161145958711899178986104992089285424836791194685987359535383971808023519453407721719331888258145525155899368035119077496172204748595654033728163193313798391906325605791366949509541523532958792566045049712174697472046341089918431544390969694775693090461904285459475356382
2418810074456851572061.08934051288785439653049431821259704761285696621554825183888752197087844355674279241266905868208030471185531787676816884296756996374149874294078597608621289457001398201574372237891903012500789823305034408024620596683046992000630554425838886978565210887920990201522850584659983741325744114
-2835401752369815267341.49475804647073949967622427723230712346374686172306632723041493543351301122669603230915200034156656192449686309077389791004977639492345106355599901188858854381847560826484518879248676408037242868626698243673243600325372784637904156014977365804574399869330780709319770590823421536587283611
3122421394915022132685.19170197376577297886816397380644401918742296153191724556617512258340568611638546126508458250657628078160532531159784479753295040901288971611403090181952985663597396356375614780975648880696985105809819572826554509061882590894786756739881500146650092405359708419338692714228649657295536356
-3116201793302192937912.38891644139555763254014983876725673988173092900041090020927203667666711626713445546475314550688373262675756207860383449295488232393138825907835749129351057173136346910820533667907854589211004309693098714469006636438772666822954871159273962670061854370302909393719013697222939885443819195
2641920651455191741365.47523508265726534289138994165661699536236401383174155182526192554529194774280807060918826494828325528506161021491256551906481235840519722505558438817388953076990494836528968427863554018059643897420964447364441020543279552989360480657053741961797964895652682322497621614238153171964115369
-1706632290152722588111.1077609463212947781005577622771204560518467645895710041859325200174366220799677861471153813236563760411308162233164642137911180592865666660366093220500026387789096464571099756076014814677239773738356233840296744419290824925272037301398936405239346485649841157151068263717418773757075224
635946247006904392375.063190037022485545395228269664563372717019244010362767277917246227065931802979664515567795151198715901612736508476552553090356557965995630539489881419608245701124976317987884120068111802854806090870029581893838259793036399695819509065454974612730706626479319473455554949101833050849503589
