19 1
1.04798746479243438015390220396257886466295747047732799885793188924956201491490401760050947672471186906513815101284449965440724567143204589355776557604561825000806714898063034971455730744299536103293264955818536354659710129113836647831114382543009361315406473873929968324876552574149756954902062114535326377332e-41
-1.58688539800123233644639371336374345577712409839831175891218630558121396335968460920579500180945890669701607610128273254615841764920305552369431837197181148796703038562871729364836584432860176597592370689634623848463264756560742352753451507332191615898975801488237699136869399076309218696856387868144204064383e-41
9.70205805024945693458574443550360353605021602388039817912073658172052364154716387751260341777561347821807145126941522464830731409056254683854321283920823561734574949231210698026117939039823237450576946008775803981104177673380448943169810575012740095387069912342990832158213006559777441341417360423331822984013e-42
-8.28841716597291978183807357125101301224848792375178230579000847798550557348074727394588457103146377878219843739096259378940436414981598336264914261386233114789344557323743813288492289107970156867256699336425092136996965668926714815676227339266198473279458185746384947167154406809337166333413691639612694795288e-42
7.95554092603852568282204282956642248284500603675369331405692842246267299191138949567255753379492820934503888361444179595654100633453621537829795075258102920264637986616829734009737210508291285699335237864177007661896389217387912922627516394171579860975694813859449086741078702479388162833705740651102382381439e-42
-8.20979091567915550283855229389363276896565620722311559566198285816754843492715714623841060539383028864539148373850692897666468049989363709615899600762858923698692869287603372614434321284946746900129486654548494275224594157771419184589802386533917038930219945824937185073948513451912406637267736586670857494966e-42
8.93695001846099380376869236641966111824169797349974115924837279980799382372918085221835607414818935310108341469450285477719669676532258957487388974499440796889856919791220510499670046189445499718073294646528733789394783513588953783131342760225966398069727947486837564571038876715617220685078102785502071232652e-42
-1.01400727973985032175717886500854974984996252292173513939001029692561888562123719455794938202606101994685247320014861662737873050589061859319371612000670821125605508244041300439106626277566397596479245005771827031714050047025391883636667124956267947010816043249048964821291994284392641916211301140477998012426e-41
1.18751920567360662889746843803994273392634870352622667164147280206674442540419501321067150765268753533701919785543798818919594017661276134182063400607907202490161227388924402983338841372506095530233484623042035503206640917987323183551472404495701008486122773864099708751979950079954034031275465366622369144756e-41
-1.42178981443289252617407780902473333856124043969275622196416707178830706187829988567643311344292924008064045548435856963200095569728105996041724578161691427969411279793521375699689017495300198858100353971936852411025625128124024553832253982357042276288804921842921359854785472510921254087717060750504220061882e-41
1.72213022601552801518093768834249406297588851502486437307656230448785075578044120074124384940080640132570750488822594820383751410011183245624369311372805909500240811970283563822180570487545183692576663611202820331418532121873030985770720903141180461333410672508515556820435287271218219381860118506689868170531e-41
-2.08420739459581237987475527315502450144074648632844398822669006632020789382748474122944966010161573685768996378878676257116855811741233359916738018955992825946422950359298136331244076477032329991916644240747408444116222738031259698930560284636389076018778749563510350781111533295095950333164136858354444959332e-41
2.48164251021412949839268611689146009760225013196453495681985347947483451034347922240887035451135051640763690250805925891586170705277488229615518361301318551764559643292558821354106935889934272578747530844273469751971870857525474982583027095509806673755318156844076002904131210408999344620599017832893358110406e-41
-2.84899709253001675040285348022037750190151747741969192850979841012217259156467628023487572052848935956272177765915345404631930167298263006442875409280593262856053006286422883059090085944344684571571920822719117388428887644649975236853497906278561054249891484590464585458236088426432085152103808270874665129337e-41
3.0675402990385113899882558832761481248762425829145579338030788895944061396811191573013962532985692125181545763625629184533505945578810314107371703332777037037000410255513351962080243055777188048276487067977143441259314196976425340037477690290746268475864931363613819522264258635612239627283727476071706234084e-41
-2.97545118113100798853985836929704440715715226828477931840743373926089875942064887706523055474654449680952602923260333104802356703799697748240699992226842061077592649110353060383743392166146935477967220532423200168908007035784401034590169573820249244322663014640796270175713427972451082413511518819581470596972e-41
2.43898812142930529627938939136096704531858030753904881811922921757059464350122183187367383274767877869574670563388951761272651110379569787633225702742671851381640331237243267327306753478463052126820224248240899550221810048572712752900932079566842324444990238122705684569409783059521182846682576101742291481886e-41
-1.50269633622917078266237115988335939350083887712624308412868520110076923893499635675589283250264103769554990641127696609756251475590022712298397623833676497376516531872683086936538486272164814392240296149512062327534489133001761702193635765694656148572296193850488129039731491718858643460481680071866283953657e-41
5.2222929704185602546767374340610335179845264065466829379426509897942842460985989766019444922652160085381836564822839124187459433862897361327734853961791684332488212334336294788995201442988900351543981152195111301328604968064911483030461803330318297685876997198618555504992483975373562672103940047619311572663e-42
