19 1
6.52984300242434281951042021135240360041736873291082030643983333150081242360959943161709770565669230709172083505467665800478123412331115080121660741761658578319850107155387130625970529879286650883238964672819253575391969053172749616907892853213556127407126047240395524316599530952830102993153278591098992741034e-38
-9.8876302347840496864370684877787854189660668511417934481313756151160502324767960901638782295962479740321548461525004865663278493597444388326159545706428758805402720919412576062736068461098655978094574970846260966853256435608341422792794209888591894931327377983257610280995346073898292005846048532485650602962e-38
6.04519797474699445914174125458020680800872825454772639124292182008992063905540254164708586809199896815239977581041467340290866773167081054131824479045963853518491013090437810532275495578329329045269281647022669944776520584861121690849166474301742404315223622153586677498482973257568314343355322482525391567449e-38
-5.16438097412973688574734081682928514964920515084335296228433595232222082918439741242775396938715969423054576331237699654561178046665521211778261790544180689799997667388504650309742363390232976560373008533312500093503073224615491032766827422722945791390356637633481513197479153249537282998069551980856801171232e-38
4.95697127214739865546681498079210511958799965557583231056859230290798387733484090606390948437915588970168872367125864330142295894203775949893200927112479081409769447836179602300216880170404867889134534388999397678896376903395886330217606678883267047731293588719608693171508489011930804569098496891485273603698e-38
-5.11539066318313571135320792023933568132752622466214616624744668447584247083856912253190127054545729777070255781788673261820647838597949591413270608810832239570617647520472341801121738665307750883234181864519489898834126772559368510638501767191550713886117518067301347484896211554184481122383442014790024985077e-38
5.56847232797804061937903214268331282598195405594069829059139771598307589983673207723043609035753203965442840810009175002474421169225955542675230154046320761743722982084413798245843116437904228419987376696933186751342701747162487964898323290520955887232304032919213474206192441874163684424004772775871672906365e-38
-6.3181195878835237323681743991924484656973578476792145377770568854504633576383554218524435684643192621349890334252326924199923012673688460412149223912135038729015329982796703354539006750580592084857754283834528178077415289690441087377098847196748893429898639933336373959804426709396501702773436153576416814886e-38
7.39924569610610621345553746457281140146431426321469918112675780669757589449846813840175491285705484808268821122433309085201954138126487595863505968046648206861069621024031967156350024322300624593695864302991731016793531197489987349156842158598873807520205050625940362781599510119727025104087467659112075740111e-38
-8.85894994017996387885296010767984749636372213117816350535290191283904362355116479134967851851419019680518548125116123898039695141485597336309478828000239241503986936289723550950534067044307296433430242254768200185132404680832367494303507925268145114927812428491284098454705348451158011785198905663482297305012e-38
1.0730325244993740359610040548760849986001697422732583191516351900546201744017811769801115191539790272051184267900409813344869641268872999946908423513107609924537720181923352592919058131089777131729145806058416683543288907802597386422679692388523471738671993551378726152283155779137892443651379789397849929449e-37
-1.29863732758879745862252099827259905134890097597391244126095726408031279259919208644957911363692000907030004321657186738013604181960902372372546375189070354952432819172179092139873363313421124049584710496906155697911425539446006446628539421759811164603287120940549786156762025766383459595862778968585762142559e-37
1.54627319549777867771507240520914788006227105268437750211329798349116522465712251049783397827274627365610308869239902611939891623419516682127010664924727353018487382245346681723917343616616393511685082688295515317649033569872648293785821162862938552385447104207099750409059471567713886264116087013685460024157e-37
-1.7751664315329539161582090767626150224479670963850711339119431512879545684085237982190821343412910357894303974899054075769094666224816647469546838783483303233550070788966586407459831804200792952568121545055637351187854933374836405799979410694020765894982343454503784806354683831261645893965807293903280438588e-37
1.91133765544294860905966981026564106401546654871119837728360246680310333032359351263461338887557376653796378679294747572702958769999516583283300022981284606814934228996686596344920605486073080320260474272681390205169421698204963325715592419860366921081641542879300868486658328052859432786614307416082816827851e-37
-1.85395864196748243963422335720064895708052947730622658147807395844550744501947976258947623676603869787228739114798805866240373721351555805613483815972977322977343489405878197469649274647659534327924655392269928608259352329243373677193301943530233452721670318120826962511770606095563902550560002135118348014632e-37
1.51969689608370322145264120107127768620420742020829378112524679987753660594467546271587687816788693308089394108461328920962453912222703717798053576567781109926080885798374259270892828386833110389073830157629844979912803390432102311426976126618374727636363423259292159459776569569824314265062717271751193908548e-37
-9.36307716557199426600135612436268759297418834290322899841598931282966039690038887391754895948071378441811913426427629349198897660460881200852317544764445776696111135118278993526862579677737581013290674562360504538721612627870209421699312138115409209559313295714699557436486826800431300509395522001683996648386e-38
3.25393367260061540696642864633714911188970458364043251476896067678962719740952184184174157090910331323837028634982696847990929262341424313388857147526587588643446271236988683967792497984640920566332904557704339521252137285387678721886721685984670559895081042347878934955200317973483233000626106024989545753428e-38
