19 1
1.0479845933951486928094726092715516929355365245793348796887283350509655156802000816745579584026020195080946526468175523034487966993359875759414418721415932324117249496136722631791626904574425990979542129614254886337433722304365470855833032037723955326744367597911280267739125693586502230046526772736453103697e-41
-1.58688104977354043254086630547821063313373857634594998024287548954749558436580659298614730380351269843658536307183099804282432634429627459533887603372427703412201309113065893886461074068576500304293403395893096990841448871897585567783701490933546792752510779269655471964216921526980831632733587915017893720636e-41
9.70203145658818300597971039911152899929129614139401515871605133350921983197825135533774255924004031186685417576544877697994981840437148876662604166057047068626410633533920209384656856056490469940391772219475170598852943959421246168053722023437290864660647156006062332940053539710375700305729427807345085845175e-42
-8.28839443325672662803863303757765765421905657310419427720612761314781073010132866591951597835040298677641132528531453341082553778791948724085187082484099514802301743632664788340023235904413964502970329532348156238964214247858138196840722749373338100887289753056007855138393147270614529356447095927140490790147e-42
7.95551908704571071995658416916911931434870284958135630425579256014636400906836138052963642066703287197911450465108764799297795477382137198109611019335158770690993944293714041725986459146366703465264402755369416233892037184832727251717986770609716453061035148320948507923702370411985680377094538503617669996079e-42
-8.20976835274699405492567328515595243522046929498964396062314700200408655659995175540730724877761918280497812078790554474087026938965180766773681396748468642577966493132535977131619065130652568982649015350567400897909920206604354124831686070757008502146636036901034612121668846243845463348570183148413475817872e-42
8.93692542213156756869451712284919645950197546359928826793309342360941597531484620467953964847517343456481418121872463860130636074319589709488486028548798199909909981763135463579476834745010439260610828407233478934189296821265707603640614218861053227300467712594707937031501353122201821952052439515963573192064e-42
-1.01400448426197978506864963427608225584240822872736172630775520189776416660151432028111533120016935171967447676016040837867391405920857495878415601301178295138457505117753816603532719835712934435742440943891333322824602352752521379404695726724377531857528865812906606122249516205970691597394917053993660375403e-41
1.1875159254342603052087657663522237751029337432933676026489418020570848569682664640018215990272758974738895697844847158445859834671518587931376701327191234027911162515898461420868600270041155829492068884809781275703321314806822862306128661046966695233692944280168841041634695789185930492340362523391593719079e-41
-1.42178587833938981567536843104171361128023775476997021448000049969768212096505177675280233754710625056432791753900286844142804410487906484365729316614813211042331192339701228686427119460179426338602229871668514711887929044381181273065785184963485440730944183881520246700983928510855921666255455513869628196494e-41
1.72212544659158448975972464639907918518404456731663377166030092775372204814605724357209438351171488758284065778370739582013086733921793624925307762994103772644146752540109993259327688198124584605164914418068787202811526202595805758085441150241811387874923506317209545666447778337416169001979013468223418216033e-41
-2.08420159438684362514154958265403393352149420822951898334178846286993417198468775436675301684736781997039835246814065690046161082877979157389922114162587424913287249555608275456665242655537923524492575136020574557137429553467294682479830797769167147268236371511336838044435700993908030232383768560332341053087e-41
2.48163558317381895565320137693524636962048049382668173688679197752111152228486257165399793495821608379836255749899924136022283523586191859932836618533591448837356822723969838810285300847935017753902596972813559399135091858586677356398565502561319974692285324967064350581768778210414549125962349662872125328398e-41
-2.8489891140913677494032956265052275651357718846712948451721999055069175297576576160032060367996781096527914515710109467035000662743504667953161424419449450831501040293922584094316161238487362286669129775132785730771722216350727773572279342851054429049986878834612881804931198094771370334501204524151697281827e-41
3.06753167830719251080457846230097341488806984171560579499164484306412475768848127418079400015613889983271774124903811784972836870150143724963234901563655134489479169439620552476830095867247263362235487408080472505334525682385643485489906204545574825422789856580116786835211176009776080402605339998297843568907e-41
-2.97544278761480841655433504835697034101493821094108266975147054980731331114767147691035421912828390930810912336511267033362009039747686838488528946717262515835896773192573779179635389746956799351485778286080651057125766680335052554322664162864799226587380373966117934849454381455364494435961543306889095591303e-41
2.43898121352758364356213478837103699722964207803102312406891104538893694297400398519113284363072591667954793007588486604014966674956526352483604603128413642251458788755146687410002715320816768514541602790831651878567458409382282481589329731008731929444033000998098177361734185279005291014559613422869472816512e-41
-1.50269206198014179352860656548303963239002814540240062560357869096425391496680662799292526917438523529182608609229096240456381447532532697916364125838035155278416048914511944719980634488008750389406064268606926057073152156230604378472008416141796410802635785977188985437916491751492917714116058415699210997554e-41
5.22227804909549245431246061288346299661810663622421657580085108640799959050030674114469748117499667759617955657004613307390489090377845272938713340732210154860231948833367005135362660488442912799615657122916813174863991756164988770734337246593218821507127889810187169885865522086140702254530823009075899909494e-42
