19 1
6.52983389442258859407286921030452712060147928067224164606164969213316953691735307292938639071719371431343417033878721956449363382161571374369410280478507635061493026090202190957884441630417292894793285925230431972980796205850338413621728244720305324080057869948418351181969860924902880680146537281808839634013e-38
-9.88761644048051118111649670234777315268460942206396428969531384808792885614386435512545648454038722879752118658323574376723424172789665625283362055187442886298771130633185374710911696210529273314117080075169403441511735103114041983592169368786984349754035217178787543842009160355877092194740129091893519371775e-38
6.04518953258261082082222931489771278950680009096077059219534507399929807179272010400019030139352693949760863161687328684175231108383040091268169323377955663339118309673368392516718005402993886642934159421287370315913952094293822011485401765382122451166718783577458300809053574728661137149446024307565777073251e-38
-5.16437374901520982755583579776518125892899019052890662717176243202997645747964434548221119796056284091846763334402013802096442831492064522785429760003298713983533498710666541383968629470365923781405717944825593802753805514161894078251574923862305867409297660041524754655940951842641623197805635396786402913936e-38
4.9569643191567086811630368400223031083819727423604840831320440506169030653559961178319362678374674776707887144450131531218341408825756608848730809840584310004617757344767517095204680188714927505245696516568811148284762793921380599305339930480930635762077469248998726223412037225518373142439567444368585814218e-38
-5.11538346362669551092807769714754066886580986550390536844531774988457781754454363086270964135694361576789031051389534229248165517199317509435460707460207691259141558096493899528360635670586937027909856398166264944046217834374506730965621983940266246342836704018397707811079956092560825936745422403797703271321e-38
5.56846445798930564604271486796365609873528668383810377368171173697063361035772406775112868319968944069337232520784308982913539022487380338986617652821985606646852364335290936563040986372706266694321965138708745378544859364736554014603797334304026309832671185777247464305224924136346120605464407081930796368798e-38
-6.31811061417062184313546736533566226950524926679004973411476044353224785547872722776381915484718994610633809485718308509174180037946190031950660590608417497975924106514590789536833948802770525410795365004977085804674967400742323399126720159624418263264838215175072941289765849510262926831417443840652882430231e-38
7.39923512675674524685775480404952558871111277640410301408390250960505217797656940637928147687842398171915812874936763239300899280991428155166207132712276530731609655027938863111000048339431592025603605068983991556135766676753918544417797562807378435306230577575813472882377017659474591848803764614713946302215e-38
-8.85893720385760592996271780255750634119635068477906932254972580789466879728147797954273663769404070924141763711907159456120893617252806314275517142558193502943278240702040088594488585153532245758559181440479434494009672512821243433989889462927101407397634943161551963844352712195948180274068227874692412171927e-38
1.07303097070388918801475121306911575007456506210225554023842453350917390757974582976398898121049092080606220383234435827591555104753963629546289098249494811803768752771603964633511354564771384183897601870554888487792002770042891165214881755861533249455840607254117757905787512819636615270296444428560038336119e-37
-1.2986354321958019018086186333900537156395392723615770664222153952674325966379550614051596677183872753361609449984344024090217366356106209969741962551771037470947028521422472424787750850762287646145045677384791830339023835635377409223983168416350144878879634350411011292216576907552150539925823844549777643583e-37
1.54627091918578199209742113439435381764313898402169797980712220969154911980961870257529501288193118896015127028031950097059289337813776801465168678121653088296314442995380591663218599278656487544623595161268451066038786856695778380236904931673400395347506612875249109162835899490235112941753098118804843482157e-37
-1.77516379389882474975354429857988697025763783294654278110173062136214272698934350664802865768628549165965107063011163222145481189417546934623505579230355553606320395706692361317873915379408286150367456162680342486314243181460894407717687562973503989516499895307704567361471527661200860644940076648283935179864e-37
1.9113347871064463250479521955257902861353768732249681518502749482114653432297217036635058786560329680409362010459948319048703781044256874675115927449582646173522857452491471985833071432711303046741164226380955927979560682003346447327820768429941000690534548881856644384096622881419657495855493102166097920485e-37
-1.85395583014198039156754801956583170320287888988393921221838623708638511458043362220505998376601956680167553567515486751104647327728287267742873885064647975095712117375892748361463184225535218516905429247836205183964707292824090961599163495597327142483621694990725830263946195091381973579945368589092828506857e-37
1.51969456525599912903790826028630045879346184581937219975557328743021030917059538211014519292638361990009200935628046946708476650986504106448333181296692271735711649123142367443427489200606740124242891116010997394229568304237024555634230549833933388444421369779140911661670995462003441580933092297315666743872e-37
-9.36306263454172270967905574316308546023600938772564970736248128834809200955386229355956544121696731275633323428298216984738307788602648907257119026205605140038100500630402881532966961866110582241465243434688040252230292034290378951260003345534883445033592704222486255254923179827899944352045528633611884974843e-38
3.25392855977335869306826868566738318531762551914612176805739969384048091403419804238193957534347642433418739452600703540286280504795341390986503771670153177358201333339172923010610657154875956677122120168025528492662834766469320120589114007717881136751625139808110870023731797273331477989547814861722141396511e-38
