19 1
6.52985446572700303611597840602720037374317555890168323996166743406672863525460197169922288285003425168028046785406263513597113318481242061182136016115047978733167126399626007914177839190353687185074439739459734925351243486593285009317316474300185064475050072576329901156288393124564163087790579731295297411973e-38
-9.88764759625224920219182761602299606573241959656132312189021761348000905319576012011902056724308408232939229724695161617686474262588197162933058994237847707682194685698728672263996024009987205462999567308861347628206179119029359759718426251921130377767669549228388391890795140237705260150313638154264111654177e-38
6.04520860003137737921653576515150626852070435786704162558848585760708069325665257397452847127872269388464151125576304067915634508663556404922342525883354109629023208718641495758542882678879568968658575581581681093478077561476014219194294594544992971481509358645805557585774391764577908129110475471431493102825e-38
-5.16439006764187164859041203398690637204919819743449420534940602747269161437931654179574550879312630455197160625960054988354654248468443347101510519622409853994989210049979175278395196145042991476338789137853671502111716693760817990112890502741523960413717139667998711135035822280722639379076409157445688110962e-38
4.95698002316965691659579002134612054304088484537672515746348799821581222665974936805136582985509769331944943313345660138129759811930314682933341921842110177615860574555048649860619234820824170316132303025409131620859081149577578962366492880546794698223715852133209414100197640095252624610294925463454941913466e-38
-5.11539972453874532694041834510518478063626541622536381856778823298906937184770431232630066661911830324831809341910360901428045712850194871191049304279473394300028794336934348837197219346230277950473378761418939957957787192078749974132011891298512902385909481222194745309765501198893350279679344901383702149383e-38
5.5684822331473659435736227615872359259864017237617790100531605168019319502799740438434794782551117343294610627203190687436585497695846699746958916670977152091947505853415652742656073280095063077333620669312990210268803770650669598253173811187102055083521942540347666032716918668605996755302066325217756893134e-38
-6.3181308822113290524656158147214703699262050546461666839974197142340689670072472123153609008880748900491208034184737703612573544402125231939369236516075555878301782165647230050329794756431240340906717095324344076516134921588441295055327071936138472687454083557427792498317655241303657450131231620950461076338e-38
7.39925899871914372791718920623067637202244810975202746467151852408635997017294164665185925245900003557968368893633662480634417465679814204312576486977491761715797141131029952038583592164904773733740160597089426738273722774673578428319562681513866768296845313884901735969381928848968216618739219662184077611012e-38
-8.85896597017156819932120472278667122833194730236720153683583660065898783121544357839162952944647450853002172601182363640345801413318884815223629774327408478600927162266458123648366114832141656729550337219380766463046313257203502868940655937601113938992533117529839244717946892604940197737997782996447436360978e-38
1.07303448011596667293514820009854839561888886345407589757507619950585392904223580986209288891817469717643106872635199615999741863226203563942392667668795733954697985806481433385467790215651201797313455703213751820274715851759519770274472097740034046533507593518587752630063520089916824826031747999888479635208e-37
-1.29863971314576157207245151497515800307182053052065269305506742633451392756961203043978088407523315126043010409264576206605314653220932223219360045478068287748150980347674917002889324604025667855615795505124794241000301858805788084362444334097915873973518889871389203156301996648488877161592656561001493259784e-37
1.54627606048719572304570143703907704127258054254836308712146487522538872460032575013342199509742798153221076327887040451206092171064183659530111351243918015847807742396618249388693124145914950340598381693628978498187460195520659317981839539454894853826446985127424980683524822724968549295453330578685487572462e-37
-1.77516975129192661406529751546180547850823139885643267712352816450515459193036535462169407909928093183772896785767557157182379926714963662596412232595110589955185007066831002256701788187973763259752388951851578179369216362342391936055608922031391463974586296487043139616934774367719554095539558293484747000376e-37
1.91134126557353491368810466587380847766752721397397933341903533737102149082834626787987030883960536899122284786889654990222724775100552678632331559498799276598156841706767110948676541226590309749513273323394033426479882316083536526522059605099652622386593206167001328791408632464679979742921246031195311617196e-37
-1.85396218097946773059535407780116892206108214138415189089114455683833480028544710439966087461749167583422698164535194159658074075061108000749508691325771532999683216799511268358901294911067332446899883560945104875571401047988792991872990434981700631871247978941786094941128286444218140888702148311616909690175e-37
1.51969982970963882655308031732146776829455634109164908575271962915231149893807287537035592081547136314036234156192241811516303705977326381354001312829585063719293413703791918938315721374057450343747293251860930567204238415697800256931030340410974484187237267305529074067790877787132648138148775458377383301494e-37
-9.3630954546540063338841140889277028368975762879989170384440313104383161466657512264685365667410043109841870868468507327934281865052328595422340047927394555834955585592483291728253744830644304816702108380995075649159377189224481615835215333606198939256885764103275431105399009639932017413217501502147355815054e-38
3.25394010773453176406584686078819987710863005495914280309330498620710589512169738274114019124572938304346313833246567926758480225485638678997674485428924801943462784792849953753364129225418128172148598548365525671031752034269406626588692184330571788659314013165375355764360618149217882179762916636309695834603e-38
