19 1
1.04798039710689313684581947340249325244158547916330187721093339555626899524527646629822883682739275679080706550713399210347886114371883680538601664352242970706698104939991366841977491827859823618515791484815744567573383461159318901086120042377153462693753234344631489729575996401586739238813373981551487999376e-41
-1.58687469523082204499771326198467694004147538616329276124021175041806317870544020514607618752536404923555772505049060241077643954641992116151774504440350670379692436845082244529259089055248362250248796309997439260581100807203153406488105827730839669356472710704236915220777949462725717516305095805555309091967e-41
9.70199259235090040810597485067446881869028580742439717386485213842881619785901730663267275656951618533346882932083519028187846516680896919965381063123783915764584257982882411175566712981694395780690815043676779447982478024274027091643202451330973314838888301730683142725951819173765089855557423739351358221429e-42
-8.28836121144378698806803365424933907696873098306299087784011014201439717318307021036343523480249395353503754768895520745025942805430592351220782061944328821661339833604452378204208455552927261017301268264067834681658169740607863893012139237136093494045736086489581852544801060267302756742180800226421717273384e-42
7.95548717133069970449332355507004592005127550982333100102010674278805414002849577735939457984725186897241878138027073506842745088916827812467243235019909866051107684814954124024313005351810410479295534971060030375976655611299624214633335704246689041258645050777901868524566601773039917157932146747175177340135e-42
-8.20973537906256127130732095795407398595625366881565295303294218620340608159549762886332889498738288342149121135365609792886660414254737734968860631450317171632754090044248168464235204422104523675221474455464072585892363587061880907559589795972242812446691326553845705370821386793038093014724974803525955831055e-42
8.9368894768243641723725186066146303929567470388455881421705322817993560121204502612555922991948364259668550462028069375133853416232785871385622451071073096715656440773247492486969185885083343678615706728258175696093666687634095135273334729363615105020992455428033249120193503112033012530199750974116880532734e-42
-1.0140003989247817326432938865595400089820641989287355411652497989760972035228556252732461695404079679423565863789632866434261008919073618371041427639297146010321366532535840763587607003194974145539320244754795250790960634573690254133816784796469093862596789243172699655286954566979033756665755292724646405354e-41
1.1875111316627845229445594787320766383985669567408559009301184334789812544706818360369453316995441744035260974350946885466849003804633378802937530618335052717200941270346529116282398041019513981826379227899900883084695566755748285424700826526868365807925055539193178217171518364317918345633229284667082919085e-41
-1.42178012609756156766912918995278118225396077684588047717410320416564033323307653342563604348019170270537284188128811602026638127706140786756127969068685979748834153811846667660164446034745013671312391780110613109966217523887550598477756060065819677387745276589496913941218289642978435756297610126778553151955e-41
1.72211846190034949241998547902950363845932844881337097031841971655671285077180154064340944132518512352930104882945865910861806526478474899626809132817715987855947554397130907530734970373933260516448647301470871738008203689698008937680715962388845927298864061249233254704363215922941958509999037635540675306364e-41
-2.08419311791314164629310030947192299751742986735823062125422813927515787328141577082512109852037200801233098335573828010654184147380733947342425711686030997982779994165405771577099082407120055030204128126835130380930657237996280484892513913066529996807713203724501914492286860991104188583085102937016020130344e-41
2.4816254599414229394060515374483286532200639988995727607224045500378362961863946066726650927513532469981108867114462889513496264823033018676893734876892141759999035334114305767921048296931967591250257678797652625940371510546730356129105270886028103924725265964756990665079321581879027530142013450245257932433e-41
-2.84897745433950423234511208444073332773779659190288030448771331252438560523164889933801802396815884015063944128617126508440827480770692079022997662513106901824543858685302419954939016285181113437380033668759013815899031561847352435968866761882992955373426030490460839476489337567725074299855438615311863426632e-41
3.06751907990678772927248889858532706326686679049069922982251864378629942109299690181355686704096556921432302590796060624053713634613536704883930943207203389292600515893733231620386537939639310673583183247449862035736755105412525209624789152732979224892098997720116986160057681994536895612822906899058951875426e-41
-2.97543052127130661322036808507052335078183672578460645996390860946252712319454432947532410683920670693080680884848086241800168897442152864345559980449186152886585462222249391516787720535958051511227838711704768061531889072675475097945023459775320526168922420769768939479499373212448584212592496372027647405592e-41
2.4389711182741816733295730014829874876264279499169257023483055683626632457891624588643621184072993448297375785296157216182308376586019437679347521954217286453883393720143331817693530851046598452066485641463540753903626369032293881677137907033515860733053026466159675535740177950938919010874846613306983353219e-41
-1.50268581556600776021229328992387176399674522162204792432421790897705741060622641505749761654759066425185751866782373152893164670732796636385180946406549915676271435748700536251730875659012515418915505439155751497713631151714456560643235781720617971694779263363253554599443667269130640260219058205272397944499e-41
5.22225624298754277206994077682872204676382913934703787927236735401384276124798962006238868893681221679393098288179136835109754978163959290243385259258870157559031955226659365783246719069029055570909388785265560032348303689451472925918724862401175816522068130129712231737629772424125429563272416609434430788958e-42
