19 1
6.52982566766040177871223873953061244100056329968464542875090219012483983109831738330759040875858909348261143153154407653175713056347887522922196689791716780409286029771720485115713580963253137976108735750640671465264513859502149552702146341532218865937978893803907974467203454591474142600081969401738584351972e-38
-9.88760398083744722961630601726867259482387133048588894992174806359759299404791147628827087070911358236674105564875852038009729450910829958124818585150126354401844981848823165913956599964822318710215441675935207128260649534518759924699680330298272576204247608572666258730515227494786837851374819454301654824627e-38
6.04518190723663063965929193691961927541215361729244140246210537760187622662799664293928444733643593885757735895357291526597897525177356321350356124332656869415604091772454578692294966885262623864340670377726418424911211002651197139518475986700101027077076993915832694793371525068654739206482769665263018484886e-38
-5.16436722296588061814090546210490789737094021143299003027466906415719785960939323854898613595598048833310470493350740867548520969868283587608796657750791934855096996386700708205296669633324189487024142760161619069468429379506405003835617590304399235067859487212205648876641644999577303628097399049620301739283e-38
4.9569580389046580038602959423283808078423498772768072559332858967435585993683496988601993981866104947903381494007713148576392604524188057858818732905515126445424515324491431270923631970442575540782987717277929123633631249963352225917078809924981156785304661414033517687334994185531201694664101669040156187069e-38
-5.11537696066914401210544001760551679343261487405841215535738299127109584965738944739054920002637650133351176533421226640324942171611898682377596693005832222750094220573626498010061026403119483348983305874191686032223185953285975915057189322808783105712668033297604701542783146695241372829084535595381479643135e-38
5.5684573494726475344228584968697789823477247710037988398084722262576083223788503762545084536728640337343436521010921057180382635996217940146231020087777101059171443975580347172263378115141916929585295009029284208092917754909232783332139674442763509052048324320828166279005194713433817955005078893742539703904e-38
-6.31810250872890377820164393503967300231210923967623640452365507304173709054097150238800782317752382049566611576453233561796016827228635759388974449977867050206055641882728505941985500875916280237564926754746885829602175640598438009058945001595354372904985921386698097265638549772056778875768166152652695566209e-38
7.39922558007690091947922465279813857479689483876176705209569726492845562064694493931607392141266480710858420558168596499577927999812226671929955260292701644912037652467156082594737145943090313799533325823257729411851210140173563499131563473212129712382489347171077871681436959210715259394172772524637858218726e-38
-8.85892569988907724633094466031676923647018655066777756952279299474822062573228419880271510650602834646690199640184260922771395252150315912680494518100325009805541763182209334677849175043386956196701609664740965092824565508175696558051125384119842753463466325350029293226155251401224392722470864098593788412952e-38
1.07302956725375763281054149594057636038370835057722401434941075122339550041119056259601281608187019406439724860259300846814843729357786258831376266832767201474275934017588351112683657822907333471259602151184365296403744397394631972030851472265589551093371514097310176860687792258022409145609876736002489608082e-37
-1.29863372020336077410735885784777516344827399966481243431974318551947263855706373374987264703148811871676176185948051246675828969682289786421375414251614488423720872336444919604116279554834719662756148187797057221603527724357442355053610391477991091797280345702925732893031804442219835082494381367691184243346e-37
1.54626886313538857152535005291568554934137736155583303952061172876654901072013202059737785968404533506176394192451336880330168052198165742484191845531800626458894026196419476620548556819954564050641597340771012691904395692704706522441203436161502918582390560147662387535222516091921992389696818241944841806656e-37
-1.77516141149227038225230280194054909387033080916073688566246697156734315608091423278459322240497850872360301746856553874364543806733224738209302778724281216351470967415604888554250601395673225720950028699590548226094906298749309820206129900350682399299483785680002370723010399044503324442156147819158667973297e-37
1.91133219632525563934890590379661633335872441338699357023107265853394338968760590367085606525486478909754716917399310431592804539773720130381231646350921481401597961350773399158307324064421238526065284478521721014094181235299980407093686196609452245932087086389136411990187997459039284934446489743027702007515e-37
-1.85395329040771781664809709945037533434687826164507644810591037065076245618559529402999052829990905871465092238558624770497754175627201894073018793022053998510374117750918833197623987327330358958482370246271287714276714990860060213370002360299344325499603462091590807789903483228137200596712703467665913264074e-37
1.51969245997861009971460908704605663913938327139093021454094161866692938998341362502588315641113383558678392247286541737154638751689869829448435574893924080902593150470835721601410191548892821796701632495390501389442534534121800984704956900255757300140763712227802557495511162113819429707276596832572737226322e-37
-9.36304950967891481626445695348692920947116022439255125258754876400645278756219346635845881914694952658700251018580576399800427278261448897605973553037985805543920149071480267582468486202575091843717555525117639354920220857747677649268328809644351946373363096408415560679572505285473540478579275272742614618214e-38
3.2539239417229850902043310926366304153664117821798554132629331396425682896389689137926648764053484439417254289125956838742895093294503622133644522951744962867554393252566998797771877333423515325502770140876500268206677684978761637082363426268990665598835538012203583853079411079823625690172564379594735276167e-38
