19 1
1.04797946119059895605595212400806031446650769542045498452548437786630699116834488001387401342143149589345725109237906374093995073188798560278843363134545157017077133661955775155047585086755712451206436549568815991709493060707609418100792374151854830029943996075980595742239889392225925077705821163698206452832e-41
-1.58687327794971780000485620719568425845771126356670656461863713425660553242935774718853016237048888486738935716127372731093786624135232607311624493775687378969906664589990964648161903340399046693591338132194763173684688597888513413725587484052130537936209853143221692834136528392727541033206248923740798636312e-41
9.70198392429236917663462095347722530133533638367389881519008586118396201727704255443693457155839149041738150602220040895468803738076370186360741376427565968175849355380918241049950226516908700915722963881370292461316579827497783930953812033583744297520682160103918777786214304028612078539628748910812353443297e-42
-8.28835380183972274256444739235667053884397536002274737652095889907242056474362418533061100804635787289901399207464184972105146136009815512125036285186640842854421308253940580481925595611803632616967749996037149856118522513590380411679693695123775997191584088818585334814495406230636734844686977936248736635621e-42
7.95548005303158834996677216041439941329949459102761207849714288182111979648671302271936809631130665462016590248041117639695482500108723327850520194288354494139135234819126548711564168575379621581924817689964934790663464339661879506770204378225526232251920292000375381560725701866411579873896215212650047060143e-42
-8.20972802480039350574922235608764610501680173619635689096968012848397553659473861321309386597774598959491938333760168567836030063335118030750195904427088141984335452711999652652117874554476711848711533297579670725764123131039770191881630138997949803100910813593530986824555627609459052369703098120069821245777e-42
8.93688145978898632004954016765924089527667055898304423211863669292445997914535850404353544347327579029136046683550060944188887361000111496220857213818355713011740176358087340811001369948863201955846585649240546419205342083769382313230141517258878017567726159425545522327631712187750462890956965960007658885322e-42
-1.0139994877546538048383419970338458373720416755501122211494641545509232212792610683126465331688016770177117088275101945507942822689286624466818713668209902217976564785960777813756659541706810421912649543213594441837748319847770175143191132244822778796744644091038254824186305129741446941525654309373310017255e-41
1.18751006248764844916004066378692035490074782476613692664255735117022165746619016248757626317628156549043902652536216318050974314638252013044897742792309705272787705853269967429676506047841922676891020075406450521694161655621859222193703692789792715997955780524327918989201372040133303648598281092130100048907e-41
-1.42177884315086525799780568711411547386452867802806571778211661877136381418590827769767369752580025046077754366526144571001368709880282789370033707363887014242621384798304848046605699548984449633951212369103226700065515047563229474900125875058411025762219015300125643074088109837563666852516216477978759459959e-41
1.72211690407546403828684931126507460273766864539048113340262595958910477944646956043011498573416941606394472760825433369609636144248042882485162226973669865709271445301111333930148200209564874655878712890510568737223335601088601999050386785411960149444855149088484494034490582455902949480801191459940046061824e-41
-2.08419122737002720805048466790557125742176676098434023780137373899922301034915958746366935627467265271132030226854652721011216392198662165329662024177244511066203414848134122450406718303369471316827365229630856406309158567041820625683090378706072081849246093444565459483377607949139934768694256301056986826003e-41
2.4816232021152091729122682359246228882533078225759208794377700770759281135669935934435632004282189776006492967633390866727533564916478162327021447827056122649119978701278411569197598393196829728984575314997941029456786839037232328886999308978943932796462023205999698772148755122871170498798885233587642189711e-41
-2.84897485381743465465426975571011633524498072159145459057020564104165630979198853674245944816351481254607196090253441857310046092724045190610094621962668582002351247196399612643601122015771816935712980290069375018500262330787347494519461420574472624048911711244014003883938495852304830032675040639415428717786e-41
3.06751627003457707963400972603097722723565177388903767333475182506170952727795834075338837458943693767781582897865639038946287071595359351774041132414317086508790206830004400542836729573887570114130460721862498729000120908953553853820614719695435077948184365674974897284706382214107355681794802582056227499991e-41
-2.975427785459586306808420551931561452243583572716295421941832446166865632303386860326250510326702432153813223326277394577112635933364156623915036649555751889949498054353215059440231117148974601528346248881588208792121041669992414701580434414283934063830981067972329021334603074819172036098626598715476460093e-41
2.43896886668981640020985153488560176122065610996188357159029060446640604011431041452706616428720192553809864624218672519167649863402029506707652843158247483664267046173818770139625008510992638775680322240012077895388586387288941421549108446716734061772163324211776410538920649497379381403562606086109814298299e-41
-1.50268442240379894343932858788106703330119366946607164488287548035989176483379961021408805767418098551194687891107686762195111988164059167427215416256292347053114839541512447036385269629622323405605072039180634880323302753599509112709052554736305477556771544378951787322434533266185552123554834588927533138155e-41
5.22225137948693076155427782299079583113631971113979221817849016749512414436800675951245770635878733585927352490361151012662638478717097163075503877997432028725133713801169213755952700972617803495931773690390112856102810156488968243204296338662125679103873235404190140460156605333808523652363893040872394596696e-42
