19 1
1.04798871610168893171635938463310522536106533552962132554680171057029349718121356488555777000784009467833955658916589030973678023316004732157643386619090385111723897719110589095108834043648502746185267361428929349184861103963639463006908557005578897762419955485676766836024702010999205574457265852869241725837e-41
-1.58688729288968724245807081138629520750584326879399070824537885473437921645669320674449794660682300301314726751009561850015832837340779852238081554995713185870223490238988662938809950130537574586766718287166381912578921805241145018757621166694763164518461525664044683202232547923650550235668279355890505602371e-41
9.7020696393441307129809014570843286404394175738278363115094529255819315918904465598255514839168829911189105926151266406622344996415030425889413740172653318524705508319871251339979388199808591257109397670503818638153075058481773516030555287325242272934920687702828166465629543345176865908168476116777647836544e-42
-8.28842707252936101913452142935408217221461963011823934047476166295571047821678615074690098607895408673746779739918134136700149558131761852922840831238496519369168502340060099330879792183986107241735595476276249339807674490985742905896235922704595051887928505250607300385283122781469565561608212012114180470022e-42
7.95555044312484703654198447718954906006855232139863120344777885859451139377580019908539719804729905244157066194431067451659901101636372945222711191438711519949394763235297626189490910654019566363408613380591668842725359207967728961635791664227021578584804962124424686827530905076594594986248176125280211799583e-42
-8.20980074824718819717912216575311500671490338626665902271606261631968489630493593651678269906474054746591607404502320739893718148444546943632570860410294563124528326009848354015758167369402841798572917301644402336001059633932306089269287126599609834036465778215196685620708198503878370963682189555495972048182e-42
8.9369607371518982181860201199715849150249032750280115993437265258560640880086298395646746961391697914935786893711699401526356959155479101064810728477463725429710135807539322474340817964909502219786610407809161471378192469472456639318872919551315723177855874393199348796061652185640288475083791031662212808009e-42
-1.01400849796492213192058356863853344482104122986587954827256609005579554951825077045593399828349420665151562418936764714797914986683521157887089848771333570257292750804930833313667975646393551995681624582018338765742900995576107078160025565434234930659054638828878664952812416469801791166209316444636355298717e-41
1.18752063515017567943609002496605989574499305686708071394750804044933041147097246703578565726346364919610782294567201995191374813951845036141160584004409560074743238832808784289106575822145228708445976035317646536972066121885237521647454202365504035606469956224798005413907513862352424510804890578382638536701e-41
-1.42179152972050545448427772743504244554519285442708325559169342540535483369257731638178333106775798558365372696567134569881347732219936834628737023200105095064310714642808870544403015056949200889703274232868225097691468295474988963876787684937961233969799409470560296528106189793806884217254777395066679761514e-41
1.72213230881347659856135805382279276996281049182513854300967284822435736362553174283759756857252570538375287370473671872705987047483040693668887609018930759546839335564804719488182543455779604232217424994984771893683118666729847926658297659011856119177498348665499535563942223595975171270240240957322252544792e-41
-2.08420992223612267919458486852197887457164405243689399699781814447303670256911204275598502756164841792076753741748072846893318447595211470961361815350733637397113600802330605105710732744258787783070416951179610825241952312837843623510497651569422254925163073777148289440418149366255611602198734297071095707237e-41
2.48164552891025570774937953765487670773195993601410411211203254115805141952372941683180358457245697838401307213521214975141368522180391538304981741095540559561434956380600813986657661180082769821345994372873366401660577700376310300259375336693226766565212849052810565222149798727115769070984831012513852378777e-41
-2.8490005694095761958558031742836595131647761256581150993395162717849298437793114262945841302491739403776091661091097249739288171413498072534550356074014870325241610458244410962982471045254906165764684691101003675966513080088051055960336988811915142805447845399518942610394732604326658050074693539420759637156e-41
3.06754405581974081100779758284674038529773721201853416412804599107331065682188404123003025651806700827364927564384854105103966144721507821250289240946519384198319021073638675971555556329468246573428387903501459907831043131522002822600561191461844454222026692251813319461318440635882622742080021666122131484413e-41
-2.97545483889593494148974011065462828421287850904870270956624488038521450777849421290750690786145836385080666928977161391026902881283121040583541767688266860671695153708302775466603286595537583502079229060667444816053796513674100719650684337057726137925546633785892305485119424390067235474066454679887167674145e-41
2.43899113178681473909140365500823168129704929126277670636125394895726432792165446855393945674824517139711489788751748582551061205872937865607827087539771298468799652840346273981166524098728983389815629969963385125552021455333403125898047542069939125454736945141280139353419838461617694525022681919155123331355e-41
-1.50269819888157619788364496953493600023101263294935066457176863857502641238773374417835382740883624899944864022217753528550764994484624755866156464920047444301221657037156339532668467293070505807578185864652943822371037316053819457431161261378668737367377774020335084970616905108307272790238481997711234645524e-41
5.22229947290423536543516782365594879331219116509876382195268110503344031638742727815835498286092333869133293638637863489412835400632825918066221364856587290360197448925960995060153720527136378668053751155501890951643662857137462075124867487244250910653672129113430375143883674269685073977112989130339067001513e-42
