19 1
6.52985355556239922794280865320330848093288678945746133679414029769729897036975010088079458575003921556898355204869907627568066490118959157477610758030106622109084474923038527163168117439408184322722961381939725170689660191501530043287526700390010989570874797454649058891293216861534988772101418762738184068414e-38
-9.88764621778440099917760172361857448697704519929597193320599093513966599032052600201124783302124464155047163328569722065880444131030195382691911319087683357347676564489774093478694278248788199606952113393861239432023323935909048240089150064662402301113202022623834336889559655600191231106605385397206156000127e-38
6.0452077564037394072113963933648905671577331936670133147425994169371352608136959396662695387649441647495430942121091593301526262097040100993057995744587039130869163767300803474445701714600478564662183684813029633690967446183786590262921371458267542511580374421747624915079996766925995367003510283486765110764e-38
-5.16438934563394174685273119541369549378864847088272701348287776457651870856755751400920623273738530365956034351844601374802777900672143368672184582498935331531389882934809343227712467806016567240239018111280724621575385499909315900683893367964777037622371399550251991422024149097350611089777245282057248551193e-38
4.95697932835460061690949553232925131668122444990942173527094106423287037633557012659788386783188718700537150282081886967658194896136061771771331959895256839842187955389903456990598293034780296604371239244411078504004914073850749501032450113931142409349184640887542911117436065419832709121551600875017400522675e-38
-5.11539900508354346240702396349042069512953848500463575391867346892428531929154645407682326362188177933151879860261207492046727643826593762171547368544537488405535857049836309837982902214556827253916931390703942129908633401585652486059321544343911190007947576281876149881285240760314071316899173407638021415635e-38
5.56848144669455187549752057710895275275088802499236301946413480464330922588417542830279747879111269380196986976900577618762121833089450971171071988248159786929719956154744706470855274914763133585343388226797703267648343649188564415312950734845283404844191778351801828106132821111584183094603016091430683869664e-38
-6.31812998546135554374433493589592515198293664626807578677413975488470710681830398773804425386932182061910027059688224504513911692805626669204843954437868137877286064579429718914433971945519491859110430930316240058891753497101612831706506974383155353448802490165417464229556131208926619104298784105262787995638e-38
7.39925794251421082876792950081573562152559733159713692562161127104314596495043388758874821626702033459661234276237313398589469157124517033298487051127766696271407939556026728824953888818585531105082506071734837726416304460017088398110371660598111343132379365243014255849037427550697194915476829065116025888878e-38
-8.85896469741657662999864271852193592300303005575303490472157787536216469801291981355014500086487361613311396133886994822792240774413174118411123973928427223585038229324673417098001725058455632506785699381940022222617762552962463071052266021467568032315725609470371289804401304441088118602633270188834859364569e-38
1.07303432484311186352181386769705693231444906714501252621974463219820597238702577312840332332736663165076021402253410130137236996771699403097934542942327044473143011828447841947762473896446439546916499702252445611647672410971484147781206390102107587765673015019621174535115695566552994012330144602974462688288e-37
-1.29863952373617554193560839139963253031320022453994913732792246957257075428413741482223757696262246825037706317963561149559923483211857746629342904451554484830203689680640972136740519421131299787252862167556645665109995075594996007193182544849866404810800605963857193055892154765405542759117447261920732367528e-37
1.54627583301121207823167867802999708797132655579954050402181013074981203588370276866394579882072585404464378191110534884060448461033727007460025446619694372685690497466674997730856949419966327086809486241877797668575781420721062866536196101340984989575340900236118176539680965126619410815948559937663827831632e-37
-1.77516948770766532804288136231846981934900781564205441429851298470106510516613787486577909554350716526561401422283664186907851861911370827151315507625244260749185226941780075647803170630807288012527368514832948749132561381020461398923576062007242340402257698540854769816554617733011172190763729765881847638218e-37
1.91134097893389541311629536477969786284396111747911878610071616898786876479686812047844848952968002762860955094047079621869461530014740728421768072609393788652781508966633623363373926644551911103587595346084654622749310791581820055123850985701173706197753475404540697166622311070963448399743895162795582463055e-37
-1.85396189998626824435114157274554997320088009509744793186841017465591237715605158234721750756881709299516422506510508776885921753019907446898907277828998536392464669458093024950995686036862903700796523247228585351626359802084626570392878445229628459406211276551726387673706478313535181851191007994401931025883e-37
1.51969959678310074974015695722512890650856597565692190649349445649635937010639883478636203683626482426575003169190339420043059190992714655362148305324272301984012271007007357594877685773048709166605330310034002824441954029672460731757108770207924809372103464285095073804958827537300577247637557131661833198901e-37
-9.36309400252024819533723268985268192859138327030939498570271841449567123662542843174232706887225204682006210369669614848970904344409344680973365357965477262043991608020352244523885185486227106378006752393394255276649909989391758325226165329422497844764688026746141857213352841527231266391945361364889657862356e-38
3.25393959679112429081888369378677582781888987670702049902765744987340543303326673578902183902941424704008172220669399203047030328865766604532989645721602149397195501451486092832853255589895866910224246474361810385477363754579824066252933033344628327814449061867488238869526965090377156235640809100518008623241e-38
