19 1
1.04798124703178093286026587155430024203775387615386499763631574006636239261903019260534718694291872626260338400025763448111716497895952670825838863404709221595179415228290197045024057111132067043896808692512152219924131165819414748277761706813640042227023832911732106718540870652589054466581373720286623273842e-41
-1.58687598229302234779824198961141811419715547810112146793843434962294975549191809881102516870157700861459130617455297968444260387023425986360662258632938542124096840718568296919588556890115218502865877454737958037178531878192865817239843186120629004072615689708866106378349356681190639591867493858661963136051e-41
9.70200046399366509570617674371368448270947038858424560099025222614151209977294670922673592209518857731322961271897950241198754195829469004990108604405462223241781079591892991720278317171766408470444262495661526544573968764264968040458236914598635538712730986339268777241917891437942548636015889353689365329324e-42
-8.2883679402581593300185054209819607309277619972291693751956106308391177894174990652913531354364173828094233756392202230063639969352366702628877627506596563235641803998454352728670067091194219711289604407024745216736490772867545911783122882059011896399627817097942283965028259224221405838413180435704901412503e-42
7.95549363560512883801161299273487262836319217222026155438378767973171370731166908855753686792771744781694348151188708344889346888599265373081028048689555932889005651705223122283014605134350904786093943885996951128100377172886373726493758600305638482609997412163473272916469041513074863705826915701070087279893e-42
-8.20974205762004526416229836526796612974706308885339395186637098282088111934789980262804649175904820022032968806860305918729565736463718755998410736056168195218228332925455198115195678205343300592753544352440094445288044886355275647133612213393445253680839632873354912314321176785760704130672146536863161703293e-42
8.93689675726007457318242493441865326115128473797338082570977497721975352482465828790924607387205473644932569357596661947941539005739322221375332005252802269072136677070698205614877235556745190792574044300881275227679749920731810034170247128692919422266280772379229646874824984327165321869225135054960667402928e-42
-1.0140012263772519380207760033060227312922766591900758988324521132032907134683504122388870323651136239408472190432195518394828246339363898583577322722912136520616528440545402868634325785934267303555763274713007169492544390654379143883365697149782037675968289043288608667992578196236222689135379647725707044418e-41
1.18751210260290816527650983687890179857355507391426916821256348551994989088348596089258374584634567758616055972025127387198569155414721229395004660669489595671864852308962452253940446772468068178576852739426210305814506614077274294237521843264131375454040262255462017405197530776990621125593662645497459233278e-41
-1.42178129116811795309427784371223041394439683220722726384568649616346215550661409839113267145839587498219050697328259475067093865818368770470631528811537896426688493221226166725553552333664268661542664303019810224888659853655802752500826435953303422970504240821802811936897589103129567455997435708573174630057e-41
1.7221198765935610946484626852462051143933159156114099463095331877798242021612068563779092101533303732585490059711077352332149041508809203072855910312879335559665994366826841391558830402414206215078090927091410650438433932077893287273191319422137630715488804558036106770706915208235823641177814591539617268229e-41
-2.08419483475478345899607258007526217402037773553666282582768174544755864733069862246361789397434569003188583741468907585763495009713587367430846820227068331497182128195878535104377574177012648908745805526234372190786078207074142584292897888601714885420384962764784273731955200255487035420161647215363273368587e-41
2.48162751032061305458745153109440280193275433468088129719717585487432732741043023648117475521597499734092052967247671104521227220572242188225263354287938476994687381148676000480260790151063256114550763213484596091336170171329162297905183973002134779859060116282243653565637867910582224479002914145169222045046e-41
-2.8489798159280954253342949580173696927875926236801982688700121692595640326705235011879122210725596959173594043338927871126941987924785548448294578440125183457272214226849782415757131221684307617704137297869416788400470114543338879734033395795515128561746653000849225681092461140639546961001760982178985712022e-41
3.06752163161078009459748821231408302797706805212703559113039365605351712601300681243277418294319270170067829992635727742271807858255584578406248953213569928487664803564856266610005825229943815887160343790186381179418763644674196287509071638191921458842627087145464351965021558792023859324165489579011029761238e-41
-2.97543300571956859008678226156779607651651586170448789588974563340960567803419701845847946456063148241850764203261265326120851372066855282115395363937694595679659904905814224362246377702913164804677105064560001481610149037081435683436628571141587870661389574585898691236254427670818717212801262142456680611518e-41
2.43897316298551823220832523452504249116483729531358330759688307063555378888696520665306769097070370535403929742552062834845411366354383600755550748221617532944196500610442716490923232748546584844038379462073326486757327054084883928236174873389745792690310205900729172897093558949685276922558046767012812336184e-41
-1.50268708072613631088725677952046677746490077626706181062951822172346993166449990535467504334428546786639925254694682256682961275499056629425171398246927647272744217967483184967104048826491777487425546972433832092431927747326131226314990670559194640566675747868820002017173213772780059135596513041598781550149e-41
5.22226065963585779886483334337695374182815863418831330810046436931343314949881725698492046973046120618733936874541729890716772999116625955058853226911626116598374060390728257741035859619846803118962632005136206268760393772249400568623350288224332180702104457112085835188904397270896505049527038667484650379137e-42
