19 1
2.33300092358295714354123144914929110175766226150381621300751992518579904672281459432404419600765081076010497595212837642551107343786855134600436323055880879376819731969227343230203056957117380823273682516778795670419763427432234746602709796751598347738112706128539431155011010198205317519175368188516642621052e-38
-3.53268099208043046974895897080887221632127669452645512329876010512365935851260864919427487936681116398535151473034770655404686528492306932493315698728125731640595840179563741373078310402465109546088530864534109619133967516203535389212018620908672016125851530717331035305396013791928169157942042075735068106334e-38
2.1598465698561200208021311461056153560430096731894486858393409572669902867697198855831498704177669472593357563147395889210437513796556289015500819847902692634315923230365579808750610815083855062617456345675885685957786179492918593029550369262002149954418575372508597164082712182988896838071922550828765835837e-38
-1.84514690040974225918606574171290544196970828470780370381259196335751972929645042439602110465082800884777957465376501083118184528617847561144338373521328804727352114232057392871492275530033908855965232382820997751166255080670722559621521947303506400371750956174324100044458560548746783396773403382726411100376e-38
1.77104466743725763438644675509600023477328597733405669022735975483726000919253458090841808267370814210231227206993450833816337201702755548322070992285988922194794720546411810454763609836502199133049330413458955998335858951770725768497894960232936560605369951109769344035615959125769242713825196636894844636629e-38
-1.82764772756947411412123340546619557201917861326513923836278714738956558108940479622174324753238637051215108520151821937102480939816741705750298441042190146811868176686220761925855296697439991533334434815453424640002405242607975708784497319658573453874596027027031276420045454739003544946747626650805587694259e-38
1.98952983554235533416197931239937152125213015428999763863399827738660827384060536254409572255480063116089806761387739396139429406309553547099281636432283791571891176230412283328880451741383354205837464655479830928681340343441875359508833073763904186992693820141140855048825266218627972286763667953391454606671e-38
-2.2573716842172390387268944626825451950265269890669932359234549439339395342324812861700814777534982891699607493667263691399837729738803988177748367046263639731313210685226082941231732189337919229579900784150174343277280831891538938326199962020665989502828365586468660499332768196671480098281053295666065848538e-38
2.64364816036830045078241336994500381461659878446580478237895798361187865246298327599836731205624546263893797039245221529754184132514402128940225677362345252045723222286822931043809738649424540319762709934568242975570811637686407767503444332290250502128450890895615855385477053737588760167672972696222016821652e-38
-3.16518838786512114038192569742537699324018436919014199475632283146208054259053350827367761197658782420054310494792865560613576691567948954117276591007054354836041721297675744923406856308135365776774568748775040463524165840044264531434309295064061964876614985253920640125722957306527670822985700776324360790582e-38
3.83381759675499135559565568707301053457498306894498581565009269683055993642003386334302477892172380863550261971986365981474287544671102803666103167115790759124453853978203118731072366894475641050632605461112185956033789049157260940566278139108167214403462325703241678170343815537916158700741543683216440641284e-38
-4.63989145810648790435895261126537183402558626154052249118921694264122864450288631729523121146601264574143660083510496390094445294449871826209197357117081825014739011549938692072912365396967866924886708168435016108118422567067954237147622895540298641937506155604184853138795892753260966506554275304150874721501e-38
5.52468702330136306201098212186962953056025769480551354648633250461700297869206139181588781257423125128150395115629177906847167479798278447976836061170241239723997836995591191344362466852478461302030793959157975447716296516174081062232343006521813564653551969076182932807753868035230893493191820489884105891175e-38
-6.34252484548356653648656249057601012651093308420528445811250785176282820121918490312407452517639174612823219626491596486018763829585501181236075751957512046965121147888853243769642096305176467557960873390734224478049007476827238238685200781760682826579987748802097011687973074394516966566100844736620217037717e-38
6.82908154717718373406225910189690917136094519368634483932981451390803404225788594583147676022026692890341413509728529232472794249602769860193104607712897195767176941976101028098312042265444611140958371658466041147081930072472708795847354021849868990181352761117706034141516250043680274666670205409110021785595e-38
-6.62409940960495095557448008793654434287193765907917801225932047940176732599857743444370844644824960581034426621008967709475973877926330654925049614171274501414300485446644944427594463531574370257492564162207437264720149483448800002056010520249722117733167363046129127580337068350301773270493218183567562720185e-38
5.42982493583378289499324157564985982359290821554938549262964915628402503850300945281243188572300971596174180992045562106469428414763290170420709159227794019893139867939530428054288858896464046707501820174363220667300771368822219378724470961356505829004922984513676542844902071934694876281055248170295907087751e-38
-3.34541222702386758592775207516132221809231474828732323346474982210682193792674319976806091231736321684590781343189165246975754520402780179977284382838222981384198883788526613274350438249096729629971269510615478212502174911774256778279214598845101084855728836926154637107760363229211500030658588861637919890568e-38
1.16263141579154942201361181127376911467198912574413374340347763363165032821840498118555954386601145998309487530097304808010336013759537243385913203206473243282727922138236200190525298486475234176382905894033998991641969826838386599794116518552357439001237110107911102021859366882773517135804220180715320321656e-38
