19 1
1.04797241677366236710916640805499465311533053422577425507054455150610742474031281876698439596337415606536706501830030699645376764543911999002967399658220506953789797895398228050322916527282722571170600998214789353091306431663147908652683858746991350381801364538630713359723869218365795652210643197973727975153e-41
-1.58686261041563904288330571056057949913200758946781935724011116478525417461272010993273227813033506132636555741641949167460578476926715829635973643155945056192949564348117931987621057509913012528265956026699853278140841505154180733576793831400019914885359062171961974822613417376625998435586541800507018767265e-41
9.70191868190177199420632119617102056429375682018286764756176250951909501664369303574473185618569235422231994566911434114512242060018331513679304287354971889095128729252519098285389764034616722355607613778630604529180061230044227419135796135595891765021779878238622454190229616675419468198304352797097106669942e-42
-8.28829803153564395920306459341584829460235635417898572412766368809206238322603139901294245176475421672387209829192744059462991041646659657646604233336047428139517283046560370294588275535627219485116148463406043793031555566809308079485252277073404137648069662979958258739832460830519308487901029354382507990817e-42
7.95542647531327905046892318828557592736249947905200397903781145875737983929628702085860615592091397561610124682445791269760959063947761508296566393045962065642410985395008793332094817959535724865403891345510665769366319703099798219413319953035379333338593742344706346577600787705114381933447063045613366141446e-42
-8.20967267104999278770973411125901428515703078990555894929541447746396421682623410892216752396429440865401743492125660946579400301252357984546614092846650612007942759843368478539697268778582710744230283201854554280538232767328760095558954505875450975513716578410015728155843015645979701323426688638961366475614e-42
8.93682111751164962216383066377804458143776768890164347173637609615013773512715138088952695905271254386308386211506455730353444432314496132508327048828488813369281653865643959537048368502699762160591351685803270821466753790533783643621118548737876502956318989519081756089803872452489768895654912953179814019772e-42
-1.01399262959937375759180930000872943290824255350635984453016883985947232485329499689594867954944306728766955507296125376028230291644870564640486527774939319091682238679471629924018257159308672533467883147134830018761456177937176375513762618911804732721915415948897709290328243216974982970424309976852582873545e-41
1.18750201506841066844531364012592892316142251729448903708976506986011791094886135658857806546691779738752093838736378659330969146718350886417094178087582005660634519264931801089050282048971640833884205663125159220603132223576383258792446130971193321906969507398033075651620206478789460451216410730635008667363e-41
-1.42176918672710657000780036209069734728214767326339302242996729458239413371779643399016137636981782990895582273447130574929585871193400284235775015595663031245459438271056115530196346952815469011111623093751477174253182351569851727967044570839360531686753417689932780375810085791309509474160402969213216393788e-41
1.72210517871349235507075390287550545262753189781633582519591546525555699125416860498219686027771756334657782448485345528323307346822369565316208712259902771674831787193291909570118140913152432043231133287047685328709657464183960539806306738097408035032788233803063045205490616746585373480526738461633129093082e-41
-2.08417699772333156896017478404591612896503595995711372628720081502272449889399285355890660507462925356998074127746285473314169701684996026856646964694955313782919366151973497811901862618354629096369086233833831880609884808011351625383295275183540999916438005621692741806270093928356310991881498353677832520819e-41
2.4816062080240515908528996654336377035416122854455622804743422212798890638540008301279352696773320854301825518787068747949626472780905323298826147296871335206672076335428982638519992574192246691475985518251966689151227905447930708192601364011627953181829883196566461617190231297520529977737816400134830731547e-41
-2.84895528034541327870964965272975754794544626113288813656384327115831237374538798029749423737835270812239287540918153087979866064071756765120137901820557845095517722773944689536407991440435079871526226659041112786555003066772911215257986920649961285964168716912588507711637272004936509895673454632126499288543e-41
3.06749512084258950300003069661773247651016310700948790305025530071353812347586001555670941350206510530985889363328475402055633225988488182616858353299510400379513025258703471193692668811307935202840133137507574737674517198991732353552693144835199556913556975688909996556527105599520884191663066548892820465731e-41
-2.97540719370787579815023386617935264131412305806605039777484720971539441073071938071035380025658704983321473349839716986457487345245899740191808869102072920725626989139288724931168647422182583924175146573976128301005488195763749119847410059368427238133784647146013142368743793327770164625863891509438819677575e-41
2.43895191959807758491920812100344658180076306074194704147886127458300577156528360826751646424112851346948757948183706144093058158246875329680187253951072567903831007570343834016321487580754030521193784797435038434610714930007120888016794471775193464748864027099707360714482814849807757179064737514835631093152e-41
-1.50267393643641968111576422127520800521627438260085086914043470119736726923151591027310188173002174234868643455071056439049069871208740104224060038983196545062222038848415727598013434819410682453038260068286120026686695629013650933563310073482115454024599030571538442841038157210369380268102398599546985959907e-41
5.22221477320287644751420524176624051801383223412057662028652609103676544786930231117506588130693768898277771861838510060544297758881030980093591327199954309186504237914229018915702986547945520661032236118003800060328230382554416631153069732189366360627492101224762522600078154306891150572754872644900182476043e-42
