19 1
6.52979735340618803606639875383580425531862335215836846012979540504784357500690012395786845266286271256794949791424992902324009171436207133571663917507196959271447029201263011383826343144684212590950367087789664866864870518926878487301806545564853965050467789648557410392816092839842402696950933177219793869035e-38
-9.88756109817380350935511102703113655023374783214427076019033465715173865565167934790359759167565398404275503074462975076287174074687863459690542769395015631993023872618615451796220594815421072220740994493591228972175644559368130980162753299570683180339185673151142981245057146910686378488721011091231647038529e-38
6.04515566290301530154450891942732856234791293219717912631756100658742827696894758285792568010434155717741284756473958330173893945023436521695345174726584289984104133494461807581826162193193608921707906276551656727295728420267979516667910897960446722687137772285708035620887233309432454111957978548047442770347e-38
-5.16434476212204212686514013350591545660616033737078672732758386509631247501750848083598908304155788858934010441375546100227342904067118924361570195085669367458709506683870962145801761386559045982118287697841436338697425362497899466102599138889274422839060436077159272951322801319980471536164016110440638851873e-38
4.95693642404663986102061705896800695985283247352651629894195581182373744534183816631550464359816736323908155324786415974912827481386520847454397829634737000104904591719190794967308104945813025485310049155644401566865374797503691156892034212162714585489009699246981285583967462704608334534884720359290148868036e-38
-5.11535457934854551703942259820690335103059838302475030035548173336583964828650053974261954562970137673870804034311110780608620806005094531865541676611119125472590044611432260505983256072073180270699099414187590445434352309292290457045047052950901157287173932714009292388822785771072079766128924615372515542985e-38
5.56843288402693864630355234656786891190963153055338225115059732593890297876086697949178761911396365280278467296802687121693704849642893905429202821246931193614033262057935087018838218641178489502429378486667229151788322449074537741852898816084782839179664018913863290148952862074501127886565219190551225370343e-38
-6.3180746122059507271897861990462091943859333248174243504176230832993333836591277439595392127271838242970577619123682985909630607498670272926295066698414233146996568327681159859989122150493933410497032658199504459663680121507272069417837427917941296968823942447732749526171230300947892316660257291278054146226e-38
7.39919272330623854745758047251652013128143389125772772144741567475457408297337680654903238757707236487360192416632097773984290118564108181377258492575648596201692184375676786721784601295145198350979819399985673665395460375634013400293734183368112795901339229001898455909749861473070585343375812226454120060331e-38
-8.85888610681484593032400761279857543252779964200602069785822021789612502796727454963018910471424046523764614649296446224951334421314927446071851859736582975422078399338708751988072528752234912437897043506484622192969304850865711932645145555109880103231958865044526872849018474874180012438165886667344873166794e-38
1.07302473702786394675519656555286321759165971616244128205768619724883523689990529586285812853937704893618605931427940349639914959872537159616346850006690903632067680849798533596248368363820457978493683806295615528406221582981541734058720507712194441513108278271426935037060375555127143369064880258312255831908e-37
-1.29862782808969442128168127406943844236711233550301986713367579889827367914777148990596386282437354924722918799332831784928260468996898640632327751993762451349014853973831464148437343359342320465033811038215539025289363207013596151603267369494369820813654351536700899257569962301913897410041352397239088805726e-37
1.5462617869084742768842821489379844002560799151061768209951154940877276380361797386430074695868934174902545779786318124382868772205072468101068021931923521327886264883049834122495898612732548852323807695827707071783699416430989287203010235369498169999711246355645428232653577377962169959545531283179841902117e-37
-1.77515321208413835768415807090996252132807976235429552067394830947796171977966063915313461654915440166356435335898566402040102688098563960891690773687581569536755248436378433875885670592898190821824438970311960153221889068774790689223667992962897747499197665483511016223400337074423447304246811274181805566787e-37
1.91132327979447457975569933039754594734642968716755803042565658868352616477426621627342357234291410280311511374922095036732677830725232582973685971420385724399855392579056380293123986241874564073478131481099389568222663336916411282339899886632157484387491251539575788378890707088098680548541155246902116139182e-37
-1.85394454959277528783835467842154118033973735903535038509902233146299375127015725003722254000263170962689890145493599011735832427345453617475211632449864457154073924583425158183593173082649627526310879245559456098172488886798197134465019936007496763064261631398464793122002273204395854010233429633456120220435e-37
1.51968521442839691426092039854020832344000565775990981347623630345046230316601360512298221235693443652048213657123457973913499328059553914385345206809814711854674916833254686974614277416849328455901489608238733734609799761978479401338224522833566484339893039302009885019305795555482586634879779507557164810542e-37
-9.3630043391530877130195128036274759695247997920959755927212769547881371010504572267670131380063502340961061408826116247552710834877860980327667212309063151947653635916743754884810315472187224911275754162580005114163371488629957972140983763162383344517653885324466091716835798061107695901702880778346046273486e-38
3.25390804830493217967328163415485144666660054999097839404039068797050086055666995407188607943823731073773991220009308513665207514625720176015182908042040079358768431846764633607294516128226352016057388975658981746137004576265103379245605434237314873811044598316257991259863191330364771878254030997273342133846e-38
