19 1
1.0479710706524510063043201395805237321645442436151973398427496940676401965208769420370513542649060279518788272788768557592566758871210019302669646858250385610644952237083166435731892429593582769406976389027614302961490314474913306672738499568891338905523244614443010762475867761598858699323910986227521598126e-41
-1.58686057195114338487325548098961992389473385302387267605940804283780757617757107679668452125459148252870605896086133888833694590052430473189368169622781115501382235486801628586216059594807961243296548668636751967963689512643447697581344802681387346252454860991299766606575329792196470577474811609382884464199e-41
9.70190621470061481031615204944338979170348662192443484465891677825607880307970021185315717195360756349760683127175268872621457651850252660943623994170174456764627733110985599473288776404464983547970100137510073218543074440738063324494292399883668076109707563798420246895416905727606734777717210807453461317226e-42
-8.28828737436077627394811153620915909956553802702410285361856168538015220485839827814593629365614172297306934670379719345963510902673134033607688511157161592508222206725556419236844812408336687554755910916522582313903949376127126602822317840845924501653958837501387959641561724720263070549018209258841141606166e-42
7.95541623712143163742692479737783256007558649332284396576912413227976505084037746607046575967722875887844309412290632184648175472456219337788047107371068634430356605576615297741348719067785606157254748074223051647616879341099899026681216088889334476761199015711326839879987988697536361111686811166552892955876e-42
-8.20966209347630196146583532082531106987470652358189870342916036416152814126532297535622672278947957582135914867040937381097945911863245376199544736889436805783068910012361869717655833466914259552782876574668143681089723413617137117787174436750975497749557282355914620120604540504720438451121365324825000886526e-42
8.93680958667936258557023701899232482166254322237027354452912719985769987676884118560876012710862021796511059729349901892014028480865018331818495155768037784783413458833810353819276625200987552820211113249878622360352104935559919301579732310339756593194126058036231682196382365009960564023706307328851438816246e-42
-1.01399131907164596642214717244377793183866776104975087131657513251901929808599876138790703284636416701150433001600285475959978987174444375151970552119694938051560075840882032709600267498002686191798005696222675209087568664270413922160744740939923068116687392814172377026147295732709091421586312007160982293474e-41
1.18750047728398282829388973310667231880962040261355526172707254535442299561370908606377396507823002386391699713522221755818342904455819835124539659135315592645256047871579124766063510718773363690808354478639016780642432671323441037233549675630259010433561871313153527791031303626483424800721867783887801033565e-41
-1.42176734147771640030282841147185186868273263097765972587849380088892454849737563563069711080301581780342629000484794244085820965040589533479147927694303091766777293325434487581041852588485825150501888166799652095375276569416411615554884371681805532688191604122872763141099741963184250090483465365530405611994e-41
1.72210293811042193596755558890129089793332994763989024794132582881701848856449134908749182621127666823196492728862919350000880413096568063359693048612991435072824486771432117087062105866203705925008837692943203606954537506881974537495055572011285763020610010677652552197690166475173962688395320758911977043738e-41
-2.08417427857631072567113485093016837475305078418560121978858841105732370135708131979144816458789716718705898487971386697114370168910323801765531301095026493599011990422373547047050025755563828571837989392501420519498714934649689268834261502935666845878811449015643687697447842391097257433650443393369580838729e-41
2.48160296061937351624382352413862872878691838016156845411042230219734187850544170489965167069950481196368136362208848329707283143311416828639566977681972255780602390383939689336015035558190479339079921064414507972583005305210997051563819910387808219152417974739780328427675341809595624563522344992166054203873e-41
-2.84895154004724309554332235343231147292165020056090806479096642892595183212025732891592871373964322532579780539474165668800930789548108223997048011640896694250791306575777032962108205175284858087910985034490496278834756871969743455691245746741156268542795902802486518650969464146359465875913251898929418168471e-41
3.06749107944094979731979744193344187179743141654376824406471695132295614270845967835506692775741484190095187621373805887261152291063309528688728887318207811878871565061914898967399329000060192985012656504752692156050873651558848185651499238027740308994568798974702544298948704032475221469035205655994489376406e-41
-2.97540325882874571350601894219477631284800414913235160545257278885846100259079516003307606083824510230090996735788716321449926676092976459363190333511170720036439527437022583872521430820129470487515149054539248188066440417137760644957004746691444503133966842292703881588415164122872421816915404725974916175784e-41
2.43894868117828458502751462691295754760483958678889638199086913992861245359320434261310743623549557627295180451251524552614380347897455560122295250759472628112859288864704630488222639904634126514342621294255576994640193575590484508862023517750552552317643966891985429566580195380917602433212215090085557842525e-41
-1.50267193267357067919863833187036064564180387048536686071058912017072686810625463907799228893337472073242183432752553899482877769713346224407703984808840012139806068107072385816766131676374509534843584034760445269386339858043453184054005593683952515051057081233756049151039596453290321198671234185428182786981e-41
5.22220777811284810405470689103343401998034444336541628301428113062402827902133702774670104476644468289140575634751210426034979518613984339058965332549167310694390417937773710243847987943825777970108552297977982515172349102422537675764661489350379668952605498883716805271508426840256580259389608825029943491596e-42
