19 1
1.04797199068272202404657834956317684828246168809981909125807300525422639200913886224699996497106678275874488218026477637899083773612209689414239567732852946885833240515900718099702965912742043000547372333078891454767618208859699059717837207986346131367719894908224205001412798539308310136967458020233129697267e-41
-1.58686196517563613426616505773838701269527734428425195712201146045061246047446074313737324504141579105774494954502134480864865984916429235125041881179203667982609323143431457328866307197347632998551642764157818083979171259711045654153475434393228701148475837365507906291701464946017703538495104517223535532934e-41
9.70191473562900037269030190077437718993185243984804570563349288420545822655978985572657209468828130454640211099361740139925686884672420763387439151811674691147675393258533365400703865128059758308349530962378286892749629440545132139832285484597867166016700863475244156044177789723925185354079864078780453942072e-42
-8.28829465819477136209868001542742305887025975585139915574462919429808669451849410270841523884034359395232135495661075764420273775882626039280567827851635589718152124191501562129431398933889480434754985374326443693819146930738095833705471348980387985576821994326647836200777464221389334547475086605639049671308e-42
7.95542323459407166845468178633298100127967370435632966973066741836277124380522452991102479543129233728427038365200802878875963584810046562920042256981493751267164095005099002670131369746239644652660927987866448910799021857351684155419284919350203683077445108621342229727985815005166224041634961916289377089162e-42
-8.20966932290540945907318416377960211081077137216553207789798584049182577656977589145939904320672770214315303108732320757387511223144986909993934434041537619387877942082091072438927209048265326700255988418326559973832499515471194888117929125010303426305911311341213763379295400628669009708441055503956149037239e-42
8.93681746762980742348823160109655370772032451519985582038226202563076577651149129443919784852044106220074159786515479680614600560257615885572126398297267375941091931060082632030355658026216097065473907321952917881086297664454076945495073846863223770964307922103424712180751013023244932583736717977703166947169e-42
-1.0139922147749005752989898593887076239735390967087838564967046228530420645006331391812865356970160994040093260183593806389287149809571248583282320778507014600369023274284947615728844169515704776347795143807846449833051095511699394332646803103661662698955225208581965694838975829159249971796373386473794656726e-41
1.18750152830982277609370277347321484028704958504301749268927135897202339782968336709021739232858696137906932953895584879496063389152516833172423117100245629406104310890563693644707643012311546079989926319283086582910509354487588775896377047782478733154376423761352218753941967510842192654574803968255700322364e-41
-1.42176860264588632690719956608475204959921478161242823930415785139616902267357292627958305378723188953492742141177576480200163776346433001055292826319991018881062251673585419893585667026164713957574182777435178178717455064542985117130544094297112647538649104169243438738101378061488233636555136490410938357415e-41
1.7221044694900068439812134298706943222304510009859165909695626332646727700339683026526563373059420988227014661697236372054292742995578325527356505787963742583539707984714202039014344918209590413737336785078583796837838618938277866983292366381612241106827047304674243791606069865997626835804238195116574449496e-41
-2.0841761370251562142108716977551023295845944676569118440245089546868605137414479054023537211586135739037129861542430934493699111117416284961097938439462100001185637473187586585080728373508464875033356478935893430870742955558276241210443434792513550480684710980979457715911282739258127022201083180438976912322e-41
2.48160518011517665127228327863028735848110646124932197489243858023382939914996512023937657014562071086446020769801621696206366265943606607060893279153835527369689787658363201034689660900007519490418016194832618954501989525303633377998322622921785282176119516693009922246345094670244983612108467042450288035486e-41
-2.84895409641973248388957123481991070873815763834296365642216497228996564231846297244288540637271300668208024885225480886499903928325231910916619502853034031467335410798828838476200602562101254274694112450355741137785330422187074307361508500182206018656253784537454773856110364943176413937769732078794402068405e-41
3.06749384160785535539853655392863032789236059684482920995720893227902227578121384249194151124411016159637427348071861819314223786682427518209802068320611819539461996145125040130093028996549191022250229123973420788630407598656436485556772483210633297100663770500524549675147024962391510715264430451447682160729e-41
-2.97540594819093071055996281018690806282838191191708177102828035507771902439489195167044418728153304782243039580282937307329578058919517485658159382991576561647257286579596617319144174851249787203647015806172996635717130520469669956438360508105435035084586485412959361737083631208162164823416645690214990237713e-41
2.43895089453307915198225697192511602949137399318420484663931868133472680578476123116692490979797616977035196039219362151621054810899887868297842371831100450802224920118274507304180692989122335427610822028744032234578643350922327947821469359381137728764082254412291132904476934818278598383362523088480873425753e-41
-1.50267330218040301821367584379219576390749284025914089097153921966530269198168271719383034511665152785444285053610585673105598439528742372943827675658636659586602133923641724050193411821399118824868083159235398654647939186780015195635708560218962970466095171472124654969068978762949204401563611421082850138634e-41
5.22221255902962027585942981867020331790032978943547748543011539092740336522398361712732060748528506168828389485545481212781672423172812421314981188758283302677570994010776490437959912139613059261962729953954655889963699712663612925507073669000297803067355208941990037616735534433082025467659983927720477736595e-42
