19 1
6.52981642496690459518798307565381208936355933586132659187158748392757924728352337961011081760156335766572527298658391399354725277726834062738270554360510548501140246998127699287627484482177312131269458727042606248731501331413136157137274463494155963523666438952547537158093379288458062146578608634541478184606e-38
-9.88758998254074764796507429589969409388420414056448731308161064279736246744533759467057268646409990328777576576492610040662482577312683056460368087568545755165894952808079021981834658795981404302911456716457827932315176877719576956029602135518944225826848552163298057965389283720909948049476798179584450164725e-38
6.04517334023060928111482460317056785945700292507872330116803383787507847393581276140887122491247195718175300280429897273275128816073279507604410292319475519578982339378277923770945431311872830840903914040942275623115677414719777728217935004777908369194496025617865756321323589647995073808700691191120121581058e-38
-5.16435989101178640951718791222990567818795577102289988313999991292474728762997093793769912119371651378048024282511408471256627158947430822188147691959080358675874238452559775132728844719219439983004855571259736927225537638829709534972228148163837841631244054218020990699737238469837026783253399839562730053375e-38
4.95695098310458435683537565693464671424654782468735137464817810984735311952108003384526430767988416385853196969190087345810459310603191283617931874197190428298117435138896361966182702077211035281695055919907143305031533855539104581835613015282759425437946663113527194367770293218700014622306205844608391097711e-38
-5.11536965466588568093750195424371861852138056674041635360688249628427045805439859154705111973733556752765071547672073347129963449098806606692413457706445953107312472184779516852070611124774588537560749547936012560619307229559857781731516013397348671072678390065420025219456256957904952306406331987050188695303e-38
5.56844936313584964541302290473663451557851455213718512069372524253292610808987029202374151664249093529638073408517608470009351533784109796707114568712050163965680016055166217939180083382253172350574848574543695496662736956742224097553524395998763609729113428831344811772512300321799614018050442166786887122815e-38
-6.3180934023658428803420190029347400539470644102895462518872913004571256476010092144935866479868262953669792111883820273379669476163629937127063529978160913452986987475328797958193492288263453673156624570175685611751774175961922048522779650056234801449064317739570121455087483265265832800782720273216730969441e-38
7.39921485451097347046195044167172479592885410563025818591641580293781748998644496539843249999986908962737775326692260680971495296561226084583412919536629252426287015544717957110373316494292766267277251672636488138367718929428639045556447921752806471106877609821272097392313233184119279544459999494880747033493e-38
-8.85891277534964080326026512879567770000579657620430699147538072547442376662011625415759025690504064736687637492622091298233106814676082804686979012296875179786591586543454426148698392755414198498135779485217439067209076656119103180787841628851652069603930574594232089970034296364796491290595010190088417657122e-38
1.07302799050005435524073002827102630796944370600010348069360215690373452090094548618786760405330096574898876354720024772933893935685521684782184726046506021381508208747508474268733714712037929589839208882229848850741638656115472003031261086482977939041747308558020595453165300671181249737908826862005128211864e-37
-1.29863179680982371135560265978360532107547512067709121971087403736292714352346012516182325766456635394439463030692776257833165989515828408519630376516365427536041619020252777082609200241237571391014593906929147567228369233913003725928196684887062186588972447324108061233223609246954039876892888044128123346234e-37
1.54626655320200848689705876745893961551797293689945507032605374200507981971409806611062233359694259542940739988598478023928404287868815082121183962504722052273463223531282356490844701677627061877041115150762839077559745232681887347891171033881539943488385357099234387961757056580741888939593996827650392934931e-37
-1.77515873490799318567177134787912784431738312757818776725695121424823168227354232045955121231608144122657522971178221797143720260642323808451134952353939491323954611543920990764754197275120764508064113141984680238944119346965444308998280837693329540754256304300233727948470982538298409979147760610240317514447e-37
1.91132928564104584083294173472428423174107025063130892895082950905415980876579386626086568342348224245822333499331478355907814846632470699063071462503703921609912216684056158718091777795181181477248565783278534301449073482093427022939636000611733761666644706029253042735856543260823560819951246626405230057504e-37
-1.85395043707837851271723934265034046734921548495585069336449828288683591090054648637688800096335756044258801278365241510265199203565184278672520029807885706717732231277729324668054728736890523000984751216876232922614921005433202356861313741668457617923431437195808439431821549186935709854869002943491924166437e-37
1.51969009475511227569329658152936500131346430098869908582110040852160464721692265899949456887841732886396725204918477024716347902225376705365029914133658229170220605172485812755254740113463452178735969993360213816536233980838246092310670857377393618156251657204884163316652674739325237257168570266178608762114e-37
-9.36303476426955720623662489152214964409879881959979828819419309118289994795904442938995053015287986226082075547547650107564554477688260340154313852221844005187260051255374816372520587944651377827246324530081219237692355446349928462706993218796315098849087663171632645338953241129884799370520047579029641089828e-38
3.25391875348486656531662020865937734144718232310271263414842630495411383661861254991112063108606694035019850733649783473876266784054746989905336493868257605116519858416719314265730024364739131411498780628146688834277460490318110800536374255984383988621820196385872966138368435607491468653927011823886573647924e-38
