19 1
6.52981149379889361119442610776196509170929677312265764968000590744401894154664600137470790360440656641348191808756731570452570208006740168528686053873560324605380612070138410064357574702182658711398122291965583358073412674589006896791584190144478658919137529976707201793039983506089952872308502845056535843694e-38
-9.88758251416034674778647907359823305031528835822834943252652820217785789031934162789449637307741677172108019304072099972193381625122727068735765044561678522980273062238961990844234006381453811720925441070743933381253028513008051096673053694777446473094959610205820879509730977384062761561460550396110857982241e-38
6.04516876955659688899501024267846931814627316028289854964903623788463052071991111421791189203139028037169341844456400267239351087885240614520728907890998336851045496236681773674848825433767662702371909600793655896844273088120504512245682631137328990081942956300027046655297309389019828454751987699234692397884e-38
-5.16435597926437238261603766789180717010246907254675108011165056123928367716503212444705651372045176358949040343311349492289071618842714916540931529726965342089695925881324095075032276474164701436786613600461591907179913724088197515661873719408587772961755657991819095803107477192030911859019382468579287772951e-38
4.95694721869234162806098747015185617987565668091210711394255619893282201234104876562502933960098805011675713465982136768297363713800491709118021390940247155761239507874920401303475132678480571932012176792068479229301194467250423866341934933761683078744804467291976121665523105660912510296335576484131295553575e-38
-5.11536575676700090400629018929993347960307037202649635458461249283297392555169205417336544866787199238122351648377672388723367881248284341037518372732019981757362550887509845046836682797744179487440715871766316204252529087008871444530809933271691875940932515290624355427101616223676507393218679647925558267921e-38
5.56844510226785790024555643185408716922019297607999088266179287713792613119193162471105068149882357055365565831846487418223853677227486692831221931889876738048937622304648604326394590890114011533965734882525685591128832239985628958626873518338976872030369675233267450654299198303370294163080269019169698354888e-38
-6.31808854394506853283707395073542423582195560708872428591913632483881076724446928542080160733991600055780901855857728003144856480179607825538418724338162776479342492839910577135159261419960981564898633490932106341116946731957700899828345656600408889684703620791130322034062510463982178795008893357952036084741e-38
7.39920913221860990815101617668700615692325461787426155754732422008054975073109812368073788726890809251137590272435767852897186021845288629840509506743412012433852617990843419443719382136803670177307608840417352833506412057835489081152449434943487652439372160652731280213524669468565424384137637517779535558329e-38
-8.85890587986933194986894475974895292587395555920699949224103846097726647658587753687031274228127164849028073763175551910511776851238806001424440094480456758561028864735566782281301755246161863623036674842863505774130882496050496620263552465863488675049056605783890195855075995664588732545499429752334417607199e-38
1.07302714927366884991869078549797286488953204519814783867393346371818214306787022311002847523202178361550193642676206842552176560930556228557908582685564053758588972733936494349623630156304001525307909967859894982213677570063739924240031491761385413773041922496948551472988738229620907854070749102970794814114e-37
-1.29863077064595270820510812947766449221111705692503020064890707416953784701822736639257955442536922039670217591724750234579264449393637561599169247677599174532722316276154307382438614400956337125294770596370373998810224279620229451572440565474789846540711354723347811926749279565497946890756672400377458589452e-37
1.54626532081382133802952667900151746112085993566468818833222173780823699913672955561046695435353407492739036260941894909709737154471117542366388012327545049735904386808020988299863754914506851378639430649921720087807668445591318714998068643431894214044160240855299124870645368207768419675795744711843920878668e-37
-1.77515730690714883685924573288088115685494079946949315505666919968843952029770969512084331110910718969205371353789386371304778450328074339060805829753503622317081788885782704080563240090626055245502479522463832842382710282516085334090026765470752061465862826385686107272093296959849494354172706317880665635627e-37
1.911327732746128168749109328497459938454236425843482429258103978816129723752292586464009517904137932399607777992600880332977141020340337250894465244360932101150721888289963281175042809353091690979716175634352123698806406056386724962849434713613752890298671604816979394203461451050812393667129779671473093094e-37
-1.85394891478524947356086825589390623427527098920115959422164586140196721410913321338119262100891435580664558215212415239750721204442456003222749437073104550119333880437758113362428895293806400209938223336689611623088332752665552511394315108581190874427305674314731480794185352859711355174299111970034512402759e-37
1.51968883287542903002646603797811149909089024123419599597885344003923218754397801727223426236539895214200031126881455133615060483570279148314447841189161257398121535149819148915998497356130238692195448892557918766818467200160313820109310478114365032972090905813479034408005349104391362658983017706585405510615e-37
-9.36302689740000471027338227137777793421034572624521572693030148932108218585201458711578673479106357460276536139837374431522938490172733761617442755191834208124696681455248395342237761647040645359783793771524438845741323587936214688606660849196708720007281569266361284175819688093442926759673442154807483386583e-38
3.25391598549597399895389939061576059812175564285529381999499311031190966888183284636942655812802522480554518026816405796369898392705973158371756742532038023856421253967334868098434972652085765163390015728361134617866146171598343799707111212465961448503340058004337116276118060977850211597143520383302421922689e-38
