19 1
6.52981288545543480902026255504040539969990020332432665104566444788971948958475666325727869998957258544500829416070579878660504171651493870648799357812044021001486691267047215652679248847189182992835827085190757105062015477387785825718737426073929194015660908784735402775462563915040010524669130546430432927032e-38
-9.88758462185984945661278943712249565991968690935169249607483679270750519039055855776840546849940435525133803264736422369350534301906630667753254933264401368842825449674371482279331713905718429633516019819792248164179634299442986897598072369833914392050674326690611010230766059142736373634653443849501503991313e-38
6.04517005947576142470860108436361160895279555216579652437252562372410406534846503788106630010161402371501248160935739560004813282672746043777180647564596465508885080577101780197320425252893782153689083304808750427928590388306342679868955243320821041403246513111687904407629752318805590754654524588448125542839e-38
-5.16435708322357550460576661197506333730845875784298599648212954451379713556387533405094892948394925092131298832968880987009169642313222812217943440327454783946612986854874333832926476098368293789342297277408889261337289382214841863013656154984958127446065346286766858575919371045732217725428025548174245322414e-38
4.95694828107105013262677643699666048751375799687246379710483986045590140469691115988720740258204927420450929654749163739375096727939143608122917212132150829175388341811548649942785852226865887033424827404970131004364086775674235650622182798613229947452334676631945248262331868958068162276153528947533410805453e-38
-5.11536685681769449673713126815029055257733336271191478136712640281183347456649259702898827614402726193167801182501351155383630039163611342411462327042142543189215355438629803079057367473384657189786436804144015999878336154064100425074596233095987596506369131105340779765490416144798309582627306490668469117239e-38
5.5684463047541859715726447868728533110733861110966008831278039066264542877239189350316048719184533978138221802951984711251883227605885419290480097907733693962315305933392206036025576946977486048005914861056107959567002245127905545917838365939878342127993370971767710256897906310079279804323054967280324794404e-38
-6.31808991507028983764392747257886880216284525756593324211810275957417898650387870043119678824811647375552371970545075561084453176251430459395269075392843203336003962926189509675932322230435809012603876067058319220928411050310441890143219726762541460395944358842684786261179903886822384892762109014262366785584e-38
7.3992107471421051860754507112676647724144267416742680314015299319560053565670962740128573002617626306608380203828055072105943755368365458627013702398061257598001346643051141543467969695816831912853421587636788581908716528867162538456822982684393124624493561086871972160568654699014206796792534310488613182243e-38
-8.85890782588502297095233944244370441996514334371683843387522823062763757158577475333549193835263620695248624265798495057645042344113331669843887192477072289670578946669255841211618665300166271728516351037482701668232010958098643524566418647838854407417009380187475052040384116894161747686640210990658398271165e-38
1.07302738668125710734227729104953732188371093840906686769972500505989380752701630639926838213943523103525717615201364418506813285165591587781713730846517250831988297109358480034868224052159580198593126557693763858766491062335949317329878140575886969851124047331955008841229763552613168488414123873632147934161e-37
-1.29863106024579127035614459812348774372971427432463858305684965533131250908032860303778473030287496067750923881032593501356967900883434290051356015443755336578072017280196993697695981662573444412016303472200181952508574333186168730297325012817883565120740315294259889561305168257650665648787822932762067869098e-37
1.54626566861335738467814126818228254816623508321964381844472947428896895723514989243058946206298490493850743064483674105209414786870527777858742888924619350601091601683851922770718955440402438016687897929440819068028127644309639458180169528867561316308609255227816784217928377531869594058280377845779096951336e-37
-1.77515770991156312202836892100835408621295547572274893007691167924621870755385930093386151666793108105771724180731641740479804846021360490856774314444533294440732706318276982864925793518612720769507851669367321906152841016920854657902584205178924129446639644965653102840416236677220138006216509681757190221162e-37
1.91132817099748243750392553869440751812866612597174570464478075258952279316742986180303442928843774820519193081846446569414746941008944536196624213108579872872826152093029155992427472289848233801519392024611975492966753904360688028040291379303561091569931727168011564433830995579974604627369506105963883858869e-37
-1.8539493444001512066450962246999017968885383944288690249733827057920503127962043709603871396170492368699263786995577332393701774998722222866364847823962504732790411106332806880554406856163673163411238627821999353991460006538848453986005187643633611615176126033050395768479187228100358360542689881273314372588e-37
1.51968918899746078276027697546596273187435365277732156416180952496208889577137266508213316676337676168441661123675384746630700803695956421376824276936310007408508462274887308967956619092024217048743506429708449333523207350556676152489574921327447928920581654607334844996931474808049443525464720536841316892391e-37
-9.36302911755186274900984349190071795805823161187866353628835429590529221043215840334717306928208626902162805480156103467600627918430931763462315213877828513025909591135651786764906780448381870861733113901089190075369541193560560605218221624175415837315772523622833691990046961670796300982074437563400080266363e-38
3.25391676666480670501285263926383928593358100353997333982937296783483375880752270002437258172506178409238687049672909330255320172129492707050800100449503484708098060663609138558579143119387397507794538125862664606120848715356107395132905330478815042127226563495907961718770200093799717740383872948619203416048e-38
