19 1
6.52979036185702891605366177721959181811416176682415798376955776312725478670202781144746034991547482229427423277752600691127054808513844863954462533955990820846294268075223140044152759149780255653574239234762068293692117497784431386033905872778722819336052532877162772643035536901895701223626305683318799524836e-38
-9.8875505092941620775654750447096842523964278000866621045856742827878318012108924589806319781381101814862523662248466161887570511123798872219408327138304027502732893006956600679939110903663805716838007054513230311692722202911940590298742902441425797362701016763637653567081516042097545774800346723290359108373e-38
6.04514918247550892912118988582768916022445717507720530523012414300655635047335067167949390091145139889460568025370785770663170538533162922096573508736799795520427211867377213045112362960361297158105474742531499193074673717434771704195083063291797970235238472828885162740404379224485424267818085292818364363593e-38
-5.16433921594276952443338216195327116339917652590054196979120845887825937144108732864308746535632740237932332178100118610279801370613458875919795031003792712242545644506497304102458067522548046837394487068024763771910534833745828714165691691277146704804795032211834638286324871916959439659691088600150649195816e-38
4.95693108676855443714675579127210055108411496406316660691073831505435522785897436003978542841289556425590952742488418447903019132765953602281933524802150892918387410631960943823852255534583747471047430386378620643533589969733202579417155371833688109968158929349370615190295016689139619411352962456811759620692e-38
-5.11534905281711782576759694697484039400170022463394171384910475000502517810927384360200092924489448851368368933075862961592926911784481974880632084523539286043423167163895454321633886196818778242782184478295572368140624811168791051737554775145030254806424836552709680992803771575968729715675948120784150391422e-38
5.56842684287936847012862376894186860256923051650313790115313403589483336822762063782117312142624631265991467224896125680483370972963581228761358865987141795744432903103505900185376642217233093434845924442698572575353326068546588244847809610150131706568887510911940463472760936830591415166367569903817254195292e-38
-6.31806772384885883269997067698102766518460582336260883465542008940492937049053678721166453673638600388488346130579152052064123261200237037679142724671646336747191364368886346152690155929967892776188447113895726786630334697937730160812618906422998627735758497989434643703916398404388506304871736083650590055187e-38
7.399184610154303587670048473893385852573210493562657409306383587095130862915535775209696280848905990217590292423446269771981697246321861672125916773771627941723506142281505299243470974987455233086857807997714956748990505964796498550132618973510406808840553791618651312191310927851887602299201559172974269572e-38
-8.8588763303237907285331827341552584736945996822926653028813582183142601341519614025931106551007455473396896147425258785949010459434296938542981704257933043848316421420547705620173026996974152345034282894617361283920641771616189338542557296559449969649777209174769456689874673952866797564653797859006377133184e-38
1.07302354433073391234228201041290301842033528003868727350795777383609052629608624082472259508093197301418066759597838108544482104379234717161685753888342820009441010107033348695813133942878995326339857309541212526035571397959951302131189981547101268389521733307397581184016197078008281492876313746029696417381e-37
-1.29862637319117626485944369930018202740685569875186438959594075690502995902140017715864132057757991943219763054805374357841541196353647961755082983461568142622438614079158873471905673909254928455471124753780383138916003361386079965905911191763899066225321177588888474307500041961603408637230066252077236505088e-37
1.54626003963011902839705025831271487433707022812408325000228779850455169400854795126865815704454156590360593264794990222017839145083958233051492393969291439321351750064225218637727371914736491430680761052900743594971669498194768053084450895140291597405169031157401901802450160724787515792411323281291075840599e-37
-1.7751511874734550944719407062002175700611658083525187293731565656707988633152725413268452766504063811635471191359121891488626648145473691477268056840890908205533886743810372756850756818680293065738710019249738410629043009564112460871295820464105180136800685217794255161599483226428158999641355836236934314727e-37
1.91132107811788236831279914493375869143402675816628878665924349261215770132079724132424721730917803330440961189411846651190470650864058086955049116253329395791008521633776007600745529177429639129326938420884417906375285008955378328658642159307236428129675508995523589103127607465792409458856329215397732340148e-37
-1.85394239131144873845987183937415414469594467477286002096456819451056182759897459608089196395410576445503832111530616359033855910731328082324432670008137485098864932903966010941466745408655126135475346845396173183681870406949395900119662697147734630864318934407160405934418739610854107569538754909370556920059e-37
1.51968342536412485163730164458387536198430548657037863898046025170788325525877971263507141712416886613074566788509685271596563938313609211108444468593233913292628643342571298035324722814064819051469164553399549497086080871197598038064567154449187372414755346348543580456093330110574574334198463866963789094035e-37
-9.36299318573203164228625513745962019825453561927155495471898424454720972459975726281949685456784732544073657286917347775983467160177689467402649326193276635825215322048563140619992171903818226171049683562799001671831478908946989739464543131452544897183387284892887331875090484747443928871111697889945002834755e-38
3.25390412394730563327074011433314407997238213251608188867945486343192985084209783533865078760034582882876600007911290850397635558719740497152292874015051021105189730942768049235536661534575639593746577756673313368643669862549473452376010859363678354191951495301966161796746499742329270311330094155562215719316e-38
