19 1
6.52981714340074958763001045112599223829761338567808144223174820665066140666213103719503160216771338167069580397690341823487961993840725018994908468298230885147503227958213856032098460612848351828052603897626267498688046239615615925734873965568729297877073432293422450761146173702953865457711519953836912690138e-38
-9.88759107062724056133654890252199240501700581416090787061764963633076800151430349486539749671322955120742627358168658894710992589342967371269552083076948780182806893399781661611762806114408445335475872503302329239902001448041135729016085194408498775787749208240140905798050197473246701652673094939906223264881e-38
6.04517400614325245541771599229997765416166464792885259429645852555311730997022379323917457020771600950695702032245091304028201729406751168879755970299950032472725265801899165095185736787091476189979043747299215495722151340115214806959458101323129512332277022766863874505525679466984563499064777491985984057251e-38
-5.16436046092386347044588547548593715527614327934851547351077122251415746065901458581376363053992136814152345051317304683771705794871777927729492519452125388392475504298563770924108336183317677570484475914990412107855809254788497775177069447596346467623982251239876283207303401483297499556394494641429573572545e-38
4.95695153155111762163372782335726294987554671251957611189396715014134716177530954414786310477550100155284157101652912112099906541318290254262777074461637915026314864698095318134834030379400481675668292170074528463038878429953426679534666257600893779629272058326334560365075064630581874221633130407851629115021e-38
-5.11537022256052410568613435411824734231510382412275704460094866341663131689858537659726592795913588693561427942590106056364348867088843813345439979825962697918564325973450105361791938158778113561109548186029108013395246765292714745601345234173917113450041499547423790160235297332412723944533786336548358651037e-38
5.56844998391250727593519486175704795630781690914677292569346956945645965855959381821463776589950520111773260382397523497911177380791926467679820249682164454694331330974265378563360576892627729409104692727221411773287751224518973013474196171116374621180084289330295473440430245291264725467956856418172960981726e-38
-6.31809411020167121042500966533527416253681607729883839527766311711164868070173060539771090707946486921021669547541588454469075361678639538738541528261560193158061878427886405913897227794793225819767741110809463742571259351683730153191639018977411190260313760868272498919241076071986178422011023488560128779847e-38
7.39921568820673580254722839932337178659351198694557254327744360063940220609462382277075795983201893538096207806753851325981597479247056036172721141841706728864838225025759801929191138767235843239223710907867718072829121421546113659478523970687200106785683782749868400410822219369863389746833931577229097556218e-38
-8.85891377997057806266377536523291401084251986731712633657010627967199081405824169454377596206221244546747766969732100583297797851884569794675978330114466373292737640040409838240284340525390657241614695343224568534093055950876864070032193988098997041032494899893270608288888920867479716565922874886699154989473e-38
1.07302811306061984178390313785161187360598312719688632889981311904838158052959580208061683412558094567631036228017947373402522893817075502357905393614138095848323693141160491197354274259867554214175949199805000391345076851426204321399018863544323045523863178150518981020876410749215272117279788930838585199285e-37
-1.29863194631449863899436712514792335853503893981474854463161944550076450678105400369882831288259859415267281992971813859568683089484312289262908570253590372726038523559332871438686992091067169888082937445734875507344008419228565410240012663880279130128534619625993833648971877833405698791141437303767127743472e-37
1.54626673275216062694076682355791840697494839439367550233234760363080616864293617714223576926383379271996642797461646148739298372986597751915619293457779629403759806993996336740040942219231666799608611762059894741374870432039124090531667571524604751241154121366797040198330794303669154857648161280877807885911e-37
-1.77515894295761294918242404355767674376736303195667233736218690455872742542436289616230392516604123107549806346011586843477807436437912772549495603535048249648671460127137024419470591484991351581126101288423706657968246994299956867527954515653903668145312510317855972629659873567993450090192813306571626838644e-37
1.9113295118869654350913422768539921592743375645198897608456606116256442644824387702217439628559468064049677940416053375584897894673255654472284131752065118474516484865689127767902061703159136772639058535667972814301877382663222072334684825701142066659877002422163877662627828398074902635874713951913889733438e-37
-1.85395065886595261504641009921172629870457130262793134581338293597979225921493044785096604422050063419631938483969882141401703887231947461680249338627183383753549348143321902592844472472256377153438341666225469866431270949857598505295338914830976995622176265180128204491307005350752917558402634473853782678291e-37
1.51969027860235449402118553814617729580932434779031855470713327858996021541078528083883936563946871913434841327065151535917881301814030758391472427555841201885837394409165644120929001763842314357518688348809262319144790985531092742930868619270339280075929536460796496623836450057801811194377966090818768034304e-37
-9.36303591041934648849942580767186763142440896289295907383556306716674047890310629519424462878174103302540594441460736820910979669479050100850493173906940431296184237043063460255177974456712158538495779678708465365452401217154646880619951149223555006625469200636472236080284669682079181096716175500359165126718e-38
3.2539191567624121180040402609015619837584592727685379044934370141161555988899836316190694664276531362808956382142727303984799364625668319810766642444592108870296404371213728902735894080787189179470928431702286667697801348731114156207188640252492763240464250404937450748575961847282305434151803718160623633693e-38
