19 1
1.04797216051890774327221586618415438050980180383482344918163389127949071107183447979499082934742123188993862299234054167897664571080783638241347485945924331518762911584754142198318179560008154405053197773688280929429518543321115313659597609881763286626528810917973996133031597730002090303215336115146993572172e-41
-1.58686222236275412571421821259389049430809785820884021713328838597024022496619702880516850696450559604066318047681387674616289637967296281734464990697493606572558118496694357888278876349023384832160156521726729612210504061969317117509976257279428144828286544063523007125835399521799016113010121123327851400634e-41
9.70191630857939947415702381018607457376948912216008364530881590317214283939520128195565323681810750676188386948865753661306039785351771375833593793336339033096119698121469826389056423889202047319897500275624492083158533305295070015282943754721200964058619067039885616100029615261081788188992756000995847142853e-42
-8.28829600277943920855562934437622925797825509303212551391865974557931471968588434848790770314234006966457460823902939722570285788622353915878055318442923076164902516235744078062580892729325141402426062586933834079393770890848907532064187191552420137482313999409270848953136420119422906990804364461921338232883e-42
7.95542452631688123243555163708910547052092413005826524727280391238872171131310110805488323908887908017334381363413316644032984813571424587068405798047467695045241918838961160633847592007651754596931436772879486678887103344477162251239520523395022714418069521793602465304967410453509577410314185661833318751767e-42
-8.20967065744704635071090428363652152962556230299253634371504212834695588767958918260519726473156271725944769896811823728510610841190042181827557556184551700840919266565095192343844377559629422490436150207662592488595981616628849698190865096314271819352064652190074068928180204450759932093498551186086743927887e-42
8.93681892244131566950552724599980339075525175817687794163214654296536213143757506812081579454291770646895619526111690901228298543845295649238568663337567786571195554378844786598876729764841131412128459042998561717244950825404035636365255669192410030438798538588561281213908745907761907313561525508993686925635e-42
-1.01399238012036683146702727049852485329734708449529868990338310264380552000072742265882159136812142051059927287246374029962006155738486993900433180708637927342032795230895481043895428544943401124549392504223848132480799918507289623274763123451420124806612902726669800810586480627155471945187905315267621488229e-41
1.18750172232760736969923504089558456310189412577504899938663304156409024219308960999455933833777140247826659129758842610876162456156270349009251545915820035102215511370397026293427009761492192639506590502361154147531344761880009376841684402827327400697683505910981391763837705788499908546162301495781956333332e-41
-1.42176883545563344690130514324409943428946457204759080224092302136201806013930704907174540763226779036947156278973309038223845292588645439149813560878096352078434232659889536582701444250318493188969031497134680740022930331960209830566503809835895249578155839224755722882302985352746450789834775927557733849149e-41
1.72210475218038205831673926404964766136453650138807243883829708873728030005252813391530443097022204472080865119082464591541083373504357524542159266293298496537258755711316086571483486654433184731288870370201356205791912792037961547823712836195819483828866150245417707250422548576302123241480969389089023112304e-41
-2.08417648009203635750070768358125790170650492947939933762509173793847108658888766206008007066312210353843347163299197982795914923350527356774323043371629409212279147689386019629726878242224435235061089305492540895704480829244471093760942752752069820946063596439472628638390249712845281752029762946159115634839e-41
2.48160558983079857123772380711249236062266385324198353408479794038906028264860312743914266590077835477925296051297647371066899099922750558979828156467736567403146805164570198832045878955118048027589640629393089942651732962569804203856716813501840557063458188233330141112780129938060505568646050485299505964782e-41
-2.84895456832230533659709143603393275679920554942838895579089249801707335826098114039524239689361051597352553108134398190115824642904043249666337848003545763732679816276737417568266842386532321969403489799814020675671772610254194633740553623520888259351621569093229792705163705496824180844594167327839616726695e-41
3.06749435149979108429084024212426688106874675459536342254679245753634327936249331176317567737380676372684261053025940377715360309235542884216382608173552488958680601389303354741343568793188895526082520744352482540331324979865788021361868317509981059362452345359966520395099522004401468991324729344356067758289e-41
-2.97540644464324186342700389164846944146636531419478633231081205397857991003720965792585679431335302394526420361030316853878950204280174144901894970065429751322196141155791878433497015959392862136324250546959317371948875879700662179136035756192800297760668597357900344357019277533135469692191142939840481215987e-41
2.43895130311514186948682380764724443409532117740647750013188999459657783269290875566492083467073391226867781573944882217208156692651157646777832039244786227134380956068338937728791588426911300589245323619155170690548495753784541636519608418437937928953961589435668146527398357128006898376205525227147429114896e-41
-1.50267355498937541333857537117935944650161256850566033893230584280019104858741987482522113276254982048812244868083960266257079919432126697981682348349217865473899055953859900550914520059460130478921319401008407541449018698670690421517181116059400497529788341006024520059917586343323606518433241478214119997182e-41
5.22221344157995447447564999433571547583738250470588070435398268437967594227767766682624597567663056380295985086404633532416217886630798437878132800879051169384768645375537417858153588947097967773133268030454572633697717251971684317897887435585669613384027312751766107444300011632091380521318548994350534430681e-42
