19 1
1.04797267484410549360255883184390932198686327222369493323259831123457254025831217304621990709709370722922691644325780629312703629325573322939372410204832247019270088593672679631859541523620841964623420603605016075813241630817067730258128993243311728405445129300748432357071695747711644580483467942949987997367e-41
-1.58686300121806590032958158214419848424585096675381240222902989690323651866704796849970471101524452336483330384257404569304775916135348751503129034814143041348839628632797831576047819348901157698588715297566052599701372780539469058802117422648337257654022286342753555367443608075209258124305996252682175646201e-41
9.70192107204028276054010861007549911409673611229116303921627747465484704644787726396378874390339100219325921917611091881476483437536267821538128983526310238036619069365615110606102574299221608370385084692230933784018188871116838536792910617420642998604957652506207512780800721037988445029153562822182761654163e-42
-8.28830007466657498361251762056040398127469234914281882529861203143953689528031009786466491071654735281379140461639371519934810296227949398559534673468803980001309755179965825059545728402948289744916985850933711889819174997397676345648959280042380334447532201964674952722403708310017130277746663019494974861883e-42
7.9554284381192746060859516325654472493323580647701968166126854329186307812392188476203288037599002945649884426065494871386022767105990719757443998095124310420643211486214625443419995111214599550725602306966471008359687731882633630023273414700621007564579274670231357668883132516589849908033031224460757398156e-42
-8.2096746989203176738227549202436129666497110328642015687896641957428116583926281369383560411072877428757139359533232412449015055118694780881132458140939843037440412455962972179006873295807377813688102328877114674235389229890654209938250930969091693176387312659996020541001793918183486199083548001347321662355e-42
8.93682332813516425178142687147216388447415620279983371996671612543778183110790236032214040950917965853465004159160332496203491543057785053195161402705230666530233836531698167713715897481960487892076501228081628302037136862539877981272225644547093868157151265494993947564694699500760188151526564832501856360783e-42
-1.01399288084606739997222752588442974571557264922986751471617914746560172392068108276890251570186779613706419111197819420205757580725327341859583738994646943246961567928050823738236388847856527977681965104170202186508735727955818727703856772845606161589410466103805395860435178536799574906983950516090249273836e-41
1.18750230988343554434970271804261919620583420187133755038062261468382339985402627079335734437347037100028787652204919041447906369847100779835102999877023272936640784909569414951303076677792176129725104548991439644524141323709057747586822222699916501171048462159940033254024962371248920859762188242419726327207e-41
-1.42176954048752552813080058295262106226961476587572401238296159266526284401536838825805212693449995560898717991713906688075553936166583457605850581522061242996431644408973496311381712264433925450119741787974793726120745296737775710172369300681357945075579978288221790316768613981675491357398796408047926082914e-41
1.72210560826882260486932546597226202785526239611801473261586021061240373004703038960806946220761585506716804577207842233311517290663284331069534392484114247998261460795413949784235393597069409549236001762653730633213070988536889873271189860339314226343495971953557807919131356821679695723804930723185908493846e-41
-2.08417751902233415246986025676699028071707048394495095123419706353098815209661115582517333332120109374042016850245096574702665881361098148426463627932007069387705026176111419255481811933457485019886349278489272517528738762907960464546310350444566563885218772033383092436027596251704842710232681180935912881803e-41
2.48160683059755891966137314216349102068996434479825982790377032275182484706443760209680994914060442674344802679111475042131673598567080064019278272123212120808140762026834637212059853187229081651601901764764907401825489206623902260838212974077713315021023568789862904723014838982981985731128506900487705460075e-41
-2.84895599741362543378053802060972653027685689621606896148181710593650837922811598343540779683955937232004997769167012977912522440709542210123839006540889653206769312063337167137894497815930407506150374715434452721571713163784757698858866206912178004240440851790580763703235245243771350090836140854840576201828e-41
3.06749589563664934898108060535944275874304999731606114659958357530030842064898036855964493434895161354260673847410128776785559626669432118661440657086878076645748136779156283878639552081458814954814398208812637953733904443185982774580583877531800111512739680921604264037775665194154132699111642789600878819751e-41
-2.97540794808010195253224141697576905651476709835050816064173562155537581230753135108934428314592139196321607127263500824180308752337727796594005780826143184528347414141387328390856366608104044978574616174876442975761956631859897896872899394810203524636878846353080131091915289728148495645265556928887082521086e-41
2.4389525404491933158701022112742213249578180719136695678276980028458464365469243592489053781023718054523270593422644059460365454309312960131364269253778801017627113432169555892180507224248683251505456318250808367571323404543773746823076724278795462337848422881784062570001272331093257122641549634984290870793e-41
-1.50267432058627076752926021040522897053226298969771357580657333945671809712944271715809699345133731340938131250612962867548322033155924400651828054520603174597187313542834353524800639656348520476873052003632321599036113074599488773896385123301237336931764876284812327646464488359710805988274014016155393299251e-41
5.22221611426126474685530000174330760117431288168543025729520899723697815715913365484979902585168315719460104411654344173122348473424708147506400054805849281450006650447708628476219594975157241484353661400898629789341329950039677644662495033929571227931122819982322238353734742739219870936818597275702183227863e-42
