19 1
6.5297951855402486924947835027722237070237961250934440064647380046178350976907348209493156806834018645963525330643403457888078883056493041964098099128676982257513923886917436106071609474703537798911262267242154845513725200845099009764304386600348932660724717841016397636244253211656132055556252852642663714994e-38
-9.88755781488547817700709305508786416622292834660060326522643195403368347425710142262759018010151705639765711876009379981570723942920955018464553714173411277511051159476437830666362828385190671285881863557657573436619321942253036306317073129111640436602595499457533154121152125138940633495089265726503114865609e-38
6.04515365352018046540663413430057420889491398960650689236944186584170867045802612905329911262497512732914798846510265659977452625715343750344045787084511045311331377480175480373719553106450183356953242039868965983302208493646020110095627246737048336972276612536509732321491105587530752869648635425392224559146e-38
-5.16434304242093068735416782228702554341853058668150517040638534137778548318298142187228468789478855503412168112163496396597225958666982235175355191687712577936026860055191083508546839208879827723957770098978047932685718640962976023128341221303783188899874240124434688857143792177112669312554349131818253388827e-38
4.95693476911921380970895535143802897352216292211662618670142217389911237522659771494258470040767950615158276928348358831001388807033710256029684061416213389122302750085508573493362565179810785696033753463196076908029328774927305561999148293111987476723207307445896063732554113659072921847321070223363593603631e-38
-5.11535286573914549506959911353615411604150417781296252216385726681874659547342314843433219508446016823915123418635447266942709924289314649206080129510368226660885594174986127372340624565751595651225021157647461856342336897357997247911753443113995976293142468046899320261795082123235284985529560998869840477576e-38
5.56843101085034770786208149747679773637951549956827804743383562702225890807721563409064954291574049783457075271465256902063401926910233654694404825922940957221647973125585875352774614109953284104090848027717585779932690879952742790006940585397476683742730241035972326003302730766225444472441284616290013852719e-38
-6.31807247633489320395284189904991446176265248929194498042996759483138098355287878972630598186166986990240924408197067059904198857589004650681591449251891652299215619783379096117446119164085812322702396618724616349567739657703805814430425756219994202467674876544409802519597565598800306243717872292206638710899e-38
7.39919020766269837697699390177047853559511822775907974378962317440435613712277740173816714320213383510981618344810549619662512411488181711515469614263976273682841789771750659394388527713720110939745660287265822880630393846589750912778003325836535324610509043879318021933654790592662562989715192200383472855089e-38
-8.85888307541913985990476877987816074610188415844089897851537963288194563026767411486780695309945539852319286716100051132311041154978967991922842040611494523052276003328308562013880778153363758123726850016392877839096081486962246432042721971496033471610837081159206387660099168351551564504715476962959726507836e-38
1.07302436720824901868018851486694032258834408914874440424856383303961541033079352510453814480456361658056742942974511387850622761768456712327960368851189521206570714415381311818890399420655358695869137953958526430608140858018959992288985409032024755321344444521088032065453075531351870144096164554998767656576e-37
-1.29862737696912826942947736940569925404342278454817246461755439181716840849957033753402828103260507686192248969278544114863463666214876945262978214350672412181388500661919447301583779501308254983163511993202166111459592135823821791516757957738899623609112642185977878476521909680938015771161137032287253716027e-37
1.5462612451294434660026773868334621445082611393985522347084338425023056158929952460935848809594278394601636446647989845588348905924685190969838968273175763001791921860956818142691967431470432536206255831400572503872160793250492939923996809785383122593825468622079692511088034353759407152151056801373530527811e-37
-1.77515258431234143479755013236822208940692941137289635852894460160024069607546334784146921025979243721508008612504372993802830287056898456880344994785016639529907433001769152386129115027262324207584142910462183565075444286458979350676428661932854620544298415486828469359192511183749621588603422133318596581095e-37
1.91132259711948128023626057559592612690536769152045732655818281805451220772923046291210440731869073546330052344934565033883604876269496132287936024728809113773149023978834487749784873325936537168527443450594701702603707575049585557140048897370561675698600950182626646520168711271423386586539254952448113408965e-37
-1.8539438803730608526900288072242593986557429937704859671647065293350011538393979440104371856324266286997105595985576495130090710315972122820143865012527169350095405508095285986771264259655662086881944083985316285725939179929483421313664956309677860892150859479024182285797031686770431245748294517388112672025e-37
1.51968465969178580450675797564016215109235635227799663583797143796669420490534951929922297512449830220509609266340910851703918098762805410166975184264705530399469974605340156178734522996122359895583729462700241040592246705838750408243392874061142780149339525672573517788923027386419706582174427712646374033341e-37
-9.36300088080099815394138707841900773893713488808062361226697833673920300370235952725040602152584019908337665177307088344906885232422412181940533343386852852544939997186090898879040680890014786568174701785987721835070193077928947577220324482295455502698548651033901121513998083852794138407432751910450006227327e-38
3.2539068314749094945165190959156702258982656843900458569286607595458511892009649572922651900657407496046839408912962602120850040422930895473225253209891757079293710694737739308273968205150960905540342754631991287120574836640936643211203101072049628863475544568066693148142369853626251253843271130174165452853e-38
