19 1
6.52979426731486906118488315636987062651967723786562717164413642579362773360280243253965044388935363753842611017644853662837179732052718148591466618101669056430031743675680008193869755640666894907523228067778749118013572477360382402736345201667698440612568166433619415076730517893613268872853386207276154236538e-38
-9.88755642420970076689570678832969880869970670319786934792868510986037221676542958438592567608671352419295924116468075492049948528988491360541779825365766819399789148135225022831813762528281508940636089964380804362357448553308331843975659692651447770347821103408283088427192489383794892221578330796786775718664e-38
6.04515280242223424333983534729180756998445553890605743862578335914877718068629979865967252770801136997294657358764825381565581799662688167856601721204067368833129331410614622342348947934844559177637633572257356525555020404914504509045495127656409371720691960585739997592292752391557420692802284698304261050087e-38
-5.16434231402115619555307346487293379398750321948993815289271174183549285365197995052768583305216570504669338296561024700023954949988845160121325706433059050263933120404461855858202476291041655770003217402576972842021397071785110756787543153210742814464718906352894457707026873997665053069025084588864525399959e-38
4.95693406815515627796924996713705357530606736527927845303377965044040770581392145165239263435753694391427843584298736874660870568219882231973368510881921995064071317810657105197056501544842930219790764030222869865460282880618976690527034721513359892045756049977824742198199917281866368071978947480947245093123e-38
-5.11535213991971925986655014059919661119510344627358518273670241402105536091182744739980670317544456722750155598428541079529603847731417384950391435786678406326541876939087359496552657331514824960999143369573462454488136534896803962052317655601836174790473985209262963357551543593216397738201575551711581910685e-38
5.56843021744445986576916288058293388954239940966065577510708693030414583243670897094876230365509802813608257210415696082001698440154817712688189893421149565233049267897827761922197995075352069584996166086497280721902102773272578634099815427820229931709639133930350314681920264489250295232603036732324421632124e-38
-6.31807157166182107417250271058479408731075799191547231801539534920658762742548410364428853355518582117856937421449083358067445553541411452242201788094201809716694288077393953495797031034302421834004229831702396351662773935754578703615307725549936911242007658185693530577913948899515968363655985943475569017216e-38
7.39918914213274795356891674064460069106413584586627679434935881367562330342472179178980659547581069965133909781720755831646056847204829559455773660183076494557098340391876691658258985614991699904554929685874094760602341229362934015578504977760967991524156795048304109207564568103358658572919317974751174631657e-38
-8.8588817914366336702482319788982706201269640008950658224717347867045753554277928875294937380391297640655171210501869784762244894285281456010235529485000526188737653939582249519722039434006284091870556605264447737278251684255483902715996685955746619000266098925960117399863992388416640485479243731737989624124e-38
1.07302421056693215766539419959616367416194471327378651208644660530900368009578784991530046907940122760231131974030615625553255421599169242649529661729247415204088554550501915551821652198890119965948494151915078140536484131723885215205461013203147409767252582139639849721523001431622231904743797946039371052018e-37
-1.29862718589191026821532765436610306842012725256748543360743420306268478773149533174756541085077041075896364624093031839669616277244969556529567167104857794483070765352053904186510770190262149909501231524441733676280786696059928730534967583252633494182174125741554657186691167615914440909664754691559902926738e-37
1.54626101565286479724996930693055438118156937587293467486899496202498011227337839981296478165123535760516686370483500037338786570987474835895964881094891358165505183070845420266439782045270077058738490790587331919931126961813306095057875167253129812941985929989327734178237773860379602882109774160050830559577e-37
-1.77515231841263437237377083344025701830607275317215650016497773073354731761980066096194920598551147364348087063303517793686255510045512574290258987341653530165271403934482033598273909528846632878570087729456194336754952802900722344178648567690763566401378802760425556045874647961369866800855194692575671481234e-37
1.91132230796499863737801658335798019258578535488144962783882036812260579922132947539500621350849885522648933086720030792050866835586413246743599411119988436975579830062344525779615808008886304400672298266340002161258514009974212188060720177833263613672490640589332266104975207226844008360040827201268251549349e-37
-1.85394359691779409978137634432537220212786000053031480392357054562260618116375880024981674156520364680525317932392890634360367204979122063466515942599049472468191976656885706498039791485226643772156427286207818117157189924345192263974389538904528803002129282400391905722851806687822077301541148606254988396971e-37
1.51968442472715262270311837594595929084235635986321483412542831079807801706369537256332252425423476581648399389209477267159977744296997714002821057617037095677880991406937691132224106140270207939039471865464625002655382678190394516582526187254705803414933876019097976044776365677610098979243284303715896337542e-37
-9.3629994159794088697395611776044607899303946073391263988741716340701644712805071939322673921908594991517686070502304917418061299308744555683534101336418332597485578486177593719201828310675312421581376249686545393420014082713047224286724720877581169396473074812361115099902391869319143806103554956013368189838e-38
3.25390631607386387792483817524640864912571043081678563923420480786499628023869852510026177925687169497614892986209297873729962639827053636778959957248564231973449260396468533279592908031269548862950697426435280820227637495954478745408199490767914933027756822901924704806938676418307852471256688640182584200322e-38
