19 1
1.04797310904315889656933045785973751022345235513597547077188738217947384245531302040964949135115937926688735661366264169477258543947201423696106836241218395420423375405728636878670369682904728319335805443815686234341629742313997244083660866365932509262409895416977782208956035412758723767686888438016253797332e-41
-1.58686365873638465893623993096019446286375553514382140653608133128846922392820284144121075431793518540346854697036242869638284212239280418883893156665597843155577809536652688316087729153618358871054028408788231395232015216625507191758770235795716159937807803833145055518323373078657397132313407377782967040239e-41
9.7019250934069651249856340550990644806942464372198151840267182404720980360479091803639215444354794360618178138062075375068629413825217086402357251230554153477970717355671862014520191098382366891199248893105513535904036604289072809746029179190658723783197923369695963620088269407458910630822992717558458638106e-42
-8.28830351219902347049156116201246859146885597908560717664137364530340586962727424070262349424164248704861107299334005699629196095559237898500763191034626149911715774263958474138500880600122342916733587126745426401705629637794781571541787957310973160174600694723165131107372421575171604562429888236233012659453e-42
7.95543174050642803738080777457170246505132800663830473441218960134826271737937428707270227760723007134453167503131949078366104685264626998530953912149922264210405345659109442052641567240395362095308460700602870708070627240447384685734146640674178431925177410064228026104798056914277889339618626817830554822692e-42
-8.20967811077710647425662619428064351556884709898358320648031040094097805850577539126261528524811192848467739902383535181988405713325074461245617653313550718804674995649367017612024039327244324345055810482773100863497316001117879794491724799895843748263274946041032480920881235151038791986236604251617149543942e-42
8.93682704747107274751024139906261853066548922537670101516144442695523963543559600309289237886415897885931307358997864135592003590378971934392439353197831497048501697652592748631268770923088656035778097636959914003100279306898629714992649596311841196579800819859686071819984893828617242533054643049601889109681e-42
-1.013993303564297734979143955917613482094242628276793481927596350544697804257755984081433355420168734786358183469700411307173461743889187711756909686501208063834057181989289698016126111411293623124683756478208276019257835090937595884661125765570870850950241029917385287725330660128298888965692167206364085709e-41
1.18750280590463846286729301836372567651518976243684508839079857783526215089071499599467164377264239831801401949267021968283670039583445726451375733316603424584886639110297089989176204832318708467783835552896917268592722924134500899734481362414990832824019583987972739393143576372556139234003152123975343463271e-41
-1.42177013568334777420223073158225001342799773462049490264198943662908404623309760351227242770635818557405326231783287585488677640656592529553849914158277830420893056025474967131891118654338971717844934467053789579057711959126501195889350798165817248422314270077871902829312323998104592983699487548890247366271e-41
1.72210633098829175904651699845616382903230017171053805588667469204709192534351564421129548726563651653496731685721177268287099507541616820001067526155167246072299281851702410322459639315168315687964302051677306067438800916120997037080913494225829018426681799127173360686058360761702904300081634000561549643436e-41
-2.08417839609897302540759131251895505824457786067459793909852588221630164519195574360561526480559116656734558772010528156772420049801960040744967006391064639662234732989944495384538772768298888133976023164952414722735345100268510376782067241883180126607413488143762838136336862961486254359229368304532475450447e-41
2.48160787806683739968498181761873735901011480807140865812974316315209084971163073210538729710669552127753262567058297655419626398768143493221667683415428384136691380449112265327808981699753095112447629200058219724008830857868363017023647156856211626700712070465023068855528686697663207977724183007846550064102e-41
-2.84895720386865467021773363171154196535902829946393361994551735775202830902944393449055530039160652521202932258451501183669794459106490272362697368175577226817031935608831055666687897960620035387665384526408996157710075245207687209749789651049680760531926109302811176559058246067913741024801446594994238012501e-41
3.06749719921446238651389337829859727526682555757427961906872447777258410598309324073304001907121501547283513887187305228591387162497126439054339766005618778136694113066377318718322469809827194044359124847623682740296055010976769552787326922255431432768390500384123248032666991461134356616671224655729075375926e-41
-2.97540921729855902626557403882542778620804964259238430801789757211872963149201414751567297772521529406262143056570778978684330419491510668929828375022437615438064881303071977989130793804088916145955062146097003332946074692804358071791998561162619376291434570764271623042915368954027954423234033271421230844048e-41
2.43895358502067762130054097367052893200068642215912626626656487816169002237001081800014692634048058090801880840578818487539878308215702818629338920974460665340418251409294165903761439002755764916242742819257444954021719347598858057447272825132152034391578103666477137287569722683911041307455174134170495953298e-41
-1.50267496691190537866900515923172665950892576184682007694279386739242347398748312163509509306480201523004835379998279974711063940711839634938156675677846439589675088464988054176016460390920451715323673426733503959249546327825242179806136767387440737794141312898844379621132758401423504540759989420154615930975e-41
5.22221837056941379037415377856425023113780352387353928817854744572853993064908156017772635081941138051128959347134015382604971211023647538809354930254530615543858535648899213738323609456642833906752302807774327403120655703864176507015522799435187997392429620645990299346172185927712619593317647367250407227514e-42
