19 1
6.54590369173317355981060399358649039738845122062085185410211701416349796097002271184287176308850100560810061883516311460374130320215972901451785871740777266861875145685967659585168253294457601556839731443926799254453098913013110639214091295059417459074950940434612963452632918565571961776661957017902442051475e-38
-9.91195542153506078048287173769259227126679625721701487015361770476406657468109013120402155534571805643520105511542424186286563791126101509633794765066934563257977646446997165730875311692774609877598606668447898893526639945998682243161439092475539086514561824640757682717526735582061603911922449708614539763161e-38
6.06008770260774734528505313245323624830170081892418132923974472630331482219798520674016705367464160862739773342648107351371148098727176366219038921070642463523553091282445428385206241246035769731895478998435444279226806773585356298422459482047999474838297274048015811831571739568940946567228928451614931240192e-38
-5.17712818222589937790246748290322103812352671382183804209271375317207626964111268901428734608922523634448222465122018053374009035092952216544579943327560853648400422743746182948462698899301161439953960355203571298701640818755863149871764705426591206178725101793429395865333876267964000889286523453480369231928e-38
4.96924395502086864740159622932912159673677333734987790843622571583395960862469454951470300273007974857903657050976753472163211041680779255171271010595309291198734656309730648005816790753444876640589698540851672924494152551324845034993261234510320266018026607531147292175760748012951490922524260626215109399034e-38
-5.1281060705957119525113986584670086530022192339552006963014628341882348814669720395877725818464448020954534993612703047229342438900249554153581700134743197349820841308790790869635367653382580198173286625145294140002661525570391023399257386078922464608972605477315685536878787278673464575365732989229992046247e-38
5.58238188190785697492143790507044755568348926628632641135697819819501496641808564632412706594425142686315755520381156335785159244486032304986478565614594085958507586610691482921101872380300887271489515945128226727213868596997176195284086688610123697156206622678819674946495889229421024897554104824356295291291e-38
-6.33399343353352436149461489899151844332204269021889334587228615981463530971856216315949771115879050273839182619864644233325070880947443756626187916978090519688730582034943683341326478188188516491406753589948857606150883693599348429320082000230460521063337521310688952277671050560575286867662409542052086254573e-38
7.41796043079033027381034522069207504227196081571410162592578463773122100910054150679496102669307163549348356517562712367809372370010929250365935235964142775561955750557231897055965032434204055402346576267415209824722860320691647669991823063724746667500318318998878573617659534806585222399711055385903458478625e-38
-8.88152648288180143844923759885093349629400375881170912024294394433598676294852491442288171761956042030395359484291616281932656472576827796974664325375604950835420095891768120173012284245254140544281058219030080005551200430145150261724608910524892002887564964070372058743211107745547503190504814568341669642289e-38
1.07579015158705922513899449852541946415682208546345458340548110083960964529496869784855571306857991135819648655050958374953899174205432263255345191400204917570009978069031994549666134710007362274423394551483765361230269345226452737264397686701577897263799580200481093859035679330703135487003728892843131006526e-37
-1.30200567718342977490761381476471812484906093371668839364812854900661103705727954121854053735799015307907715416081461971650552836339134370827004796635383029777066276875727681842074028446370529237147031468463288883017624201306488680591493775788221599962756786554643444961143915289562408246741944318353099820845e-37
1.55032427956286926362534148489487716396243406117701948798167598272619703066085116230882496814310046145969786598669438695374217095240581126461744812695109471023277130234276615947756601532230298114914668773310863592664713633348918495601254099541282466928389510147882668120307714853899085948411528310341754923905e-37
-1.77986773519503399658345774901170178368159287515782047627328245063808577050498383509394545826982414129303936767047627170663009362226301984084965450126445013612687377942409839397147323713568594419968869165052478529679068614273687531425247704963513257627272966468687970647114917217173893284138795306620254372866e-37
1.91645845841225961515059182101634827566189577098227018494250325737053580263391196369552833432253484698750346631730888231640507385299985743384556006023670793894093012349488469706090065989683242108643069208211200772464051303104284042027338998516963488421853539326709004859717076627737681091797311243525761585967e-37
-1.8589871325953026308586892298270198109872577797242077991414029188737822698216129956159151627480552825384684256337722126947182506140082502806797712000407177660724923600279783974803588751259492449366082661485340208261530559964786897325461159932855413248961824248268214314846800896332498019315579448741340365325e-37
1.52387265079491130228693159005102195136156638360692802304237617026149020591474019330138154949898749241209745506538488740162015959325309420505967635120536028612612687765570316440361718522007209803114799895905963412435210102660559596577840856960241416715890398659237471652834547599569465111957019066405510245028e-37
-9.38915839499406939530104061824359839106028565431463914702325301246433130953613747894547443416535233564882555801375052973691261359263401931307314755529685503898730160399368199446344395599477987286483385829335041251984974123531502438485663700141889666109309969655063844240959658956695515392981432517370552909001e-38
3.26312817083017486921739215827378656739420017672909475294181786548098294412626476120519204766553332256973029479222116601878512129078469082194274232719983235971027871982660834480005834079889274947455177959413712853685030584006673522399695136174198009020302150160718974987358922038217189456008931742761342587303e-38
