19 1
1.0479703352110140478931798050109860207169682756644802351591699957550540835212085896687102305876138731414456360733051766678368014516644352058897185781084890785670079577751031706215922693092966763634923546217314815466014645544356780411323239553278060225874379455974710138827980894280286461386475268977255485693e-41
-1.58685945825406827854808264271667705298338078123971478442098996531375860077530269943423671982360825278554474325520630538297801723456819226335426460477040911909110204289911432346677735177342220807716775655653537855202281067640754891107842203250213772234201963857021761661332075547921380936051363295519090688124e-41
9.70189940335540941089910916798824657542932059677862584688725960452502732351085738333318923256302801798072510205757667595039762428690200171592037377740837459979626172609210645127895576374966926682026044505150383178795045923538883746709613604061579297089195483710332953558139887741222564975225534010853516523155e-42
-8.28828155190751407831168555338155400114187320920714638020047441391948160502967061984244325300941659413629846393151409303295314937993913194557686491467108134667086909673177883856196539539691634792620729078750851795626669218924872221885822163988133157426748022873924299924262708049704553444994586952567940037131e-42
7.95541064357593703452630425849721623848930562926336349981735742056972869402599628856691220946629898157115209682959961629488678289891476887568331967857356666113262551932880209519801774957807154041485808109093182605712495801814641334269584318927969220059863098184642834844387867503850885337961855510343878915721e-42
-8.20965631451267468301487680078114238134529594955894219065984516189858608391953539740627564766023407843542698304237126611653934846369859096821253116717266092839951872102467547287399449496559624087025839325880721290529665023184001694522195207167918506371628755364801536784998564049474687907790996232688286046878e-42
8.93680328691153032477904697927907674674906471599671022565298166113279824211748732794884000922149538632102653803321910229088509260453504390248404418856394268715127409669188596016721034107499659566631914681908312258810242778814170684373615731464116835115172915422824405305830294663931802873143024052780738311509e-42
-1.01399060307648291627330945627368575778479702119289789640208561866402735556330447489826867901474509526696008859730917938447936335345347656595256507399629093659460280148809298842816237567325255835576402077476618646370507597543105433944599012666031145124134219532219258221749345973864883086288186689745750135645e-41
1.18749963712917672125414524312334321749111487030256669472489888975399921462868091321219835643977445693363829096101855560026670141788283414030711408797131056049172366608567840289549904041421611983130187537454559211614723271523064566335031638755132830792428654861300700833889339503149435010429604880182396795525e-41
-1.42176633334221529522171256781563950577154537620985714593509563618712817299758684334423072836884802644429835783340045197503491938692037915266844435776132317803168895852860440400499617103883786736562374153932410142747620910134141403836612375156101740697289617066809590746808097693410946405270880181147062508194e-41
1.72210171397703428741372774208490222711092697822705674508661906456010789712456884095515156407871356679981929896505115294098498811856343318393441553814630725519165646468640334415759819850378876441980419193942149055372077070797692052809929816344850221602352867715008633245354708116745339061700964343245032737463e-41
-2.08417279299481007625968563666260506011177054261778958450992023406961904367955493101449998351361007942146535233282871083023322089404276314739630330052787598986140414210627393617700956439397388037090507897349566141077084615182896631377981897022318548956807313228195484234126543174185299404732893034114757585119e-41
2.4816011864291628134095214740936930162227549572012739190234791033868208585984468055366044849558715586962776465993725769369191051066345499559521359656499851020242910790524854362711967310708513438999372428265962891167671735855944382732026262934499664810841103263425133922939255357872881893380071943077310314775e-41
-2.84894949656925821906289353192519664217517515110718321028592109833867200544948975272604833854422935264850596192742971142746063929149452334351805801499979936918748242557453642518883684728618884336243097404863491334748387317677467977392411679474043848160313774678509420928345338750684498630109242748791459351075e-41
3.06748887145796941318763067542350147984600930202777941327795672979976202913012378665189179373944667818935696701024454315783422320225973973504041056690541907595269519099039092795314976066102090434351350010586806486607562702507314095445498348848736179857001826009623274076644844734429166702917050524911972876023e-41
-2.97540110904352919516609442069760072780423586365102660903995257748794048222450030419767651079762371294876303543103002952892316243356917070080085027343102780807646325910384860152495885461649070654518725942328129630500000908682216379517698958969232168602734598547491224027042826468003780972394000381447555321218e-41
2.43894691189739658863645372638720767123747186541555160642375261336235592418996031184608135604476160244326553730817697860247986921745634552679007077591933327040151278923353280150197596281029160060231905115724709567701787854184842608742677790655605135584567888817675305478578629418749450082843813046835630739647e-41
-1.50267083793624806634086010745491609286423330448395458973220410244840856988194955035829687781130343565062364771334300444219359329177118425961870767321398314633332819566959258517658852696068532807553812053485288287542794123873377685113443081353892238557468047979911140246225333912398120387134762486169592914676e-41
5.22220395641036912892388130633923153205050234977918330516166667977610677219457337814747764550330561880632918956804744523917446436588861349634158398156312522196386783433714592295643063453020277366175109225692327687644958328117622671990950126397516032586550715689136530531871352148197463499320637243841265945679e-42
