19 1
6.52980342198850039171603121685367217855971552408854095669093806281810295971577161846679880248324945008082790599718631033738645803506622694261720937241791651793421290365952273910602949019543610496790991877187279378415387667308681033677220820710244147007895970534090164322549011053706284664006867143639957159152e-38
-9.88757028919683726598766363466224344618354869060623539024866811610735296749572344824608195734877566306530029058151808245246877743484800683130778502193135920079510370483601036635874012445934500011906897049494192140219594679108405605198840483669269832220328818599947426974310329814398296855368536498558566877473e-38
6.04516128783862669791063780153210878036287861641512092773735583730270829876247002186098773664052923898933039914515006086247515264436068204041720503451884734649954783870860754916366660867719075598068865800428404170941965194744601032707992687378731734360816071436407847096761948260522002997135402970228991611959e-38
-5.16434957614218306436488465483395741565121542618447227146047182669674700300677829140115623771568542787107908238386561918207419515677288212802993424421317583881993328250214029874725651355870488239607655969270189515185524374356251244235788194714040840700123869420474982299763593080495135058132826997812762300538e-38
4.9569410567444871948826283680168584027529408813706358355106692417168003057159921930255342128632480448699706612172232709623075594783721474219758899793044114215772464295197673480861475902304383537121822803142610104335187979218359098077724404746039592065686138005856879526062828184415092031105267858162828508619e-38
-5.11535937631826468132445937019023897343173926997743242134433252815751045907778888790768955291826553718199376516145020819697750529841996193704610771957781690330715061469222968565548529523674528304106377085704952523314513740397880194649318002744660818687484909669439394855570347824333192712278292330759555909628e-38
5.56843812768071368793260684363033117654145578019734561868921578630851247324451053022018889118307734647901205976660606919703708629705461979476938790017286589950497543643483528389061171536135190833565110620047735972305501478536804896405210872742725986621564082653770412057070234091986648795448244058269045390933e-38
-6.31808059123260563597571883703754761889316907357631699052905249006965421213669409281039816790774903262555899742898994360739299566160626902782764584505528249815257277022907028268370136431563424403597804692647694126190533617728273902111740421163128325228141412460871535398907510663614101345231436666578898892388e-38
7.39919976544792706513679748873075340204411386325704275167794939458432912630940963933346407742004561810002048417367272500239971065220122397702541132796386091518000479333524881078237168881450377480877687447154371231063740330791529715612659563132364535472719392823712500278860498440553485656180911103030718421219e-38
-8.85889459272655945029584808037065721916067468899045228896640036225720305206046310090473757201164938430876150782588037814940514060817688935229619755710461947850915596169494646782871539716975663423208475319218170954376213969056531520867306050444095191060060555300607257775828600759573247701847604776741723464204e-38
1.07302577227983394607390816655062343817060499496130632253900925645800250217798177998050231369927194009857279953321353425385270289304422093006233427232839913637583948817574830109800007839327071384036605718247820466295526451363250093052638016335505586108868734083230673360251224489322148224373991861688917015238e-37
-1.29862909093169713524399008147603592556950439980579655960719423648674863222566526971477053589738736887250659943960319452333242225237560295055857651057411363420347265252955307875318409242560514279227011677560222556911957078031094772448540687318004672472299697554765238871318626921385574832275167092068019732911e-37
1.546263303535788333785648753936669119776749998898141642443898831445383170596534209174180256774165074963398212445703458260831665627275553392701173849967003956344377703029606676961485298734560674611215392279752185003245519816111796519275074539763383679909658835150618146991930985335027680647276043598466255123e-37
-1.77515496943626816267749468299596496929190240400070468321702349214640246912283623924103186355045699887113576080508206086618808446909418583790125929630926869161727091515084428945467757749066712922134656058205894659518105547330255241959154579366243241571842919512263298821322176909451124625523588947907622301182e-37
1.9113251908412407502433684450502298760638354798522386690659377563846334315778314397084374358725811512374311567129986174687339294140687984737197970196447189539996025923091014391187070961859273416475228415551965764075129294762107146827661459929555014089596154422253573177427687167143071896933692901138401211751e-37
-1.85394642297499268280813251255073283799803560436520257079863177367139298571282305862026228701775487786985391863528064850406698248570761566679856024232506593919266458126219540659871369323806767897785692464289643047515460678829188292465847337662972797122431535502502434341080230009768314950386896358410832612567e-37
1.51968676733329496827001540143014840283198346697651613843885740283684522192075758800719394484789233168891273032654931032594083066114913711893420196218451472988137987846997930638091690837599992200069442353973620852288264496919741289809554120515413730216382918662583536862319138951517121008437530201429031903443e-37
-9.36301402031794296153095658297039013739389400985883762670988460433285055012142581701434422739582284769408054176266648611105302668658577514883367913342823407884619828923151912152484951446568757955252006601269372334897421314007228667550112319260182427620113120738112212104418686857811844880511510609088279669778e-38
3.25391145465061380114438159963151549630860760613521074576074430671492546060905506600359186798924590498891082170570380119408551528234951475364846877277707128210381021138171835043866319122588227430847878179229044362830895582946406834225843635333918023608520242392464413003758827937370675695755361037107470872408e-38
