19 1
1.04797399304054542406671229322801496125696461015526163805591674079396509367913684205564100068392175333020467160789234844846188447382543983816014408543490681241538696569893161159210224660309858893745745477884942904015731430065579190247459746608107874218333403366438578111006158258933981241703702870809916415356e-41
-1.58686499739539674374504663097704133236691065859541538047284293740728545292506743935806876518005556642242220486535352783282378942934086301087003574445608058605873601729278154124691451992400231560768747755999333879650859262321327849268866790344148746988112247036029661002517252158577661228765744977864532154472e-41
9.70193328061425625590418392686233901806535251206367078068223387523987028596002901762187948825385593593451554735875714503008982044656316297843096052712876754936707084869261514155692628148452808351304505303536907429142120396279735485718495125425565130207385019986279286231322794098737844611261661185099462727027e-42
-8.28831051076273735928476426943821868221649796853553202330075151344319907164294073189569974494067969700757386580182659840498058732716134920842468077425840329000889168951429855927713410190836828525409750519026779680205770938859070692430089331551045735577221672550191459642388558146526569853388581914217124719214e-42
7.95543846392431732488651704270742764014440628620749438636445412527032831166292464228060654597955105393281765555101998810720321781552719464884610178839316169442234559564987057501606795119220025437035749637591347902765888257275635626266985799635283094596377469091848491912262687957240961355930861258450468514198e-42
-8.20968505706724086641321958196440154691398752007091551431452315953554145961820628815749895730673296398940993984662940900704749009227657809836843385116719612335574228600000627907432091904583701097552866835702546458282860410680058776948287530669371839982404367600895425650434345832686314639095546330771180843156e-42
8.93683461976627480810646075805261230480334658140446296000264198153301047820364726648813253833201629498811970901571396794156374970885441380658384331370602972659020304166875613379744629538043420666427395364218148666819338886631631597071235947208710729712770860878302789652906150936427280514151855523744481725347e-42
-1.01399416418763869407668553558737530863082671402069104696759206456353334506777387847191789632113523274801332738603919683456026892417520952085759126947161813366626378347816356426515333816395902856287978356453179815245029837139747336662218021989032781064498332443704522089769016879705788224153607666269005340838e-41
1.18750381576748503929476345339236306259793166338800863708221861737563630996257921781136023068899688529821701006737638669540472629495614920687815988031234445930200778753182472297109114697930051362922235099791232164075253251562965405680934304793879384878483061589295357792360608544094543123991691072308276842105e-41
-1.42177134745849091525456074013823900020442736392811476008878440553626755803276898563069534341719196838321924591995065948942447471070693404711573556992315740236294514260590488645665526903508266843754488953574780769227698794326811090530678737656191088175361193126529471920318411360605199661698904173609677953381e-41
1.7221078023922950773858735061847694898436066340844475685519632168833200292244391746636403503476657700362604447480955291609898868182595223421996302317496062858250515380237605290191935719701501051604003624378029420763279954357262742064901970446771881381228374098699952589343538853234031982373112582145740519504e-41
-2.08418018176295103532521441770666085457869831428546304406653126367902890801456844004014917789601369874777985826343701363354995163643516984499972524561703478023763741996815227898752402426990040769958587976241801940081998690796405919482369974321484951174216582799809821812916188036357244511705325515074015147454e-41
2.48161001063786534583129510211672739293423147905898755936040929690498380125596795196915368944465617499976555372431594273490409585556634635354194404883056816667959077433882912308111798974904137956223365232426571473208494854747038654401761817373819519832384197203746900470639618142440583192040493595431607672487e-41
-2.84895966012317225275673541288924062206390663252240753994110887427416409674886651539133346235902856079663449010643560981453603027002712706368054444132469520937937685114199946424917476387234616072751053903616101945334771326161813583690235215106343210653104706677844197415467954418836457394588662073518400573055e-41
3.06749985320400691644524329398023748454239950398026996181564178323331732024975054587854445813567504556272492782502928398723406351982158410523859539047682171312123737937658447114976850101316319881030827619978284430609794899507359423655568052553050021516773855250960224483612156940725999360008316910895035459267e-41
-2.97541180133507768286192787666099665562826936677889937358710263452590707897630418065901620423456399379600750063605483435290952043455548903766312531350645727127429642878514297712703407818338462565911293193701469089414452837135414388081560147176083414316765515475107159457587865646857159662773564562024744710609e-41
2.43895571169239624166998721426582222231926438790149796405091162247788796801202050684515733320551863949887479172268192460908697375820913699524555559834204909990918952147773854584342653505634082193245864804384656740452925207108942916853842995438229319576938345258748973908844290889835014489295685736593101527034e-41
-1.50267628278405196517064099754746432869747724632023282404050495449154032659530317460877594481006190695756099639466813337847931646097468198425384694685378764482074980420714363995979820694480423551895907656442451561018247006577983742959661597215349591361198524312552582408387171673698805969849164129991098495102e-41
5.2222229642495267442612716218090273446329128642346835050960484673454917114092927506438165820183841147934133463063907474692971516764497950430827702740498729451204016055971055134395457982327111383478307214519335492099776589902763329570839773804148974878200086379458741527119360224629911106248508700980424851832e-42
