19 1
6.52977428820382494943372353217743136699431978110399787423885630979642904343116203399758139325840162407552963239990218473468589547693283980843379948719939831403087592427191326051296747855231453102832701740456946039410185839237148055517260859825281390252925436174057724130668114323727858158286197353602717643051e-38
-9.88752616533726522541772805564117340472349108963347740557382377143234961952308036154028173021226415503562663777211075821057283702750843149252739949156113303425626007763429490153268418393926356349633087052775944821589053136277586179889178178317296376807568064843288445192044066065924810146025481073829366874581e-38
6.04513428390105065976645967782533645411019541807485721062987745831728865392423911843581598833244283641598844577474020049433208782216070721499121418714619335970075637377023745509133077437552721087509012400960047190460137409538493336084381779888179406407824202211682911723212751173615753432312283761160061852188e-38
-5.16432646522056655240885800076734650417242303822039727614649775901348938768224214785550295628327610101812493783369966949888424318746379486776245898388516315731182521720536645375616855157933283539452078002455830419783004013149090768051615380444773389378082143544084227261490987683028125730380937975211851392963e-38
4.95691881631954568582156089576086881720885672780251019679421700358514418518893920952478691642057880460090050294137522961780943777318893676200647039597364489823784375919692074495578705622902589000406047162681718211844830200673245926738665808031182984944228709601264410697789035031401216235142275171958778510182e-38
-5.11533634728278428550216424969926534994810546467764187209859885533027973875287197833397323002656904807542012391946084073991797628550374812400794476384147864595067059133927656306058823667928700821072198983050603236055598643075883817060161665454952461902354404701358486325205380721109903391979659914589310520578e-38
5.5684129542520195961071338608661413329068551383401556907095549130664302001195930061162952588578044641368371544671752160333398120035737030359685612395335229526816665335405458468373266285865547489875396995214488217776469788800346626403017549941851777860651368006749489904729333815538045442229662219837070389729e-38
-6.31805188750035100821327924245264207936556780432398059823512675565848109547207840112775173386893433780765092829484597520061313273593006634558981836226795024603084158240373445710752311383278304391286859047524461981717139499674399122326359212892226610791503701858489292743723735505954264939586742868197387387318e-38
7.39916595802349851988978999375388583127096357173383599059366062244939332081964063718131455722088292727519160692583278652015281736032953777667998606819610624026076589978435251147094399383134827009048822621916618863357028738585813794632921419059884904531715466011502009148846323048567606931317954851782644010627e-38
-8.85885385420974332469134700072612420970718584225833891560274492952460606773959173234331637593980088116098771491167544660611926996520764735191979448085778397274928134121922830028796988034573629586379059248126063497957015002884995681000475097594613746452932903175227087686820447478625230538979846515496541599869e-38
1.07302080232913199446450939480680107699800186701823452411309396178459135504200938179694244475772163012350162400965376076695870814059714796487898121483277675004949046465378127837292109825953298401352751540260533221877875229904907825659854130017043401888624863470492239411040497278586406851204375578053644711494e-37
-1.29862302839638572308067222528032993129315556701572277071015692652242167597288331678545559196452382829566212934965878895370256535991585639427900646493482627255888190148364550306505624186804945933491264715693197279840621772776943272820019203711502571601849870143429427823948712185425516332023768978431202304095e-37
1.54625602266500623451594048396759221223303956794799104402316508603116977980242410700875505550746325599232916088707586335061991909706882443988541792533952367069370276110543916559790501832567087487572182899782405002311565436565694459441447611773274745994024424800453099476687683274157940306438856275211317723913e-37
-1.77514653293506967399982719506031464528416269127081028029986694513709164967354838299317717275133828013333633307745731443071915133090508121060053819755032431881200606389507946596159109000862269794105537093927124868728640071149905542442396103437705584711170943515098998657949927696186299872511056377631933898331e-37
1.91131601651938315448058228615372603175277185469245428705721769811486194755251806427404084843551591949732862033167968814755908422288333611302115431388087454054336810667599238041008153886577336752578613748783240574981635509993403911799117366260267561705796972421530722296132261929698250589945061536719132299978e-37
-1.85393742948869762567285966599552702126009226389746353867926395733804627762608687702651685242235415324231276869008228325476316317958423439786472449039216795796861679701733943707439270436783054597560493184693419395059955476412763011973511252472139387081705306844857438613635268988531770699578888622953976971926e-37
1.51967931236976050006949286295232342753295994712298094489613880094110381286537132568249518604661127821722758752530601039835654205821899220188184471092762556479824358482261308255544557468012807296122478552441772413503038104277497220793328640439010522792072831227169134895670574260397314747360021327344141554009e-37
-9.36296754448132770991126062351420868622861533789180271214267329913963509912420226203952420388164330536572193819056292554145339535341561776525906992586954620434445461693885363044186672189129053665913995809848429374945061834257158070505005879134112688956649763621319427572992403867965557848986339992427461340259e-38
3.25389510203541639536188050934500502524939954055483365068862684349012613331787447085369208839144400527473691841409070614143492178025764085857309255634309714743211474692529456455099454429896285057259367025669853262268097715563405579121778084890705369042380370099571151314100666352374111313154498062150064365438e-38
