19 1
1.04796806626216356556906781239262421831454360088323711603287651092545712068067543678566406103639021928531392797217335261991013084184164489771948832273511361234612283933443913075501987339444781269917626041857906135136911366798546788886371594314392648617882644836223522676715117291789856229845167765835452578109e-41
-1.58685602232896755179441095102667814316461285524987290983835513169536569292955971774810982852180195552699663904639131888401991521345662332282508956281577211933122948478965120279067336822238308288677439393858555223297719968724332928170236316685291952570696259965616911556227959889771148051311403468736979200568e-41
9.70187838931824154617318749229972181921967615861018089584279872559776150932622682517417378884057585636256128104346845888515345675055011533494689980243777791817160488669046568328466034854482150226954740416006232877316110097609344131959141619464125400519764861591703202023762805443852557247064191326609268946018e-42
-8.28826358875289502650186610428797013066138592099958435984478424150095345352432048585695723556401309415256628847798251474002497713208278692776950548124885880518853172009667159397829231056573367033872389973266566518163160114484820467872876992236335482620328759122002605948792601490325174184768485911882385824905e-42
7.95539338663706774160460065885803731989472193980791606560332766921824490515460734100721761182812788348817752451174280076172731019289305535915394770575781225465451093553292278019357838372239397203265609265498019365041745530400081686140468181346812887246916664894777895256537409343230487271738863999826512756358e-42
-8.20963848553125226021880511370413352253007873765235110169050416657802568104057099699402294103223541840602606346036254952796493531034202698168863055293870046385714825767166111153919342938453022280479284609170384974815524389541766385217250923899893489721861310578643432419351493545302026327906288644038680760322e-42
8.93678385117075402531053271692488577774041453488624634946224768495771807065869206643589123996999381119411023570046747676159255713101311313636638100103434130673971243255810259372963303359589766252577074534428303970812946047564401287303021047818741282643323330642877635257624102121595596388785118774130144246384e-42
-1.0139883941227444575363118369669252917613112481899083449878060818826558023277612615075977881457149570492084082929888500600103515082709665977427037886243188665070570654846980189774491551217046719441325048897802614808857519901369637305381476812449018337205979175564768530977073070317985031925230616903777025658e-41
1.18749704512424368562579630875749219050343786759996065337006047631570848055157092509576540107288406314458073361129194178082427864148756670070681627632950331696277570082539742740963545547440044921669271574969067080518860114124950227618403914547122998502114109091993809758468990958939168596394658749881299697891e-41
-1.42176322309157456472532637557991557296042574353080463974683628873574410294601901087813095270357460905874233895953645001851230522467232682978690650723249647281942941422895557889673791879946922423268735152260173245851595249334124899493911051605923204182749369355771887587149756381338878804627583836796596093844e-41
1.72209793734048541795992296552161735559406958787080929749075442026972033059748258834889775962850978641399970875663724795221774436300552886242384700821503562811891676228480043117017495383182714454195239289109845495972664961639483808495419590910968723653283786471548662030184772463797059472735126743274339048697e-41
-2.08416820975167400720303930367240168725586149707594971601071102436785782787365436970428840209379382882818946999473080119953042923300229445330173036594130510241233189181634517846753342478875769697780093875782867620171735343424377544990539655503360702103383240070425291474857303576242678451565108437188516780536e-41
2.48159571278507359190870267281286289452798694337668339716026762429393657994182517390958879672910360268643100354617960137853803167941421364046909898719420986853488880459856819510467226675408958769729786714713994514382488030724403521424665954286986221604136703661267755490546682924094505108374058248847482470512e-41
-2.8489431921324090785075066076926887768927304233400710098299606885746125731050726444266067229132385541367522254867404901289149741564196472412124398621484889052359923687093303175232687625404732494172026397813285696196086775463388591883313441155827361329623353061901090559402938267566987994397971767969818787682e-41
3.06748205949916295017728896861496010908019344716181735360671736025006565627648934651542842957132094107979510142964400847042172025335022730695515531993795022678491120925525686301900243982747922859283097701500607274920979630891364624843427927022438744942682223807593587003904915909019465698040207027466075859335e-41
-2.97539447663427524871078776212102027673851259289926435862043412652198233759016421935240106995433695059731684850319515644384301729466121033280836205181215864959025210642565922916603323074381670088088954125026028730648455670198713497228380069550709114384927113329919406313932191844312300192190896913696794290151e-41
2.43894145340159362318930592500077324257127165281677986465843249303671306568541565664899825683102268151327510988346739538142684221190388061715277470870443460558458644952020953582156568991739759778537066488644037450207578455225620118868752275088896763806522361615437676970554730910677414036746187730397638646332e-41
-1.50266746050850804633394412041961196330234500489461304456695510222632447078447524229181444783267598920401886193394195010301013881249803246952350249116613860011622581455598213814278229099265820647002361930325018615828264083078163165278049462111313827065645705324088844459802180330461171944862366169636317861843e-41
5.22219216589036343545501020175849952176871119347411308450883299805433234081295680671751180589449408136732110340593011590776162709642732168741567636360626285188238263962722114490260528988786813595999044120954074637617234531102292743894022762613553708550466136973830081350857782611233370189578351202633438376723e-42
