19 1
1.04796523950874205156837220959414823810560360653723213030286031740014442897546173065888012577361163552533947685096645126657709591212463364145969572103046266789823751385862424543160178880588575633530815880283277874767340689327479449968456727195170132832609698836030537498361381028735233288507693763017365215552e-41
-1.58685174170668740305738488444891396928893561235466769972825207333483729495919861614872840171141740731634575683297135539694753623647332478724618637172881280874454745819395899578863296752488206876872384644725042220822770472770606458338516998039000241677996744951163447931919589025447411295899560452735302642936e-41
9.70185220913341564032841891075779945803504901283492582075844139649833179193279398551831550654005717019174607958751244597179253598184833162257030893915825922446772957349291031959138487443868216469590481531684051883222153866471438395428324498871156014422816138542906217868041429168635833176328000808904043405434e-42
-8.28824120948850091028330030660079249961468000794043619297623065686739612562434580515039628670448588050905098774949798332877096040047898737292499604380643985221688130681378195407489028672836173496155125473397950976576078718310022403882720928305049962670540444575916110823169407962173796387349731058096831781589e-42
7.95537188720732199425011349092171101613237776396777734344514736146511623915257201078374259247607925551868725152675197854926300600604946148150882997637852516194052946528102767151975068955155188443156710164618797060831486495547754284990796950457006070612666805654565303781500663998279819831069644936927064744111e-42
-8.20961627342778471142611693477033767649580170072144728995999554892830117213203269671377439018223724465862918061269332558445917244338199712106898007794650740573502306719835101967383831393005968426774838603153223849694163912966425993323146890464964674039309993222687675416009487422829805134820818485310710692008e-42
8.93675963729983539001306836930703794603147838225664258006134346888477977643704932390495592441964576551889915543550584955696873806925677685878187379898681145724563928423763771334517634356142506707146831734219186779880105825051137536537632939882256936917036193019365943561187191210268136285552662426311475076245e-42
-1.01398564211463517669787730811243162858029466257149672816868544395311325424012989051770478937502952069867082311095613856059142871984078555502288521106294229551976500515840290039951220161702512277134030009651118970019139039066646029268542844771610255654849331183442336360523573577138387190554561812870436674453e-41
1.1874938158950469335954388884646869700340861848674196947602350496107807371709414857714386254902211916929143591138841908285621157423407937598554698476230575128875540730181805104140596456097488104862675037512771448413498460056613932291203446498360600614477220607745002429955967874197608522567166189141836999964e-41
-1.42175934821041583065813522290525616974825955143895359336986647315740115217479269082940404303764842024449017349317844293305197840040656879368815837006630241115145785170917401286613249370708903565420113043460787353516341794622082679335107874697566944939250926983352945144048490859548761323990079370263864882655e-41
1.72209323224828993292920927290610593816138409804437349330152766474963627697481259075537097745303398886554659228037464508095472141797166350874400337706494008748425335018914066317599373029845215469464276643301137183184549728454882119862899769159901641001748551936107597472690614178995605507641518817893481876336e-41
-2.08416249975593656687554317824280534106305975571693399952956343642210090001256418023203065799027565601239198300155698640375646319228746253909086355423721501213270654446417867731850135124360134923555781771447339700261644158977974761516061722675700122359993007952870988377696332896846250927885328837833683013702e-41
2.4815888934916445350792750605256567481800914215036998154185567073697113148373574905916871148864201026670397140965916754333665238856791817621838794671909073235538876736283687693265331348319308579067191441262766407598113615876279840365909278947988759316605075022557196676409783895658955977196270024449981682377e-41
-2.84893533780406864619541457775703363599761902628474187288633391999095085661723294969232924602852972168951240546664599891830170480193462041012107723277831694544442708008469347972120502853886084567336689039346728512922453466293127300851772438227576988990716017671444111775350172425771228652252286139941309667509e-41
3.06747357288042676943205527549337009309660991259933625157332937238591287932042139126607844504010174877358155955670698726283486974021702504280866823798551399485675764815873696376880596207193389992535190892682692027509679520503290739816663775059046798256756333426716812393629386457425844181835669907685979552251e-41
-2.9753862137072878520856491906217603447138511507844212569069266186372306708106885513069013664235676140820786664293155882993364450865143412141436789424990578303694828675206415500931238362482050587721133257737944083829601687596125134368976006156682695954783189899451293772725552661832667963761101810743041325666e-41
2.43893465298537993544568279098735106438659849729888402533577179209043920210815161709465405341721489922914716397573107008032788816293916226876387174787919845708825907227405261204990518375210728953441635101380392029654710997332729031866521982789870966249737122214450131997682136827308120423108634155038406986658e-41
-1.50266325277245479873316072491277221665399782692306665539672563442124575606268550477385094821964494607301849989657106169656728878313574910871465938738337883220112583613025165561066684304302126829218138375489800672373879207862481195963388441654404269330272225022408448085438183761431736551394451640145422531936e-41
5.22217747678698481029169444139313471528598752275937898993366964650431640621574419475667608649780413805308347298509035166529774388214634317802122360936716090555990359890033972899915637182449694696685455342226973143837756232959780403454567682185981478739513450386377555797951422372425457173041305852378567396484e-42
