19 1
2.31307653839607397576639808373879973833215325972488339009513655790878400386383689917381647665077222664416236758299970769758695300536239972039920063529166468863113730206819401509847031042898850816676503552210945734759042608568143094716499742864282151221079846790837941085444020259786234409479992924593632205664e-38
-3.50251098233151065203478091720300535297247574911262500995000595151024073463819266455075178139315170185867790437172206259147650294888265815322910209566563481781715268320397332001195244804401301837641439401640925482356212726807656296324857029638074990955031991898592691575085410807308521734299312750707520417362e-38
2.14140070668933765679209876238660047828673082477322484021791137393403202179842415966513547903489181106410193224871458327446550004977356151999553283586022448579533731662785557176155649945410412789808861439184238770088217385584104443441088680839327347777578411596593355136638373231986601784257441959986799396356e-38
-1.82938835511449194259798512125831596882684309889142644486165438037296760960732298171504714695074055939342383795288874024120848007466117787385815419821375659579277078899445687769443614203668472441139103677750011642365187523542554833136895787103086395313151885834755617866822095100773002316654297831091793268146e-38
1.75591853747293417330557995187791557529788388101198969563397955551445057576046933467799750591371106907583305208717535545834052192549631612660707204408363489950660135476377530568029617742117494067219346457636343488315965463664391741416462022844583137602680205986811593674399497432748384311793041270852762365019e-38
-1.81203754502367960172931030661634975683913768557913601366851444231426264713450422334143907744801941046044808454764425169721775602482477574718859658767919115617887920458428802007443070796541822714814009373233569516560423656662807175175065054573422843160498949653444666237522071982831855009143641780046912376176e-38
1.97253616609010502083416367077637476480821814432854890264657344335183397930217084274302655032167994826288912723875217571782650052296782803234820936921792136306235130656903106434767663732559161279534938306172147595494748017538388968718207101594460281011952194325973040802955866077684115751428780007942302069061e-38
-2.23808910860856141857005015820569491202902875924939031204032003306070582138236592772595416089081004621492517478998548913502364187072848212352533671985925407305285039357966061977996100118834998841996698696572761526428225900284516151910944121704139252861296566158038615318353656335412247546119987384280212669251e-38
2.62106446928355410015571017024169160904007344974150675279139623133676476351898910349896699988293627880577621304202209465427853888033315731218247592050349494413652748836626155276868139931145338666763073895155243652202428312679488601305054826334352692373284162856093520130118662249821958105454282207329049779158e-38
-3.13814729918243010727625028564097038081552301955552603901204485177781690889304706233864551971901122630593527331012000754385478423069968172031202941803586201839058957103651111227486610370862436668226738670990812031801781848568032217755392836576662155661907158415188115151259199646588889086311833812652518980039e-38
3.80106140289615263778659007446317240720701579412667364314759827197877381818903759843188815985258618420656661748834667291044921167552236556595934162432853819054863003713393473340876943361874474693725898449828254271238304461230079943160775272630250262307670262670463197608076417788630497777039225089968814958821e-38
-4.60024437668638215966361553476079195158780890827951122988457512407461180281769118983643479687038317260267366434045330959826195531836879626592106514638721008080699096031492877742953557727557847696700629604422902240883733278138177765919037814127651268356240680960280324656599419159621727430452487667201724926047e-38
5.47747457378133254155595671438653040516542028593974231819135787885815717734307831938292928863937486741057402411004742987354977698849200463543943051068421226260566816675636749006063896590250150078744570584357664500949666005260693461758282041438238125969185378650778755286225362883142786080253143771265550344227e-38
-6.28831720323468639368298131109818402552556002235119329813750438238498904505693824882592180883484963867088614631316890958312216513776128364132354535253737824344246397678523142381475649945266092291843159740511283478752799574062295582455758775871284137779748545854283935156971417051472113361179342216145737665523e-38
6.77070825849105877359462218526686665662776889323791644604352371297853107784603651544837703094090813923948544426625270353655016878212749917372204284998800618437212061660572591051041000262611136759990432466918170621760504797759276359241371874957229688991154683968837405149577982170140154685424292496888638176178e-38
-6.56747075294382774049402725116062293112750871636654125625380182391733859700778223066761797546157696092586955846390839865947578817425455115987046180311626572644191904181874856665577527851532050747035582436808913058278483580931577270288447962928050454259452955782990199192217526390993763294445149822049146318294e-38
5.38339940987033608603885277112273624130997984061649829219897551703554333977317697929329892492475594813265413949779519894509076646275744184362081592914265561161854972144890850161935889410548998035437782555208789262997747361740506560219023481827478449395933955309223444892239952420487243065128700189246822216921e-38
-3.31680430837147540712434135631505582602652202603238536020317893605403217816993781588777227557677642361585921579400608437503385647892570453378017020734606628713712664415985334286657612143452208544768858044950650569139252334335759483502874017298445346931670819279062307751071369414225060988258275063198174635513e-38
1.15268770871176074221421599021456397735100189929464689228278946393187918409654871811796692089000289292194688506509724103922351252636524332599845937537632723460846097324392875738460310267001446295124078128013251283708454423352144044713084579235785018425051093556747838155930900797462331335960269744456707610367e-38
