19 1
1.04796615467816366775444097203048064664934391552565853719246722490114589369708888218554316261307808787044934545417606980112844278932917201264808101175344786487866752528815856135266403163606209635950222756853104085690164219599778697333949403700546864812284326983079902877354651153228831800625835805478028864713e-41
-1.58685312757026556652241144173246467763717822202547944886252378324722444982850940602684970130597503962392605368636440318928640073396388387543411355443610549819804112720766422154688977179262797032979168259215520193584575325539239851632139551054830004026223040760522961530655725260921784831949922438341901812421e-41
9.70186068504229427202370954233378640494034241256658371401083651555754954844679511493675248531915315758588199054122325574736803323135770259425796782941214919668599333440197287090322489212642037667170622273243929415447750259232011248417065099362328571443022525965112870465207759695878050621496462215727329500185e-42
-8.28824845483855779967747393208066745213354730813497836035702908612112816843984451087789344868560733568799941931394958064032031312585873875239724507195441078550620493717467350066732657109031992462114683255896734280720116381669472886226585938736559507681639730409748627577157770764675803905100117787346284389713e-42
7.95537884770831217834036072977623569205274498823512607394923157673530697345936377292355335061222544298972032214633146349653092186099332687624859206758457104012828225541623977347943503696578491361241907523860804200201148728743080618200025699870193185669378245261516390830684998261203939588885850161833746262671e-42
-8.20962346465874733857761100454541941846357062656399908081380380696561364634508838258992146134799298131397065563430690687204628523951615719027595928640670020612330070699935695342606310176133799323371919010870502494132466227582530313005694547162549525028352791674328244062481514607165971324892855711443021292066e-42
8.93676747660843252495757707666473355869372090715715986111793628868984687769950400515435669717536689888816916067477091022245872970173671776292119134103949890129437816511214092080937219029083448211577332864169434622696541814678464710813236487984051349831966179714786270305617086340571359507343296740871858392266e-42
-1.01398653308494825658561980104610354329456672624984066070310636303201101562714967477168139769556425662721127916788598486085822674992915634517647424209792823843625508428096410019712080978011792495526701067081839491810263988235579753714983068782846305749452272180597098432038575333770303595305172702333605889775e-41
1.18749486136698222237309667070232056528070512335269252378881074766027717936849110615663342524396610749575888712350343192966372112028073837827253744242626798614219338991488676623018398243225245080919305343742269267425038536925249584153779822737738146962066527965656420145222971816773375551620081322253952653086e-41
-1.42176060271391814499436243219996713951506312879710640557616138680047273296862122084786255365169573843269536614726866224061264667734219689071322522162734436986531659287000068197427717746840539031930025311318621998694443537626159581295431033110245392435970945236702782299551316384509976971917696733152556622291e-41
1.7220947555348435953550325741699075264922734911638546303298799885403687477880087037559491276986316846300920331204821042022677668255873349095719341341109327660836176631778363380666856314511352959902431836848842836110024269351231963058741302074368353904151395906400428071061802507389244533168788963522725283883e-41
-2.08416434838268493417478823252878825422681691888895849070603516641047364019478793589218972349529627549417352749106686930251720459014350514562674174153516655651232386168459153737489435383692642063946332237513391468490521930328693297869648085720395761477753194886618211509992083408011581855333545963321539884315e-41
2.48159110125643403631773885660026908817493532900321792927130713534893328172492075908758996259682215940591030921182580406477872934764466904160136166712929380952117257625048283289072749147488969890448011005308674295647559759681796657617491841200671605800427402847826262014867131557494397130344542756838603082533e-41
-2.84893788066407178701333142984849941349019723041808550113403713379425911511003653973851071424186371834659280146770806230827729554499258478372359377377691141727711249904599754603138508305848510685100752786387228746983811957499745971015822428324418147944561115659173624905832512688113582078096454484903246613483e-41
3.06747632044597420956928493548441418368553558695960061380797515092956098413998758504006979413611271591912243952878559731620430112907033955549049328484891223837977836401067008213975749127380803038089198148636766240901866606758211713176809907303960040595340152848246600349922756216006125551156237866572359907601e-41
-2.97538888885184680361380597188269684346732432260873176573516611167316856900522361422727726347931598349261158766891724114386054284368401862344626442431771370649804761284977768693299817175298345407852295704689312286831598990304400086439644710312964277489530799973501657763030904894140912972565273406346269541476e-41
2.43893685463802875727842284796375049483880901934973529319654662795926073850932681465927978788424185303500413770267611450869064372311530753244080867309346813268882586682400646782277058604742255357517271345129728333482376652828574009522114555337107446666132354943733025047256892487369331983790254661811831423707e-41
-1.50266461503797077133316220343792317086521781786877286378272546259008362543010151544801150800780076429292972648243501560306332086376492063656116796292312527841924004561563668202480601371311035858625668724121274563990072972176702672161021751962924784858168815965111518219764890898859287057782460120841816390611e-41
5.22218223242210253036662281907295433857759384455818568117789202553050616585612201234309491371577399222705231370014905844152405160047068824334672915419257144980248587718981244223181339781641088800082043763233168835817965011414624849940948089011009908328545610324139869725182794020556714101825552297679126518482e-42
