19 1
6.529775069088033439105049570350525667135534596302787460323479679051425261383328150188118825360986459983386124138599193319816104356384282860294861677907317202107771658743317812571184470460283580183268270819578980016630149040290744362478807925656324174511614385028142412738121059204814389694896829156027449081e-38
-9.88752734800623863491388373816510611747885183834322508293052734794833038373804957356213568766186948128961876994749656998276027184715882137681514918205038326429433508038099752144441860685854829548460555668842257822023318618921185455858972906067969168590638201877286149214753569992177277990889902238341589439413e-38
6.04513500769789080393888052652154478558450111178842039391372758533803308932152374554539298421035951042222587961509819780002956486476685037138015972319999252981422903473095166429729268973150645611666241475399961477063096639055974418268922754737002733786730427021218108193173150129623059066199376110050015822055e-38
-5.16432708467110156317086410120327579967571687255749344952208928994400641567156723220220667373174548927431855967223877195280331175752504464161872122990594351851952920864994285972209051931012173449505152994450556072668406705066348975520857724994000220741191969064175592007243433806876564778841007307608561288646e-38
4.95691941243740442629714411322709882760951185270397709297834645324362127764893068189802869449753547604984902066807194419326078863805001176610960860362456077617637610279721262600909526644548924785536683486331023835126723877478220950908037622542460919168859570953775746288876574627807956320803688942050903108238e-38
-5.11533696453746233288465680164294459893844077931831722529257362869160780009788736954454847845138642269790273991395396276223378997795447036763668943911799839982399656865156743591946002207267337751911727735170346471851236128884955723859971540400871725988524602648873140615270289764881570907132478554653321880254e-38
5.56841362898277929135151431913763909049600424228412482847154444279912471355844533613879114022330509983300727093773814682821859862556580012253552158753388146778038617321720703772053679920299628170502985702798130435976936963449210025682999406501547638572207958595967494870406348877515540575535279645409011641816e-38
-6.31805265685381509820860159800523251514685868621158717239017680519550195928787289399959628608033977833061062002061669944177335114283914743804950755851259467173062872721513898005385479623069016973791722896218147537519786856551973446202377881184269971623150555974691465876454446385079874855561265129557413036681e-38
7.39916686417110347234547489478060790029453715967859549838472202834563822395460855310353679539194525363176975187670010669971657823452494829231863768732451705727423418587367060963798976942301341752857597536432685295225461317345057834740645193361454203559304282508160455638376217869371136575656843134087716523811e-38
-8.85885494613096625668099567285796890150330822930194894563901272582662660663509977363479819967324014179241399880278991265214147763935616456748980092227384537842639539115792554197434460000249085485226489812458355061182885284995488008484331641854197356130419703896557549714469616802860097499545849946182684224903e-38
1.07302093553928456296333849382242476066706292955488942497431356718820227137062876419595486236451021864254575386707596009176892320579020442589779482496181423941795422534331042357466358137600385184725795803207188591106952887787936893940456712415820796307895279695104885065883339021560932484343412984631898724155e-37
-1.29862319089086069297841141792154709582765917893515263177105987008143799048180154345165449027090596363586165666580948683192383621625709142981024563915520665955028296483272252596671093918855598050538658777191215612619146691578602639173337237634624095909952546924973524425841030432473321817102399720544433508219e-37
1.54625621781414542427187232169986390261560696364016883566482653424175838190922393270313409506333588282510954508715278673283366659989919631462339500855730563879961072707121359939634772734992290372099896600957297553116561933136527752596102457415342643893825652797164138784732019538890048599372305391618848211071e-37
-1.77514675905800658085234393079531831548656647527486671706990176547412608940237128149913987342971192412735754388507450052660614202637745601988821012352653021466149293795166062914187551832490323735202376800224578664813037352138918161451337740599578033516795516230678806178413704032247740586479732090276024682902e-37
1.91131626241743017726819425262121475621861561614063291111470384879538062532548094494383123352980121634002550483409177989506967400382593863690536943800041259269261070041484201788338144338181689093301083524803072585294983127959732351077418757137847577218309947304938276523472519176848904436645793176353445076114e-37
-1.85393767053916901842657307456149595689232858799804106180079616678959830246981383347744477955710405473603207672968786854949797587978500856803658530986370277681090971156711495618220588212198596124464796412568010054394054615120759796049708786682664251241989571580693171830713904545942532166022269437205606938064e-37
1.51967951218296030685619852505081288099724589743121545661010496554834399012049351898648402483781893450648200839091397116914346929393538860305487075321033441586580564153897125914796474821696081266270141801687375109737585839224120595199145968302676527027692091740317835149382095488749092977955464723688933447737e-37
-9.36296879015578075406621202243321867938340512260462847120980914337182879862840773102486247510662337253586160984080862723712611001895457375544898994702922567689062981647324756085939874012184717544566094831819292541660590424682152316808176114303298189625949903647409293079043752714728871389981891893558477966402e-38
3.25389554032707016906957814155397134242695038887664899126842672656172546381174345118131565327175282180325670272138048383093305721602986936818866408747527052770266565090230738820559910071458922708526947955544025879353497000556323055260798914227739380359879349220824965562330692984266626250718393032162775816744e-38
