19 1
6.52976554902491935700198281418407239727830721673484365100160275134503555568792750139618590295420971733585488313811098245536822953174280249030657110265795921327367683295165720519218087756122595978696618578327246881338320015587932091203010221710126164666617421480629351938676600456579020241344585866320494845692e-38
-9.88751292962903133225459611689990513097832085354905454562991376143142147246982870337703084712578083353302543111157543767567221845764805081643014104992832017116713494219842089697309280040181341396400121312440834366868247784993222965266608232757578065595620348180877092438250750024749705609728532028307998793533e-38
6.04512618361001264051946650531278648395145643025594745908756536493720905749966417539686885188715469078796523075152086398033322816716594769885093308264978127530042717350781142227778630458650403321101830401930262118583100542060466483836341146308529464666497991246327066554466402881414384015077896726457848170687e-38
-5.16431953271066479004321050786712752836941328267183008596732815652280683388615199261691621748876628215910966408262472764543562189571079368292387138009179106320293954647079855015600289215226052757166759314129221112697669011599256604998018784007857392449988779606200765315474209440868959815950159731755573603281e-38
4.95691214493626213065593878233020436498608313471879757767934490449033570844947690842678161137136280289320298662475889512646097095343531840389441033334531077339537832333811428215606289738836853968456725608673010612781589739341550143451911794145493877126728005306526838379080387941842694979564753850146860585457e-38
-5.11532943935146379214398599245013226912749970252268845673687795462272925993786627693301791910142293508664348396477582410376202719831428664669931183520645370962730499590935870354213501128478256634308139036633703320091309848898990808524047178257608805638316105977183411140351766519061536009902789308842120265413e-38
5.56840540308701400246830665474873431682703379008014951896135121437862097461128074887406565060069223048381578263394842772809338740030110597549898891060464507155274422172404777443223523976353670737924339329647939205462802165856822708463350869958653960282479637711471310035097195837971674739562225598258362012735e-38
-6.31804327738114453269319512575204127791066667346818411405181312223347615392677812347270838668060148860090632378329080067625750176458050217024998047952189604138881365807166371392054319093040827442968666186183307448520254626620985658202482205713418008720890790811696349743720311701672681681238494428822496484974e-38
7.39915581699583469631023826893564284796555877772036788018133308596349457542065707830227781086875746820705769102767487112960748668652095665325158682994923114297497844007243525571930237362475930029748734286604874733052550859661257079045346121040719106634573198498672464535426345140620383790221461463915033865066e-38
-8.85884163412918617383273529579722262572546973508930750235569181172015240466879408646850122202297822026408264965628841714736464678456335360938463588214882231264218526538194481587551090102331253839811703844162187995346318143935458768000276101692420808892001578261267583950894729816850205260966196178246631536224e-38
1.07301931152770071144008497489031486747928965029683519501719660081742248351507875904047421923424045737993893219338363849988550887815111498218768832168694762153508838095851004738785284022045966208225718651198933747961124125398776752923439765364202116251025873337260823293422519775822103092325801846812573131303e-37
-1.29862120986516454487254699630660726344343705171117038010439562046787211524554159385037885917767317043842716626708762543045073621678680671025375641923538202101851578182293174332227582479456839822353047463426508132203401218561390265071277723250732614717892503776575350191646214863645764368662498006595462461388e-37
1.5462538386859728045273212393435090150916712637366256417299416882999726893308975191555082451263312391721154693995903122906184983374040904493731150402556655703368844069102596217617089314746707158605026239826674748755865494677081910646155269677683050195225635047527537449178971517361985221048164186479969424239e-37
-1.77514400232005296863307997957899448807341784303278846681877110967278380862915496267924640521279885255139698144440898776906160051507649476948521120701614531283316891143354468983864703478175072455414116291482661730239997523121278388922087949539607236289835562123365600057488956432895479399818246671143788110773e-37
1.91131326459713676262942970134046446103387391531099436459994567804307986187950891070243397171988600882841370796898282178431675550677054964219686012327546374925250342241708522342247381633539157275358793435710480687054201480373674605812178040268253948509069084193033668044518382489812819182639527093899329566662e-37
-1.85393473181970530895618672712848299758790386074785677600116371288182065905276164982733600801061773449159280507128735883838865023569431940734491822404631900474037336323553035768784554340841193228671138107229015506046213821944245468156975959276477156275844425270417086522794099808920732130140625622567959105547e-37
1.51967707620177435239048631845969398796770124415754950844650981995384697702191582753362416255783077228701817185195836323559665475862190859499188504548863943019109188970816757450841847476672117099120740461149846625795284344915371489571356721546753565050803927843748411682809813626224965810423759948809285084191e-37
-9.36295360378821028463452719364481096089991165155317883722540121331254945640326540776474828455877053286812575962072908408132669571242070520952779907621633273371955043433803108193960298641117093825301402237845874971921645672496384397222508457793193356649178535408220694200005716873843977612948880060755426869321e-38
3.25389019699543549597549998434927921482525020015118314418041153440747773282096777690032403766797293268676019934654182971926690590428822829729608863208699080847975696567974492550298431661706483228480986288360696541670746007423078842190456116798364477698046296426249083322943808984779255412550414520441006557552e-38
