19 1
2.87221779889808524852993364899085017280362067049098402454218896420395235823211480969495147968168713567086739952696046594400189642367104643300056883134309247702876410309278769906955390555425111412531514326980713163485202406907158293660243449997138656943325693505271988020235480530372336094893145855005119720024e-42
-4.34919321497086512158290346403426769010409298672877787741573304160295332549464227576683182112796905848892089860137985835780596304425657135313135352868351151666597386349773037286822722187974419691571840396846615325427810424104140066688021923006827735802950788244641428254715430997678039947174069631053633877104e-42
2.65910992194253762477714748429088686763405292876460075960928436357108912228633487237839033198271754411696157119475282060461628024889263973216196199785089158814923972117048014175484181812278675496398410543915115447056977684156312739630760096879445735788539548341125173512688917741182229790916175054388738751798e-42
-2.27175103485744455321797926801113379446254540486331691304625845063009331107682031049546809275314673998874841441797813596634777618257036635946663420240002644724069589540921213911841947759937137011482389367101955952906364196160993811905146787614304747595392026466937619653843355939260468415637324380851729325409e-42
2.18063504351696415307483797366528865522487638853305116288018531722431019445897923385946627635279576986117421218438303792850849227011692223906615164058052213924852709687477975516274946307736029755287016706758253967461815663067947607646138651110249709856498831577219754005030538389251574394468134309179015441902e-42
-2.25048923087568490927018375102545101239774175167816251250609453133169261498412769498582564273530132053632987668601362385361231285934165915072243559615052215647530844485016058105672401555925335750186802860463121400181268280321303200950633141801605307885329997001494020233425517704108680269908528882587480620287e-42
2.45003998511891421797327715966962958852763157985888851946843103512750898420692390617450221200322896436548959571011034755216699989267963975614572175121614749752581565497119176701210273859390959375065091310400438086919897683345862555310561715532734958510376199045173427877891704649120189852109869552844943932529e-42
-2.78016998445299100459981449031286222028979411339067793636968544042943382140204055525014974147983354134197648905341310848611319789390172753349682827470479659011018604309729070309681696011748451071754264147066457374223392529597914757067672443619216173759114589422186603413693648032364006225616442908093651151259e-42
3.25630285237420858699331937971436326072554783505129061317073862163404206275558107756810286054922713679868238831053050854490133772873708581116636633458489658559901021157351764430505425818293330094414982868641697712035221833311279020284882740025400265888820117147909496702733253792287238259366134439599965655156e-42
-3.89924797188146225212017958477449776042631491454194333263518661550737393055844525981654766038243435947968034914858192391707134342125731185878449470668885478894817817407379705408075327352516472056088337659848835845466645917892645809135105695550913504219603496073569403790119837986868234939702809583494450855623e-42
4.72367703243787885425117576456189838193869177927458212637683492790078788899637297886386995362814319372333595455982236262596704972282887399159735534393693464526455948568865069803881851185361973041976264129286835379108425074071754608638760846435480649907860987714418933416330193397999584346939245563615694273344e-42
-5.71783127359623667231930412456300805265032392256503384086704742529876136831448100979957711819738360968329469771758729570111878035626112939684416805946464110186223019007774881525251470627632879899495083085269070725260748641647517652073326243808916657163589780794572203846014339752113868681053890858008849413726e-42
6.80946934475221694851459999452390715341089201513528398167529257237588355226685189858691603150982552442007410762705421576887707112623018094950875723595245341672229959016952420992297496061370736869461830371409028957895587596179571027801073908276052469156630975689888691588028298030441637175334262176910685929722e-42
-7.81910697800032526966627459753562834512909497786046548009421925561790319069653594693867148313141109035551434299756074650755725002328018770800547353770564645459808376933166341680396068598921256295052213870749792773938055896340742385985596250350820795941289625892576066811276647646329803978001918476253085334227e-42
8.42081225072373052276107640633435718978430997443422164618416881956906822440790175250179917378694973028952363407891471490524089985108712551435632266357157215434009045241834233560920155306195413708844694070757536153558681977081216320950612372398178411757098013974204053994028310345032567435595307232527673129486e-42
-8.17000945903176875406347831017611414177647482214894684815817638832452028340062405910083364555623360928088702501518874142633474800766872395966673139495258555343719503875555118437316442440476289775220364443063013829765058379454582810093762739956584655895923300347433478970559412825171386720075593511604144637058e-42
6.69873669816808703700660332400942287862922427271332165885928579886502202928333559077480020570187031905157502078371966444106496252821501461751732353463573793407494100761246228971958592695495227396828275129375462725376991379726202275863148908823231417924318880749513562761275203084711328817199616542823644585633e-42
-4.1283396229629191742070076518422951341682882751588917899292258897048135268867004791841095625342479727118258388008712511205136520355783207208607281806309242973616334764036037619799082453706539145942607091250114052574385286953959016517163774031353861732151185006526760408717493613419544261302646080842445201423e-42
1.4351386882010329376107427860489654415676527274280569707247186116351856639058453930294137212181672046019695949029586495558246564941338972610430906064499942439023069206265419064714783568231012890079776806099524436286189639893408460001661836517692256397020936093586719316688685482883017505487960409538133150463e-42
