19 1
6.52977824536927784197561436699407184350690855555956076073843635047668394130928731796000677353245981769586763452526458012267524563434589256705254700666161677265164156760486325273513906332374983193706687361772414682212346674503317142440346019606020223352606222204281511469293036989422771026970405913026657839931e-38
-9.88753215856491993646264015297530445449313947446819028129445364639520407828839967653193383989003009365859920106142004574154836989544951391487831900174042489430720626931900037569255537225892855313091377068422249050465449064927550941592437164406674049075649969528870152519579663596853002985009044431130994100688e-38
6.0451379517738651063366244081912810216793896643791817209798346685080393017973871788311433643220129192926581006217971408332933946644518687855575667792971752325746801590179448011024721802951991801715097428051980781600521964193958893893712740949611692791840639180573405316649468105716297271297772379411307983792e-38
-5.16432960431399767722687442691394153939285240962154784364735752689498887246400992325389237029894746633013523020219022789417428472327087246421822604045482817710058329078570438425866569017536728623167197127702397922577761409184639045677994649141630775725141536508989199015831694447040347033540348695359358672751e-38
4.95692183717383786639085121447107372478862063715958932373638125160909523693989332659447247481230591824425505107163444480050604752474357812132929553968780185220231122261034100011191464293727762445787811322551796960296596509854465453806816132052946027722184026976468937323613498203422414985188899034601601588015e-38
-5.11533947524919953408218978265389883267754532845382656314172452730297261392682830143456846333610017053621066548276690689121288487706212809615095340890047291370029162800955591949912903953055603463974100327545016051946700012743648976534350309728356426770958919588294952328454316506820878639722142931913175901983e-38
5.56841637348156245374821133961662513150944519566295268691584128993270835158917869489055681555382216167906670944626833796452677329278804264564832338980671206250486692086554489447408477276980500563418935816224802389910053919067052058095409412525583357643862294874589167949457622732307725778055140211694305135269e-38
-6.31805578623545378282269146932029725483374706021685130647063191785024288443470382762284440150204274974058661370323097313617394929090615359380124282279254514117409420219033303577435887408509000997251529723175705817793854614160836866404305811370969388638757934593545866755160689034194659711426599853278868247074e-38
7.39917054997019685172213681225227988433846415629093587432967629400132816833050150818347887219465777059291529285589718669009539652038643943773783844262505077050685949157604711275603815817458904935893455404835875250668525898511195070691011331927287249199869923005058370531651690536179656194645364965853710285007e-38
-8.85885938757431032783302410069937400605701513302042485948969585622007389992582869860491092390519867153016725109867353997427973302074668994729289542787289463534366526009105111645130123095942919345716652044782905944183134521138783530125921279270927408053199451101721839673049798051913995923090156249554166306841e-38
1.07302147737828809686009384121112953509614154460778809947331709643538948275045887148597716291056890924005440817405877899512676447941985700558164463101177080734247414768587880997999971081332639585351949154598836540602719326434808501870707968619558564195498949318456436439533399642957966863903593177374212136872e-37
-1.29862385184551772682095039716038711663268649647394162857830168281327703240645069188514461882021218172259349764315613932281946985529839365988016567893984982313924946758073524878975873208660244207370891228925747285927809238792728842404322151766417640203290045948022355370492337421963435713118239496918640411101e-37
1.54625701159358939746871066068012653935101436010299927643234200135159357316541910766279530206613736280391847454955665622918611669502658480237440324881813837290626743925671092868854238294164565473880648853432347384921536932942020869717439984414823275434896895289181344689569857548120606078112419337171352961097e-37
-1.77514767882532845394828444612311036652553189405182590140467066728356619342833258918591900324521993244973558585228578599468008833311050957521298599868826579449757664904553121396568009519814817629899008383804107754688690959800305529780133569199604287152293735054067851355539887218758573954696645103443673128418e-37
1.91131726262145275760612395953815950435544939575957017193712944790672329305481757418797798958463694360003418058374054609630641830520780604311126952222591436990439718744144674159296156557460128460744521505344271189609711171860295066226228722161218235614341053793987024014581740147848728440631174310961612294209e-37
-1.8539386510257863495751096761355304970320802277898569348769229158939643340637852803504356717375785421303611937815213806108220295680557191697091339860271281461708578733201156745218535085485955600806982743861238436951345675144217121557377178121464454199964476843183608543737947095430308096325376315482794704606e-37
1.5196803249349395978082035818231119335927638484208345590716235284144185649423182670778584617177489207924218622018502283811949754857078430305793260075079552580978914252697605370449446111625445731359725470638821974001842399788332770194350761783062257103811540249049390263405559267333277413453905876690057032606e-37
-9.36297385701225271466290817672898427801811609448821895311940956321874805298779524802837674575351273964436211499788087265013814567579050871446453433696864684442304599033363774399546545193161444436290020972472618145337750835734543713187514494556299429133199779942210904193160767964407191913047099814253782301504e-38
3.25389732310576423863240349008174628375765140709055546479686658114025527493219806716607862369808760827898867303794424785291630139803088588575021519993794713140006901963825532264410295043558188235927272287180282264431095800429215261991600061904371935457525015951781741823828867462939607065395275260203331183429e-38
