19 1
886584301644422184069.497578073297252482610561716409647314074074128993594125041018090242760308209841836230687512610703988112014496880319065621682948752938420049397692707991003993941311182975205479519954952162679973794677614143406428566930120129434974410521219584938812344574203343038262450523073406867362431612
-1327714993130110151428.93506276515272314256532239130077686962031076990004317324122546459210748775721712682084510389545316031328094448248743959818847407275591359124780418251125332981110530100851924936972468961659909801379813087202573804528270616237056060504606978869020585855782445027648862268526517456330776626
915835511701601020764.701063417930398848130388387943964920198022797760001243732190783117771287245368150371874255683034745960857545419169079066770627417039077236323019906037659415160952818145335824430441795917116102110059254726308716109607542707537296172279515945135502637557407549033972628873724451386834759044
-646590862241899281381.800109070088950690825319069363729415751493710525762468286079985322852459573842645127925807873879024706705496755981952409238644789864964725270871109662745376962186522871398550413016837812602299607906468294144328902303353124606833453191682120307764871349480151632973046178316330481136816916
796925021063155385748.270473553856186985754474042160166789357337557880529230290512473663935439526354513527476581689040650994008982864984403139759736145509833697230452107100011910723308029425021839135827723818093071738191727916682990365000507501199035957419552097794419945166269228986916844505456443081420479992
-649634121657739890407.816207103359187591671454788944229002534001196629873032321667578733917833009427385837383557060528811643271167773666478008700880154648742579075822987826029419275193438530723377196961353441928084080600957836722183887491225857936090227129347403167211971353399217602170707641801309439857423495
878176390829852868626.852717086627939470083381529952271034411186513402090191561699092788862460460434135546017919075175206262556409838095894316171446822415872781399823144090475435534183885519680207830317134763044356881943922901503330879242621263360117756580580366291469478081468826712042650352411580036375720698
-842731072001829250616.644775043029438562283908534234928472006971530455755254299112072804367347242883534358600246238469726093626033023480505059208969516762647769010942141107139900073700679346904842163079247089269388732162212909032926828783920080713598344618709066156547380963831475208353196528939764757981572227
1136533262007416477726.21410990505890938580392272797254191798163907325866583787821257428594307296974854148320533638643287418792117379304201246936186619229236021883317033126798115776063320479091395544559331375569885779929019939118764472044428294593158640449307417182478828758955136226383688852532827734099244794
-1238003388146143199800.73634944533042712087629857829566772062190925434093122736995433248214149869494357232200802927708815947696683195646573458390493848304060162214198645192367044775333228489678423944050605580170550327616986888987205743207041315040849954505147367783460005244921752383256254638345275825553613202
1631743845479658017774.35636207926917347971470597662923064820548315015772051790549229445000752300517514952439593395058271018737160320647048485944422841177863432122894880756859710844719030594507400709795934667565749249578235618189605585322138356662427327310274969509226490641548176397033764276205961930496071229
-1910195482822042258309.60381101174495138934866198987977652451238335203604315024657476001405541734607871809682133409759931555188834984167332235409690044260993538357420182884592450018772501363720056973351250638831997860360650290331782875256765836096577074598787993080197716172913431649036510110718709925766142096
2357539097704260687175.49361790773648922082064403332787693121793330060407476621932462073800959074859397428401266534723014363041865031700594399168170567680486656897099771864098186538077884583695576515019427633410518020894490935561261293024749836526090099822387474163239666713472902990722232759778521916031509922
-2753720131956076234747.1521246707732716815775271349690943163017018091125607127372911096905945025273923255802843495883615510149203720606719252282339402483706350393267387406123063910180788234772947737710597872211363098866713795037734021939569253259388624030240919614283476229424427374456676092232300839419323861
3032083330407365200150.53806279368139849518205120145630111602092773074153657811790784853344683490087256221573720999641219225866622088253981187929639665281096288823959635855657326346984156486345500201521369160000462349097724198590257371116853671377074836308431836860904921928873150415541785952575828305838411033
-3024485604564724376709.92023179929400847482923771595128516269521306592505914092324631275174922485813559578641937579565415426308857108982622526951481917474743369453573213284784941927052621495849456995316266754244549618817754232080239098857685725553253120035648827464470449142837901671822631745877134032536360393
2561211767382580002284.51042706370808190817172555251308969807592771157106649485699330547289411638049406526043498070925185009132422354175016855737660521270124851099839422219657582277567208960426446171410546009075819656199408451126098329594962132687472585749377193082903402824994330969177584860415717753763004599
-1650258967475542125134.81023437464114483514265197078359292974701338422203721946199507579707722800137980225947815794412450396580009757801949645698969337844430006288134843238394526395428547042105516940418835042216539545549229246754631915872823746810525234819095996593461040673679971123715479126744560930567142994
609592446037168836821.172643051070293383609910221296877093162524123276870531539513152576766139798741259453798406710724490155475743728618217787533149082555213503750563192896533483786618047572011437570312937875679305894211494324272543762383503280244239342042647786903016244880752262809661661105156060750128068968
