19 1
6.52976797805623534043699834362929152066475047090888894711228686770694675519367564392494422802295464497909773461783018101371911794037768393076978034818026107033386839916840288038296407555933180437988696477658919795709126019337100106071671455943169691403071718496961247072515760405323359734512883794817232173306e-38
-9.88751660845855647760731151360425781155969332560129660122153949752797174890187351300711130627793833093984459320118321398216668416008286239413894388454308173175134994446174693519998840322410079982637532399002766768834164134645812589611654928318082027920482168734531199431684147965206618702158434859242006869234e-38
6.04512843506399056824772825237689405302825572749449895583940969984399310063823258310456912692942349776358254016159826784656754879797272585691880426055503365654919956120645262965224775338322676628895048146450455255889631782779368753136423008231351093054675385237378019490765435579172076671362976884870725588991e-38
-5.16432145958281733001641968854580644211953650145548167939376303967527977217241714516534388913471322914831594485954152341396772602601390618964104970438149224574194815311392478959347102639361435118694261795019493448873843601937834144430084429482043970278862698985523118931143057729561072870277073070593582539783e-38
4.95691399922868397885347375264730072074721454638813410717898094656243899386551034981628201291511482898268892322565899005414538690816157424054792197965277400733448586987529265383552376800178487754855931316969187499083809986895893505846624033323866048400532757143569926842637950109988163900893650730750333710098e-38
-5.11533135939134797113529668008975471644975814249355659727205531197709415354722608362646117717119716461116235016911863590495406039868980655011380328362731657193625539930951667075296214619426645443074784304868310945217642260489285772193274827488459824818673579103112565567026019284108532700999855940258642884814e-38
5.56840750191132870942499175390993729802666182449367655033883951806962045017336984187220646099455571238865714481131730646976574160336619637554706839433424426103201842963421604522374564798174388018280839220587889119643735034384600808055135287477745994719640698439256899150197289017218394689304405999178706240409e-38
-6.3180456705379614418383402960293760169604301925997919444147329104226808000475539692487553043428022451434403505713970846556453221642707423168390188634565158156884723769594289559378619473022306624957560975508136165936995584983266073698997329458935340174472124889420213178706661033799160910903720481982353303458e-38
7.39915863566307602575016909128930511114736938074413670955618940452679989622733009712947310495662913513483938072982721404472548296295237516263585729881089897877969120251015848420652291010648838400470977607439984922923365564466117934361877464559460117317669873924203045743572316205783080089492525854442999581205e-38
-8.85884503066139923643100261364499884168461221776323804234177620233976806013266802018829857324090475071171418925422542045895436944472855476427353731389978246609019997917674694173414734891503535217751300431594389175998664376440828007361085390778830303510608996949402253279327356563813753176634102301978226658096e-38
1.07301972589099772102229621498934732183521932039448948259320473442007549310253389492724479255741880843444750184876032718077766001473453476286256784983789272309881260206656456695162023536491246494403818711059741676908128500755231931051288110094094527985807438979656495507815249933509860814868658012830109390975e-37
-1.29862171531962462263993051627302101540018109960656939009630530546259792072845860859685734669277890952660312191464958626448249372079677475674795083603324418428051315213736061922376113755264300214987592223329144404094707188042398103364256710447784328914896204929985671059684442468725973035484607170915256745834e-37
1.5462544457150744654436798155483602127897967728070559659565672466806961745193208030282257136659863740509980515657876678743201107076155477004154361612357260914888357994886790521433750268655267492854335495897127869848040706184438471151422143456296425721771093791378843365632002465878188209226076601692244574126e-37
-1.77514470569498854732694145844283036475223105560283415893964235088851348216472153682949298849636866383184815599745491006692338903674462291193136873820497970361925363021289601217953921120041230379030330006872122897281811239210470877442769859117936680917051219502699246586098729387353516298388688028283515349078e-37
1.91131402948313688298054147555833201060311816779267164781509091940190272153333985273213882254862043702485499323412295170806336786854282923515322479826670557056897509142206155379146555846311829527107025758769722548859259525277411200242774732965843629014418957110918806811213462910727215789673271641551447563859e-37
-1.85393548162576269273097924143205639560537391743174864621884550167863923165666613864885341760629798144041386028671471296846829718843521200227908184424879045851637573070673381044644223282024347149422384961787608719401010547384307309430447775478551498359023061563874948162964870758272588119577643653280320456409e-37
1.5196776977351130190965933100874444921232589042049175516906798500563480343464320193572193994280435966981670742212825467107278670246177872747059202276788823976686312423163034233873413381790855307503893421730898920162586178412639504625025048221718095496225521747287691952640689861891022559904692108900789320636e-37
-9.36295747854169134385444050801021322634573736038317501759003659328490577118673338624398133988410974785555350331795509936604739299180288351408342548241511452376637373324017079175884598081566219763572262882965112989023882388737557277827440851361770830545412713520977535310608141687209800071375810148045995264548e-38
3.25389156032846910434829976116197844947837927123640048816898786560159503937397549128407578932722176426772272061269010788149685131354538950960939133434284150918030425065454617387455650350698452001953312481681850805225068360632923006200017364629462757888918734510276581873805158146354248120137302020639665161225e-38
