19 1
1.04796341988972958686682205653852880406752860608369903304090455050837502684330414873348470118509187851950279282039989207042049880770548639891048595270082226584042244974059748251771437258841617006468607478751402484027201183536329341246509415537457568928853019103646951565855074786057217887273510608538485496968e-41
-1.586848986212839635732616647883278559337915913762009736193398092744661574644265306384839898334144140130045481231272260493985556257677894071233458201057470349644686117338062750291480597128420850990585193759285544339831926932333270715245354431434519187204678624967625024074462535719962578829006369249967424409e-41
9.70183535659834273781394734819379530041917930287377827366352550120287609344297603890193543093129497742501629318962720954027110080925611786395601561333540669847139704680217582338503843198782937978120776376127517711835551784158172935530325430956199066484581795553118305580604776502599397365029091859268711072074e-42
-8.28822680365713775267973961758278064067777991262822565919265610311884119413299030519161790848475863127994684302052932653409589304272308150158237351411527948924707038938039265273881091091263011180878070193221191054326078793873855783992853350101686955759888773366258128500071435982983666313097686333563263767537e-42
7.95535804773782535809963359922879679209871279758253640155080161240645351326678480726150890936337309168963932531047004445538707042891522965244442127949315554858155403546499234488403210362726432687911276623346889357529245509998701937430936123702642492626292952084488425531477510514875767963349932815379036818279e-42
-8.20960197520146042309932901153508475749351665840688800302719473064536336560473953295215040543479847563282574403071905598004803137139020235578079720035345937985347307433927228433674611552422038235566243550507772011401699489306077741760762077660457666670168127147978158104885540828065085199181786310437973073896e-42
8.93674405051019153156876172716971380885576518434058380102821152980409484674791416659894821505782237004127747017822185916820038384963517911826059114604393047614607524914688839873301548110254657125134429232935152992739328169210137897226346770704829637033287852294094925748083009475342589391817613209202371542989e-42
-1.01398387061067523970099267787423117184977197578495056480607935132372489716423288832392908886813967134903269555552305221471149884275939109166800457328069566753166156985545398854178794870202678517643445197785111677906364836410407582037562133988284442996374393589320701943924143788161101198959199201888929388185e-41
1.18749173719775522902237644311693961888643391132374151263670607816493828548545179782669187939139517076236633871447796293201480259735860934262238552766924746729382527010517350970761628508396207262092003606212035760158012579477496269779051408173559005630103390967032920042562301177714206940662414526044176706972e-41
-1.42175685389871755497787476638450283190141094044373845585663567099120001226916115196698020293117116953718545121972431230452845604222622116882204121870112615379914327889824129702758028069455804109987731224793809951948029541792765064790657989771311470284666438794015854189457709072293413361768068791119120486607e-41
1.7220902035192250828917046071136336037226424553283540342166232244285076937690884611677507514363888167419842026729996310364321295390702569292607082805840622798923192773733709859207893966747836432347557100570269327168793157430905820101070136157406562044515235001541451604583738005857690233251164425013612752947e-41
-2.08415882415784198285199539937239005856654556528112041668273061370250552958214817096288633140719588898777258877442426570764158778941282566433810949161091812916238923381725834577744266393918782845920763339874316713999031025035233475016781767989343416620482496341792357883712346740235016818061001962387868355653e-41
2.48158450382487527010191261050995345222821362538956242017713322278587445954874040339123474779548234054507564001204664916724594006746372064373638175562770614870120780946129988715235673514984653240383962673838688006602580145118102968574782718322140314759024696244215061778348855303141508735048289234118590311694e-41
-2.84893028187277460977014547140657964114977856379469483694109034926157641941322836282549184151852436901343423380623125154608387555479546013346093686994235159496287568267550921852793015093871580984704899559921176032675980728204470039919317277960536503265570724238645083575688631699817227834321219754619781404116e-41
3.06746810993660643463465635284840477573595762099511532298876628891321060722380061331672903376474771972601583555189084755241083785077548638929432673586712163694136070725689869357721695167213614605831656509263392088479049326772152993260896017044732248819032504288598582412421947232629269760854574446737577242818e-41
-2.97538089475757460707065046374793246965200976383450719153258343768531132838405184295846989303243279840637275551960925094749181850161810765155287422167951526796441914144980025955632108892844521466174649359275306911062480295232036384867908015710338763038683904146109051412115227314297251006893762491720470719992e-41
2.43893027547297822705166922226109050654433057042958670501397391652520176445880222111185122658660602921781152578655105422715829408228638049002640659128018934864133505920507132467839582594607313420115025276737565711096349902384825971291058921447735821560181591737511819155405254731054216399767591833842948500731e-41
-1.50266054420099883022364015564673897186975494293365182503326417246617551743639490911958643889301342606043172688053292328102005340073375857094830091084178813383991280844866989418028473501463210217046661875926017118610367740405565748377178686349237946324070708073484139733526356573954229282134448345489362257713e-41
5.22216802123235408957237152366415806664597888620932159317902732176514627126915177417135403507714231741759713084342722227416175047998112487460482736525687121970245894785262291894575162949130736241619609083048246536898640626657405236625925178265203816900023430956006223515924024919653093300162466072839772615227e-42
