19 1
6.52977932324036723638353177155403425065579499341514771999285716734833532777370267945276096623397725231286814105425722462670158996282533367643143558274807549728999690412655590204628917970093310837227553610195490971411702417810942679790532350635251988976890721696979438165235180630196321833328454583661285171616e-38
-9.8875337910280966575647514585111289014086936094917245734209417017807473139135710951861951449736235706574256713065561047507463926989468258254955117745333349034243335105075560308555626392627419656162450180198455410783334618369305798753077662296532519023795965496131827687835343956733818789819050020794637228425e-38
6.04513895084614330519819122239311709522778850373783594504809595021950225553588292245455125761600145507352397355141310211652801181639208071920983604066178272571427079902504998699742343236576003549322162790698000158878522427511052804355179928821158754218750516810742390371648649590229416751983337538748635379774e-38
-5.1643304593549619348963248469449795166343012965258221919533274214555253471732476105536321715163646121982124604287954280133588004792878748022934829913153226055620635352091830921728048228536718006803318182053611672430949033509582728506460519971676526019904368531137975148932303461617386706465451599407315841777e-38
4.95692266000837846612539486287156304250074689205120525870919908778054477009145793509005156823371854506555328338707980641186831873347708517772468997083402836270585183179832380439160036982384656616493980402046664950786757117891421046683985133738091360041610485917807904911742766636579540571043516180759690598749e-38
-5.11534032725958885227186028126644855253361800888379524912648375294963597810025502512193683184414464112833229047776204399240515907933375157023491169228464608952039205873211408083737803886501068810689922832967158105527482077195684826228350424893743994652964230699991367139909716238619301940123564785344873916016e-38
5.56841730482778187325553043394440871138372978541521555934901436278628255602600948995286796200031011080233156763149042460285500074717333121753289004319338829914869371828255528003584299142636096357676589111932849047652253016513183979566248583475964902279124895529822335044251866380070640439401337539816161592171e-38
-6.31805684819196690283249834636706799265692682239571682890081383272839036287459107443027691103164745027031425762496087113043799938197815538857505482817084112034312988329876964276367605408736103092223914217249374183308955444531397756898482520155267096894913476599430138271193155956666570889074305643458263296683e-38
7.39917180074742054880688960593451914091262847477795208645523413055121163674396156678964711886617771653126417907653522928937390900367132213183408819109760283302011798172816818790750906961573947485371049728186810453428314103132337483705854243504345248327166283308313846138463135543672408778816938876892222200627e-38
-8.85886089478007770166680697593408227452226163470740018182216100403505912841323049450532380524154421325810391127407885292270783803177484039332325896143616120862244626656141320817992971107001986608968868213501763930987031609347117806750506961314705947914881725990633199144988468563331208534948694108453589656838e-38
1.07302166125164815163963798048621235847019221524179209545365916789972307541853584713985699362587286226804272271720406260488951702476944454273530262348065564859006183307617206955949068384057817467413292215214687712032220622049790662152397988665623416937270451108321970167953154124680963037661921553783171627233e-37
-1.29862407614091146922808619067438082515828554744084196126562285141650271911332798395696820060863275617637452487454682771404382514687751421566934865133201296139073575488982243042027876388876678567683043302875340822076309770602751196342235834244388711380483996082083019168006823117555779156385993942813745269932e-37
1.54625728096325456790221348443235603465699835060070990641640925101492555185398312138233707798831495512914731129048522711940279391829225941224835197254218884217562427118038250105591219974614198366184608872199705165053303757898187070596592376669742222646864305623930405683105388510825995229092286164574132693515e-37
-1.77514799094919275141705270066237277425851134885974187165666474906193500984644835027484157985074384858328989121370406161722646722773736869189159576563195051713490526797119751234161822516279798556575672169416151254975142432705459421955900400348325802108926050875169231185696403829595567937962553500963239434682e-37
1.91131760204171716778405543494054079216988915172682980171121482140295899071640857635215977162617508485983885760880403540893520743240661480782820299008555945934942099863353486032934474540489109488722231055473664398927039136411870338466545873104871328334179398922092300274403152863645798557016659332900148498017e-37
-1.85393898375506717566113500639862518819917050771477915228831934918956928115986762315738703922275134688188175175467713276746655303762000401294244271601041284943174649237354196350044863926665636803312110742159861179904169916123041305456429032362265384395499041766038559762100297820770839797210110656101890552742e-37
1.51968060074339476312104312388240290399119615932799862056101193235280773397319648210529836456430963082247846306016353372921974439483093673066592910398493497092563094301256970145863303432160442534376304837419495310513108225568588340338371810017026874214033016932279079648747694499658985627155409891929536559381e-37
-9.36297557645745298476792778283748415692334799563282516079052463047575285766933419057544175362382939684469809784900799892509498000180728045593900811362839925919960036871703138349469330881423547869091338796462155980885742712851304514353331288026322458834327948133807915185235251962458980105355121600262553555462e-38
3.25389792809462215169830650579166136441864407504843513067895315977611892024369907344238745711480207872211534258172002746451824548787437524194479494404573214402145772384196016127192082058576127746902180273175591367799281068723719416676951185401056361211848629833238602724231951619930793382286132206934700353534e-38
