19 1
1.04796544838229370083899109678996084070084808547010625453637883378014176573395597377940784695153912554129733169118236185898897101098376482010957859544736865667338001979565937992101439708135476453638849049377554485599799793116203900453243399720550064457181203500119955206690479516718234516275907114678680034402e-41
-1.5868520580090470531344898094035798824065866410356789760474732486544197990272548250613620454593229010013208748652788273403876222667988974862306768331066598949475740361565357093473817694579203337124669560922941265077451910801262337441453618076607505055110980098646324524969819890628895692352787110185952425016e-41
9.70185414363116452172258998353330160868668661563199867460548457609692392729642920687289956960523783311196105302523631170696180779214212200473140617317009910956394345664572407235785542704178633458714123908727782354596353229621800552297927180457387372942224510075230357638104818818748679179875178841685606177211e-42
-8.28824286312984092309826357836174530021082314304027878002156352240939332263927305536297342981877344207810546381227942899400420699187265645998181094949462430377008726405188603527624152701325157155562837362267747520454390947901671282154435972139495347186784076966027066903439348739797072685271765678524672160957e-42
7.95537347583617004902716925822947199541455598511164726361618783533465426199655031761520165312042908294544963258136989574427774260696777096084363491955362223110973553768860779910094117551659433949927296266080333661375902562112874664402825518034980578410870255950886960242978054616404842078220216577211970981635e-42
-8.2096179147172386919055942347488735570873112022457159847397871898096486235872955520787870386497581218979932306009092306237338715289829917396680882370420412620645634931253502557229106111409768143205580128646008288954336444901041984350925235041002923829217761833428660672814957097513518134051294067641908151756e-42
8.93676142650316761000793156100412153316906140112531169322599751761612996090919018901375745724613417014164910231582832804976245961997296562005034763762228023335082085654117626213910088543497461154648459648789431863378489174538974259084671971091201165521093102363075696446691158458331718452278390207425353358302e-42
-1.01398584546509839589859569254409981898588333006313771857711744923321382683469393339552142507415206955826205821944255657542621252113908355919233568485336214807468343291877509947521331840789493263447447002103317310206867307027540958293216555284096364598747822746075079870413440641230293241644599095271962502861e-41
1.18749405450815933926210524231370805778191315165383461356394163113658595571269476391734300468226354552040213193821681272904066988338267868253458936715111358146849716344759579806162184812544502605653714985319182101684061926608838434277118481920771543368217399536917696412572938520581936479162012397895452085609e-41
-1.42175963453180862988928850943949052286001965474623049376714106038195598964597581966431985759967846751183231306946359934367346168993457344875353451369202251488337300689509891881403702828424392900169630750723089602519948117061437140669215625623344163974039432131260610347808229787872496234394239632936716320991e-41
1.7220935799153306680182871558307761091140003713418069730061369164095899046430411337385076301959611547396360958939991577510602493794319258926642082610859961776141069460088401830642809671118922127576460454479978415264586331878969581327708400589377806458183889432620806462759439047777507448638275418124872880187e-41
-2.08416292167693192162535607574269510493005556147298943697089210382915757275092870741824311738865031283374287768105081357634756203519723684263381511979851082199620269304621328299021312256298148565326210964020491140096054120730772079942410529376247908634784733825256762915100150930092238296153269336545304392228e-41
2.48158939738043612210963097730582664440764965790176546568943605034379747971543733699855621614626604683684255093409320158598842403523533799899617115162286247600769215980950172892113933092322550141021202518486812563230989515284005010977964518122920078505650103532621669900365419451839473703462812301230160422217e-41
-2.84893591817324188006854233872229690277452241024951752796518611802745621582686488167665082586331910521697615090538662958889011956572175564534644513839453795373943146020252994113582845409667785991718143693059422955061324999756864018912962111595892610203587882947066082768452847690993508722347954050178604231816e-41
3.06747419997051624158094650801375154878967858875420040039474706051287938543365146579841839541787437138339379225959961347868698744928148221726902723329681593574416476535189143936647089115151518752820824437936786187193422323993088967518116249554131623660245780001480220677544923030048649388800337974279078886388e-41
-2.97538682426837138507930451582608382811493581949745963023626865173329946780997856715995852298074496933707845281024406669213606760836372999638774593815770901196415754589116283071272351307950942369446282103365592841324885258571988778044224535330724205751470513814961017686272561352695397239054829934751754086121e-41
2.438935155479118290314536344726016319214967281225649664005377642376421185828755560991608108336576928700680583468162708126359955303875887304594170208448088187618495632224388472638872053073185038840855434057790227666681339090411632087410930885860703353861612119187499704028968206633859837121123796225310317419e-41
-1.50266356368883494919686950982598791213788406622144608987014708770196616497920939376981270845274602793036015872915511508620507625568686712857507547875482370655041916151743011896872810073635343014320750340991860775593980567526759439153311165139283555386243947883241910401125457038561340448125348745718408171043e-41
5.22217856218832073324251737270466485514074602797994893214970501725995098563829561794100923913768247681239214663314533274332865386960052120857961749511246200624443779389917481929271217797924967335449905052721320386442869594178974247971553167177411665148169665404693712520396185031274228962694346522583763271735e-42
