19 1
6.52976435409528613522361519594706855553630644480758862669930911928890240726750602261972357408346569380883006908723312892800474011257891056219423256923415750738619771591211571641942919727522386308639961155029443483647164967451114230433200807087053443469548070998329157425790908809025519109284838106995157521871e-38
-9.88751111987781308849525086128603999886898019767018532247205998542470585183323723555087241542190269864565801899255174118379264572043030652422086571866464796656577970905949502992465548529055930457158158583404612641667821070025212892531254632322367133712557086089379562998426859138282446284985882211161684720498e-38
6.04512507603723608418910492243834192166118332571587269222559466246492595710259386399177304941879071709708668217119062500898053176300884759387222574422194280494124371062530013526906557478052049027401589404464575070569541586271152204612380484940472784127720676599802733785019758145702642000693686068540460301087e-38
-5.16431858481165282730295597590062268106479853218460365235004325038614434103244839969666243997638412509500109763640096070376416314010062422450032029741380993726004670016263420385403144584758874975875811659029057723568303574260831027445077131152910028233717534017103035022927755648161591981150170029538628584279e-38
4.95691123274196438886946559046224452354562614093885346524053053905962764825998384165537895659154316488596278450014563759906066474252559140649996249732263499134760580468750034114657975806847148701592620752513546714598808099348022480555117321221135315182932844317790097305598879754100985189886382675504189377029e-38
-5.11532849481369833791861404360196669904658060584930724167868061549542752642808341704176912898126498480988162483010229252326690142222489762226408420614723611130540451957746997502995216619914893105661709800554482372860263445808158042952119187329144821253975528914674922796504097923757658475556356668726390372777e-38
5.5684043705988095741935278189357913812035853813225437028946064074937550249341257860992319439414873501918644631812681070621578265468636134446380908132092628323124971196167102485761786859622304589879426751866495591125177137940415244963499791147005255074216273426568909861372464070981464944812321611859266144519e-38
-6.31804210010025809588713199618453276168041036555414572005781582745155310638418570026347373210687240922580498577850653262884483123895400978388417531356613734101285499033784642767403523432003623135697675137360341369800248783745643404326810085888628543699230358700493065208161622441981911511668405083542244409128e-38
7.39915443039117338265433631172420186578296484959174520094959549422100384902235315044753948102509056863366953912667622957582919369368349550906750999585234873772479291415721173838094873179336464689602085340310435441693729842925135486149905557966720182315654127681571214782686014235677765759543346500530091659769e-38
-8.85883996325216346723369683165377000709641711610385631823374281074964287033038323600551152700232684994711865186400879545224417636788315553381584402461079871109479475996589121157056325502711505299476442000271218655360345503341709079463880444257291247038741354063190484452921773975193830014704861462747416553864e-38
1.07301910768746177606694956226302243103312135216927347468738536668827218218094829871857498794305405177155121236664509569774325478499641216182722550538414590776357221962057206398518473504299360304477830762678145834103746003343682700427176002532946496698549973590865188514755157164603283910072250707729275491229e-37
-1.29862096121396798809631471951693907992874899666387465026310298765490007063536712563552572443803904027908014568241149235786918169838300445024438494534155662447907372827232979303805407002669453985190348774350570095749283208397382431252046366105666732236889902683784741294039587837746501468103184238584439418322e-37
1.54625354006665175811891197615810677628790453661519206229098834457380479317611826494815832109700329029054852437498578091156035668345322386695971945737097198129953919325781587818033838678268380687246231629042748378114707543265502874414698704083899115905842739445896215245644303024103774932402901729551853689096e-37
-1.77514365630488098502467365985989953591240665129066035947624321427953000476074873425628404700352396232524195583478845907545161029627550636556052693937254345408613164011983492430847709100329272351574951582098707817688653678350639023366289969734956497835462869890153251691499636031958275119181299569810492365509e-37
1.91131288832260909070035664211545000015489435373087217886601705694374907804704111168801063540589839488147401443227454699894055898510667187068735854541889998830772273692666497987585639638090347786521460890001178020437659169757511646487527922537192736208528237893726046521453138548007864926927176684220113102556e-37
-1.85393436296366692938467608209123102580984887238066548321786415625935694352342532125001554523515529734840885745077368773917768815858170119546251321880714598905385429218181615989253536465360437246354355448159842630322122029477943704737425682589330792853008093390147178374976758753123876821368580617300480573094e-37
1.5196767704477231708135327180653041073161017996778581553733684322403074693695267442511516253694565590238833618403507041282459797150392485274081182702824659743987810579421390708613084984119814788388092193914982537275014764840972091154751767748282039698393648928422192890847201439733772762948397613226674105349e-37
-9.36295169766179567925085991151945056023591637548097135135454923285890344502897752952068347991098515562481847646803189882303686874505698604607172660286539929320626233072811809019704155555757316239058579200198977617468652041730418237245043640015786700932508578552546899629116903904621933792480271679474307538419e-38
3.25388952632462401375408311848255065651836496457106398344146473211879358637814812124558015516002895384716671025403511299147401855536055988799441135083042889447556834400829806158842714196230657428988040188224988882582644916051358570684897545719077908713697075011929798508696486314500936447945627657198917376718e-38
