19 1
1.04796829409607035436586051901498810370518086685456281876686304936305678515263733442711294268942917231855242158225037957506025361898154946342164004597520183745767231378898018426389971705264934478314312407955394241560187920795017525671849148138249277443514817044762333510841414464221736869225727626172864649823e-41
-1.58685636734346089923764999327707574261849272846243234530386140468832892420267643711107895299735163278492522334164705175574896415294898198658214228026619249103164734210500316896604229128628274498873316841360335822998520179011328654221127735566149582624964725363537541850230424928024610369109773952888638131718e-41
9.70188049941876045069674050602914665446165240427971884235750277504660357541506136612865235819488972264918511638483003521577719375654484229370056717822335280937731115312040462668679772413039313050854104071799894778738107646900075111158394261419200390217373590017847523307220844958152830879251614962583946342873e-42
-8.28826539250250877784973124749506723825999621132688736438913051960855889905568134251246122310029825925271175051317207965859275606740964825300284522216118306551283112892168623897950906358444566991106327150140357395913400198035056508404635285870967840403198429204650294110034698336667205273576620490648082094806e-42
7.95539511947280497804894617916164077181544693211308848533705256031794510224662106374297091565553483181439340956948940436312650075839034735054865065634253064536719619557045694883564352863281227047622166154232513139788094828931260439039309114789530297018378708990465181922022576774365623775697692481337451066556e-42
-8.2096402758079460604201243771067007240625080788315389306753715910878792763829601542978448140947909542534277527587515815653424523726431785259284553957775833406903259005455725645627388586048506354316935855578639394533478023066907303170580118779603917403466455176597089589248930135709381735640363449603154501594e-42
8.93678580278828827990824528809497284761194151104660753114855748875249743290620969015306298183738644052306168360155609865930959906757029913887594565055057327638341717586900930466230472429138861889504930841181428552316370712296531211931114262396046692400027175243355490834457776452425002427127765336155122776057e-42
-1.01398861593228360584287888833324411283901865164551248502049451762674369875351870449485243883763693506866849961708425439334829939633630521741165919439002032654562541078367098380430857650199671076241990294570224433737411344374217000248402619701227678890316569241316121243134990044513977230202160027769454548247e-41
1.18749730539741621882226126005837044026222028829559474337056239387620201370942455053904143604040306926595619214402477905841722239145773386760400930423100507270593198000008974764617433037932298694244230289472744921820906543771849894815429559074251354046600210459937857195291450890758112835303669154983327847249e-41
-1.42176353540377578293464618141027589178634918400043585302490608820443662450272690783350196310619710762160901705243806291640838760014147208926314216340061292798495625675389850350961511380349051730262215164540495148001213671238098179492522711463937617150567461466456544797801891655753077789202925632897719898058e-41
1.7220983165670341215630413975861616554032356032002944399273450567598017489485039371629571176987587027781299755688213395987340003738498248465248705227434823491768660113352575354885557925982583219226165226440361569162806324905898041294928294602545753659540434979150939375515441110192936391370284229185231358777e-41
-2.08416866997265635796454006839630856017478939381116495542240949880632676535228430784805792247735256187760821494295237514530015684223711894798283930954116138884874423223332874517872516010008572389012170338029539326287233631680519469177629317653332392343589297828874959693710688731963851781170541635477852389919e-41
2.48159626241459057117539722852901287501336586176651579617798765208284617782010901435546339727472391597091968938897623118975069581980999148673423718762424857907163818107421083253249971502612607228944100225965831122648637146495589959758508276787331453141616505551028199802808977199178615486138207338111407841487e-41
-2.84894382518496090362895805040214912009089635586472290813334882044527409576820916829669747708944895759625642059001523874004439073901937875322622093114945463347569275840997287498746534320025112366051098422818614592546488176331426224330111839236899546666583360673072946204622297983629437184510069439901886587234e-41
3.06748274351388329012613619015004061025429042479867434909604755240898048988363791962039863933754062051297355945453525840768312235050763764156791984593248743946108601199730745680759305720008111528105401315164228854115439475438977341156513233537703893428551087339978503870068602428642292040152551007161943361992e-41
-2.97539514261969228895331426637583804366605103299103123580078018191441496188240951270214529110748967857862335831600034491570177537971583874583526057507963256683444183146235796143070225462123858697574293473345714653770619765232918938281078621096149332519206720172140742342927402492714978943429766870443877260525e-41
2.4389420015098570484466477551677658653394267808836012045747824392849381399073458952865277593517563454379186505494096465299932235148963767703141363479574541164375786132620428363707713614382210316596664639985726899059406917012084044973894317009448171829791201587593427541604379381703547815340706427616999126994e-41
-1.50266779964880719746556090953065266581562189287646499336788496769794452817670054888206883803615502492591768942225189201412965035314811509684848482561563906069221380921617279492267730551728448679431131306626039908825893084874245057450380409755427972654999040592983105609962777668346697709898880274855771310401e-41
5.22219334982098725294175675899539357424082834560265804083399601794641367013658789616255940273899107501316519172328085728515906905596550819694029146868449218355639961176755779202479766627716941004763354537897323629230058261572032700668460248439324292268326518048130548759271033303016967142088502183972531815435e-42
