19 1
1.04796381509379548310603251735300552090651471779165898378498279182153030132133260333010674794989913431079694609938247950560512317914659435842846313194172271218032682237707841829540143931640302702288921295211134374802396251561503228808245030546570829165519235173976166829793990877998327320869834117130464068438e-41
-1.58684958468008123841712814521440970992709504891364579322192807486733551896018644759528440835233423312615812567595723680080842058390574333011070182176231781385226295090741974552945977655692122382558106581726287321388656930707543511022283772299453164096615083021239149807699325941478660498375104776835542097769e-41
9.701839016809792486044508808985292506297029499958758144257722426401426360888661355275771400642834086164464987797894743767000090307296651458347350488933667932151989151009317448326715770041493405159954129354451808111939405369334126925241296744500806788050565426523316914330769834194149442944334306865268184003e-42
-8.28822993246762360006221860100291578202016283367785550789459116413138469016188209303201765277500518282613386232590140091223376256767531099912164448994529761280412982830882136008586899170038895746318982645203670627738888703717997337047681998541471494173977835651042637722192889484629189704836863710168442835373e-42
7.95536105353982703324633247334308313378597450014810905421505185573520879980617501761050839928025175943804892132401425972396632242287087779331223722360727082611597095850896770350244690389460573106887685835976742356093573189622791605102638305021669151536290978027838434977016776504686368859474554983856430603531e-42
-8.20960508064106027859844780794220737831998253667047826620215945139809699927080030477161015408396382927568676156614458085204886398185890240550731975530792522406792981132277593244257233208179399649891871922250445449122870321838928895286914702621898424491032381445465516645292832472055195176881193002835819518909e-42
8.93674743581349688427878441133479854926293084703814404207926238452793307525247661204017989407459523419830488844563870152097745199998574779014360877108164066651191442604212820321907612737585904068222504283477597137962078728033474403576422434735948492035993915354820129896324490025541279965832411372096156919917e-42
-1.01398425536457305982665726911515186604043789773909977507997943148534101689157443897730167887881804710748824001722117671506639298916799839222746823919096672302363033614840522164343273820264162794287982840919443996614807816046655615953824057027748994461984519879230476683878256467753815070323352551014551850275e-41
1.18749218867112570722036498255562846886429819067410502768449307424458628838406066486721945782285341466017231800727577135855213463002093166473839059997505147618178264920506997288091875183108970439206112861432973009074123116033879720801729398209884975476362250501036277970928526775012370642167960329435030822584e-41
-1.42175739563958534312565922528332279341769429827869988118043497462135441253089879874677196206729632386308505807672922888590461410829259071044320999241049751735390669817569881901711790742503174963563102916844042367319198426099920639094705343127905809487809761821481660302148834214556131248187680113979285006037e-41
1.72209086133045870428917126594254492073274317051201279459782060131493464726706170392905290308958141044187866974413449080880060380653011889647189424934253760719916471203387927406423034527313782540376024696883842637864241701414432362695157480061567501283738963568616554206004080751656467865425791978360111896344e-41
-2.08415962246286466063195867683309052530837160033508583214476658481826784853486164743370344493927693135122468816019609732282092389735369573597404941095731170307993257451900229485549112641139921974643491343220831829300008810691151077952613385577776182824949526981521934741467214083951746778662414828729381825848e-41
2.48158545721879748443909619226020720326291660339607815556435654667710172711793581593519717651339998178045365154076132815303000363396495995501700019541490923768095710078898349212989881841338926213242261875450924878210622643820044865504958796230282728191178210042259037588080354261203846658399355928281349976296e-41
-2.84893137997297279280551980562299119916987133988574297616430814532521221238485020950105781420852814747890042661505313216062329885159748027300345205546469924411127539233629774309916792341342474371877000574114782425763606256173301650598779437701489130120001460337321967656207203661822007998731747136597345866357e-41
3.06746929643599723025633680188985274529562926774195045363622590567841606929105825161740468130138385645284172078574299768673479709488779761370878981584945341262765368002895679686748724323761359483821684288902358055940790611438922654847938644603580241290815365908090663851022188440978614131848183970601142694832e-41
-2.97538204998275609664186900555057355780306181295069014069151792431913895886498626472004094306482157170130718009506832644051383550586536832027465571759828636919128170443816795412506683542205470308982616532223710514333247819406745082183077754960574810133167371604823371884617905558192393234799873606070358120296e-41
2.43893122622689610843930393370616765058316189138156060599727404227886878525457620249830442407934186311675830590254288582110706481502473952444304862291932578905575504528217485613844783158247890776378410797260101371979642353463915160682574275165949242242132901429435890391398825124529153579266080996028202087173e-41
-1.50266113247683595559034111282716928399060378595719039976620743138024465318903539389303289225847042848187376809278815545264301451732234752448297133149103844654488334321686798980942785101959247489033523933446977608368953461869453247601050758505317669495288514644058003430041183958893399091647990190515248144015e-41
5.22217007488833555621654555536027703264459092142898952769276699590024687511896449863787486161715712698221659670426189329812579717523365763084866648699014262224601743043238596090974840337457338478023806873796732221217987909977853417832426357250726261039920895002340817498530878891653130102117117981767774284326e-42
