19 1
1.05253198066625155264399679651398268887202631534845302306314410053257314396190608755629827914280703224765853974355441649089371204911268783856060279127155225324339311784257173847354519788593722004672038278990984170876606351602820217275151424104994102546977733305080294916641766998885281460861620829594571014805e-41
-1.59376728887987601686295993966508087247890746077425870030511491988174168274180062770325199707441877058746910191415826073204837129991940479351449031667562559089100105701647092143225693870162230745717830454942004352988900104236465779878160331572966209391277311976069545197765982819564972355896624086003649329901e-41
9.74414810221636113377939175480143787532788878500996943076406088203741746662130574940548621302085549315633571510568368803574462084917426227348497527890071469638054527315496383610764711896525994281757260380845958268154775434487615830180451651808847156682064293410569536548822841813489439858279096545632148643368e-42
-8.32439732979100936213131240317257885654165144151844645240643754262216824101243865146909356045601364289814572190623419017427783753787368689394736653063755022653035503816796423652363242560490798740658201954279157057122602318728090617484681485930885583062226332931354064983615946512640242595753667901945238699158e-42
7.99010775408409369021944737919424676425686212813859410034413627817200922385867683573163521813196725037368266960827035409361962145181698299708935522696901856795216077504036113791975654263635605368040971797201602527356566032287131798824156052564755774946430185158219911150556301476836411805077199592400204291291e-42
-8.24550522054232073123601668695578976560719125423848488168972281941160624231477459412684862191519286606744588053951517444010922399093462754906401557190721190008709731375527228741588223145314114889729952734290613056348109017750327804091725354474471190824420312218615684259607504623619108980697498602929999226921e-42
8.97588511937450878142103875390636357690273837803349026631421050165687259610641606005152603104346056232281636322105523590447363742222574221567657866852312439194583175853583018183621005404226060441356183171585539280072812155965564714313622748732232609035609378871448675500864398329939175204249330547906319506312e-42
-1.01843271481321191418655946015663412753212642639984479424485539880235703911192757011664192819623214488563788539634365023614167469691477926565566495738501579944983825898353281545006980310724102285403831106243815867643506153892440798373786086480355240063975292363677224807645872353934793367371112074811100607126e-41
1.19271245170608818170214048682103899067877758493935454339619479958178770279685502638018387992546695821510001062088632649043358890784734075916846054375218050212197954426750958042025094940609003523944071305673352704780052278464110791024645951198886701571385539458232335039688900592970466232906832460040276112084e-41
-1.42802194754184352226957138940862166881712979780477321113204412777275402353381599420256914606311653236093650225877179307619185891637450319513764679726295693734201573209032819599248314809434079199776448464368081006399787990849521022920833422824788023387038859294628040831662298815846995608053018309560328025098e-41
1.72969836808167818390678938116355712424083666884797452654721879410884644085045324180193089096062989095098047250757119037486036269943865181018992386765803461447050277492507627246281911540897874482792574139357460731677390429027765730550665778112909761630304519414791333742124364518799113340878230442650043553145e-41
-2.09339292371452743599919854700155249005573681725311426807469438409999868072516403512276402358914514654454408052646334974484232130698419464645077489928684796668133212826758030802392667165220927978937375642034509893300641915845672847300793366401690781864024136120538624733715120988245291483710072465826565615868e-41
2.49261384398854494192018988339797562094705275670174650079050834788250171779766697420709384398490961277925785760432987771879503405288493843670220382786792768750433371704752707008700631994480652213919646735314926495484972612570109357138395250131448443067186642649940916554990897776566722740767544726523604784287e-41
-2.86163528891372006996204104432188200211402726454745881863968704903239815203073248961572772276680412678462034286798457331032127525567189998273419654194461798750709803521814481213341816996204066204633759508372052587351644895934611140073084393557374372163491456866158829106794433949600905682813553999250305998969e-41
3.08119779305707127258066286312601854518949279701556334127210741532080841550797504762088697980188521669913819321265741732904925211111450794342331252861467955330318381412353465030315298451983015440238827495947536275808717801009422931350526155632999477194897216663779982428051713934199764349264787993996602969206e-41
-2.98875066358834101146493772568907597123968545296491648957484599114315146689700637784718322235843914775744316573556479120120168127097752587357961235468868193495030857609678844260255386163794694698369591159088253248611184813633061946579099304990857687587933153193918199836082301818581371768317573614242900767673e-41
2.44993536974893838161158237398279144997376541653052914959111307431359629887822433270013572154684464011784283828730047828082894109552017809807775392368617528902235382987542248608975868750129390890576461949577080048591323204523220278010526779939318096295561785803412590703864706016421650204973956182791856188083e-41
-1.50947104600131589424012333547535461419425021759635208674296599668331760640066346846272274345308590876806750152517673734423532878232894709514706762073533834107814627409571544981185388822293412549039412211021586163644494276973591321191529027370105400997659638670968686623964348992526649165940523306825898501848e-41
5.2459474953852285211535777691170432463102734236742471650511970807604400293429291807989735768907958263167377305314099719633061640727180556343010442120274415613799015132046845224704984660769039059212794819417621049784553946912048858207246504982355900097634665446693051777417758128296432892831627326928691251584e-42
