19 1
1.04796594114987195365919725453619763155003830744582356719073461669415901178651904141129662577620966895850964099510041406150696378571493813324112830431379041239640672521352589247874688390086828196922210209579977709296577055118460053593535386730174313498321969807699690072315070754220267808467610502138016219307e-41
-1.58685280421911818108916189190770145215085611648162096864271505296711872408328065265546347201897848210155522621833120131390791882193862099188584044478447293088358488729816533968594161116838845241304058488279843210081583058511364682830466883955936072568860863828802443365184132723951977442251907809836302491332e-41
9.70185870743431712657977959244763040008045736245799407256919672220365887624093219384702731026948487102210315588337753549628577117608989279305606338418138768476113447558374178235326545525541635912150165905895939564509919122163366624383288005509917693956450954490358001433255654354368693702604229407681442587153e-42
-8.28824676434585255639458549656821535402065330059490147594808420399914722252464578561349012572612818183547068031919539997470884900383398144793612782145243141893240231401174276491186453444353243500901228798891144385125750000848433594727826212747709778077137963830766859083589251997575173147813736436341449589552e-42
7.9553772236768813497776978301512337388251392149277112152625289358053957159762584580392293306663274519037322168486401192503299956214963878843190526983737104666231350292652106679520429199971127366699698830971025618360358838626378555714270034665455494067273354243668615243726366244898097655036901175741200957821e-42
-8.2096217867931428163698757599999397214902013850956448907064754097772214525974333123879031525739185585930709194672490675007688886739967842051340818082338057733890411917283025851453280877886556490904336197068257217297965459855831751477266841638246048962760920114607509579693966927266885670360022048901434655891e-42
8.93676564753265196468995025693005880212252487596854605314589615642341146389616730759669633683166740260090382804768210803767861325362822168728284320543144725655335869459383181895876228088806431475308003408888227549556265073222411169862500169374038178035552558720902683300598771587059421612421398051059013665023e-42
-1.0139863252028092303112885946600466107979133803018201878156834167672643390108455168585832566789901586330717293954790962215668882615368314837025950528617756867740319332486705716792024217699986278130746249980728651705332204161633494839132767985479552860334839466531721229024919313905594182329329607793388039407e-41
1.18749461743635747412963050138257387511209694906821051793557317819674533025525227482306179795112847439601697031929975782416267470167881567216236796266816799025035226151849488899471080941802975962860397918284821277948330967527118676276717787542619848549398844438113912344935494780981892260529795975682668786921e-41
-1.42176031001182124963116930052633976543835582272188784522956200683929288754450164661150560469622177380235995068844749359248384547491025272673546504190351004498817625743963277708316287610007252712008312106469855015395472617836267860004811526032752591062645298728068406359317077360252652226684345787008699505682e-41
1.72209440011999209814270802236990990354245743799134852759968083981637382260560786395216497994665334742670765488316421848437704163292372957437101116057587027105922277852293515369246443990190899290985693437556415295118630892811829867221980843010364061889086352914649975903709586700844479778031048982256424112244e-41
-2.08416391705910241760396169723503881166649597632360446101035192413022675872434982090851226879308974658815139589316635493632949983518799222791675920517121147522391823627439452135866197042196324058347742988019824613603834811998050855052662032718073642649779082368830961303874336409094270263290162949331867825342e-41
2.48159058613836671496978602620141316281548243426415534516290926696635509794385556285008215045411548452277509762934486629926278072500557479211154251185673640813897131364803076107479631326910083559968751011484191987196544584440275608179262296521581543521315422056688732756616318500177221529105076719161583677716e-41
-2.84893728736121383360529702662078666797220311622225929436833666883463553570682424900407361546443342598529480377562524103025241326328335718453093796347848894565230366855618060745034612893402924309136077685303650064033366148328457156515485724408807722141356873679778374134792546361903319719121350061184956076083e-41
3.06747567938098102601382696974190145578009946755984973607519665979414894719683967801293285519180473449205324302461030709914113090630610187116513509575031173292774904955468643911270553696644449212920905672417688853909752027051878047265629099831922098285752909440526966155069129978058243135758463634864686909392e-41
-2.97538826468418179499487385113936457483456510030520553410492445310559802992342470422088898214974237166097683587206183034613881191760501770083891056036732944837539197084536544063830920072930241487251765040374886752047557737966115457759470824094959491031300702258620757042710470456560567617591080168165666662949e-41
2.43893634094600202358532004621073693171501365679267544933823087888247071843344469206704214082634376482600484039869097268778923847462376325015087091582908127042682953894832914127077602742627811884746739860061571009536992796950706470490980747339762705898284020448903189470558296106516539903801581379256396447121e-41
-1.50266429719266744552719946227071708972539187181210956546391683311813959557704801052618755732931957445210999542212767050490089887711933463043515347294809550231043913060206938989645022309722717257886239525001670191671297188944162454691461327028368600668915703810767111776053702706259386593512945236798757225615e-41
5.22218112283200084995976068513746258797613395573833987991710072976275668387206009588875419860844261195738579342018570328764076623343475003881645009235811102771467775884689712112032005754021074601419252829640471107471323176883468764856551556030691483530093835035996775024997266989269465379125217849286161414984e-42
