19 1
6.52977480821476383128449169375056438924797683936166385747357329889095512328755226527298639345015580949849019524849894017520237314084597333920689763522315182785265741150887844730651329794430513477954259135717878695897538794121252962174248502728933980119277517921296368519570981428694655919098852349018502074949e-38
-9.88752695290704348778633249934006675320464070311331500841375307536766349170230210443546780425215775578546757344405750748260293456031064165086591677936696561028044414176698743766570828861031925709589061289567984410329279981716164777742263061208629144013531453351570422792263322383341297996663047432734197586193e-38
6.04513476589603677431326599057790824728130193946227379413650129354685075253479505714677128502800984605518398549643463266623804055908942117471387796679628791168433416769232201727450744671719391755892034964540265655904588016848823707018021797592820255433801388127486988377998030849720484579867155508126379658837e-38
-5.16432687772865455068140479594666746460046974313349454100800684521784199824350371606783660440730614111206110429869700378459883778836656875933213663820634073959522709397104359040296671360966328972023630111290234441768977820510360268978185937687095108096993779257158578688430231242877595195701283629248971037612e-38
4.95691921328980009846527807829416745194160419133683093192087913897097493861049578924354005985924214652924865473779355949646483427572207040765590955158216474497472746267701111509599566812848756271376217958278456641369390663095586949556856327095688911921205390876038367275018520717493890189919166106306188613443e-38
-5.11533675832858814756578001899669558932692154421603605927095873445222460997606542469077314756338334895264849735639700456888283229225238624317011910320602036898130101444931796239401860572104461186478877381739799023909153274853125915419986890790133283103653257177363605371853720775391118336651211823081860110654e-38
5.56841340357262323643315732814095634981702057440907732560821593092991484694412622655189787768429818150192920977380439198010167615495085681832602161454569332763864866732119664505593864576533472078764308527733938184722970441039503194467903752519745078183143562247474507383552645132653070426314996986173249571682e-38
-6.31805239983264587311760782006581764707415663173870685104089314090804605995358355390685535085048727778595158721877923772099746224540752002104514789274917665879601253648977932257373436619730295065743597144479323122253423863222437673280623528201402150586239224207637364998938253408179980394184077994815139978353e-38
7.39916656145052766508393950454902089049157250402858903437602502887880047780162753600795516040455480796761463461765556906198898969887214832497463323631137223942562214288009946473335465157722083978225284179255302440334782178935312341638839680381114225543775176464318505316166964876340128892636681256588312568283e-38
-8.85885458134819766325019120220717150956473543644768074871047214479368901767125119455267070991835924846161132614346474125551643806782633853891243482979474762197651188892645766474062452531171974544209491221973810473069491884581355073669694284227900820957119051201191977152908863937533638460214440807304266406635e-38
1.07302089103720054242768095307924399333946273074592895879258280271543525267608519888086858039032962559792441353178589878702373869450526840634915453725832014921169831282863212840449431629667522914560354385083470351955317132883282238684592921043936015205228987202437888445011856065932891606699143768971093888787e-37
-1.29862313660563601139707036138363049639978861108484781229863314848564211709364888936438647181595248862668206952676376297598641041183047885303994682362807749406675287021754786043430658246414034287910432269270625363033249201141010580280224241701001430215923817528344961495527393548537747766962114934705802768567e-37
1.54625615261983454824634936954561203478641330583838823923488150478085927848682021524769710164876354505149103809141229771078063912471430279976216969983963361447369363788851642637952479066760248321403405928155665890805476128064807718402638888670546002833806354543144392671234275458595164675345571005914352510213e-37
-1.7751466835161426735930124480658392948649976457682264981968699081620217296725250403662084575595459402758088397440117453294207507084730630894235574575893070054799201866815576197042839304216294062640748625883671317784602478867516780700999074787752908136296364491433599558722428520194120170866977916024236204774e-37
1.91131618026920606157367871527119800483778272621473562493720746198877855956385539065381684672905652767577272925196961910924521437075656675030563662349852218605901453349049179339769267755031018864543149513571520190349867599888041030353374929643777375987717887075184046856441170444241323238245081155919082617413e-37
-1.85393759001039136719278755887011751003719805833811041600599853425493661538607753241030986590780435696991484239636281833290590331225225856106010831301748056815135996475962888997410913018372323193523379150774996626340885639425799420187547268837545196299299838480290619401945980819643290203227570562600281851877e-37
1.51967944543049347716166711509450415032254979558208084416551677401802211043085545822555366518706731612457489451540744166768285052891624965158575283826670577487504051746828862536500129522993140282140418835069019479106315519063189933933129724760701169857028676896897269815188210919558287991320121692542740821561e-37
-9.36296837400786208541966343018976459956864040231291886770921008970023072618339166771200395464414392220987267565102396729296472765754865590214426347682278465865984339564939827995165264597521046221960309138203634297147661498709725380360978112899041801084779731219608900378967425294708415834331003056065973527654e-38
3.25389539390504992218160530139326339665886599916024664754142432709045551486651341723376365417777448361705433459628345229059274065281408870687918659798824150072178345394116739424250754352220406895417769010851154315458934907026424227644613689043484402494766691698638532956791457957950206956550951442007606824712e-38
