19 1
6.5297719764561493244615718105027170056446109158240720809189842574998619078536786460270992020227961932701801234666187637676547218283785021120524885694543290103611911204952171411264319522927238264387564750661707935200373434679187981269347126835973995946379703423396139535015249825545323353608123641748546735464e-38
-9.88752266413669835346491786380358603961270709596913093642289480392972900210251010046252679231048977858563213742186607612095102091974715386370189797051626062748608977193305030897594955261956744939222107528985845016628246649521980423828891233988327163034794287268893773680280133006139754339010289970890623635334e-38
6.0451321411562202674019151967634709168172823247366345309269447593980141661425157573051691596110023777113917017895970346281113239321224077910883861293475197191425341826114707616057914965641625455343678801850802418679931449942326029841461992584363368711312434746844970583492422908280950444780307827290397950556e-38
-5.16432463138504191453063592771135098708083372764308029811950397106742498520723823533343664919203357613526276094739296598178522657317545724006794369329399191162489927624374170685766469648670703515261584596633324082368780223513093358998071527345583696295684910068728509677263957586078749254704252011652843074339e-38
4.95691705155874982316570237592365924746067450468200982026726546320501412635565034975524481771322404362300900105641098519163916852638342485259568794018460059975591809554818478904767804874461010464472345210863825061378277660100045977352060158874096898216007744432045900421323012824865161864060248095650557248129e-38
-5.1153345199482595504502989573621466361193046260416705123798766509029729712237319689978375209511756465816526922312197581044336660840245119301800014548895438528422252050343796445062970162830811512086111803140829148230520855079336519790859241835654686350883656129923576681281490677341232802321484404280824973218e-38
5.5684109567642736301609533466457550095021933849058989546689834092253604655965280767682852264592312470383107227690675254216222558231455245882376544451866507553114222153768794977291896782805377608609849887335186035446572459392158458840637014648457869349365832169888815145397489746881490968795943368526486656852e-38
-6.31804960988981597918655470978324015976119187868551208247706875222668169446714375404045176145207581461398195946657959325264545242785682827370677757221061420126322053297810546659950212158317207342957695758487949998260804222068154886964271637298848610044536140909988473978766332333868549028665759560529392302365e-38
7.3991632754451094365945312422576696910803130489532553958128167326736882177485256584922348700777012402227717041273971359567431781317461857079081698405939842705918142609505080747527698905966887034303500580824473168989819468561351263592123060000315132680227753959805093641201720580374260926450535956285321706344e-38
-8.85885062166386160531458668479748968846621627666177830385467805130597012145565855301981279629891307406697002973417422413241589490202974295576122076766615545586141333052460427230811427839041684340053391573635141321874877621079323393722381312734084805375071092084323457577642090451441149034281642559279665942805e-38
1.07302040797116103154746666571859797817270409890590975346068036614101051483453624157685391054933607145195542232159085250140438591679282730783434680698369553761954298585870246599813852694756330371810581897181188710387458968787470789813848408826043698600266843504260183674342519782091784500797585323116249778905e-37
-1.2986225473446398205071222245802256815836409572053510726702379946200815312445284076188723149690195775350273011852721505286302969575680447565900435191841934222339633096528968792159385323175303052105137172425635967657097496709406669835834269639950145324341145677064745122577064987925919894846955973694161641554e-37
1.54625544494191480330346376765866122099598748367471071486733067420041183895101949278539734507679317245380263444391349466241407857144300112830076452822049982332947153280664615061996896130696469371791224847270966931606188052693360243187600627420526450103099518002503086776050515538513104993785919843988448910668e-37
-1.77514586351676015091208617018109889560315999860893581680904392447304161233351929001228971218066154087651105207859346908196961002912198154027910247692293965160233280533648670375788535572483776482750741150213281999387522833929477837999424031384902826638163008197728668005392295646761676578781047089450867533227e-37
1.91131528855869949704617972814926725604326827692006384012054871575060115015253292965296897911938739273253947044614235453519859702266092043167687205617866533975848589860137395476340592784194731328537594371155556799490758703102632112184196329533559940870527182724706287808847525097000171650838466753947763373361e-37
-1.85393671587907357648340277292293463956955591273745973331259688839782786798491330914630357660434609657982972169825967639137017390925286707007532823498117245188375060562879618662963734096072195147297939660931808213829412619592055955085507059800523097562813054931058013623935886257045651578919823984427505679913e-37
1.51967872083979421630981990648474619709148088134701958298499314632680371432177683665530516351824238253444982319499932438111699404670327810497088443051889531974043087538313547162630280211526001236757211407315843068564594858096679983079242218611310406404985245588297138224324765268150880695890286951594051435662e-37
-9.36296385676938164063340323112046848880235692173485218098685972304779678865065723150243800546072560264018620067825998965700541324189489008907598791237503545948564293487629063150514464486147729519517753486812812285870062178631047631473554398766270722930953936877991378945006133796859719510437445947707792820313e-38
3.25389380451116348401953799714383101169939655732886242005086939215556411156081237898084960862951165122624866960492495791117751757352720727798901147119197550281040240598367879879776755749288179841647213685779205075573490010613372361038963920324355591516641022944089290904647054569841914662810304558209684724334e-38
