19 1
1.04796013958686688876964649916632039400564085659679200578051231766570392666746691120280102766344232505737801771738351023264547785186576915959375602641824266011937848153541635398482130079134013323757518515259778663916488659935552631378942198228714885090075623427821377747366951593274706784529418521698884924546e-41
-1.58684401876950985541895898611944070950272969618542480054987857159003407363764263430028242832239630589209617862789377650573848077220761452983189351781784349864969141750161831756036015816243256427945079191202500973793192127478612784597559528635194413881068421865496069715562097315611223105776696564320109655969e-41
9.70180497583317384493743040747258883177467442118895408298833162465654644086375678016195085934056651382079402352348560464235790608638412334008183395797864203764974967324113827721714670160614574930262684455984225782833385893603662059770337454606869209876525278777923210213171206366610948431030515193212110857749e-42
-8.28820083366719748625188894625455160755593407543307119681408985762160984445208020324277265777029722710845184737717552050547303223451690909853315970167856565608053550055372865789769458357187542469238372014692858053400699372970583778072438378057959311222818466838453455027075372410249059318456535177788253012609e-42
7.95533309875302378164731807363294119296467068072319491452267273683670858617004572494714133443966407788723386165921017499609435272009468253795629143250116338792820877746706150906427533532562875413125492561666720362119343859283097010201420265900816448325138477498466584102638042786035309023713936317719370793153e-42
-8.20957619919821340691506621289163147422785106218003325518139134043850568787215561079852769054751307583989723725053323811862536263148019924577616864771149068280783993147886283576672902037224688204952607183386847189719064921664777077195626392233142740880836823814706854031154707600598120387294882674555112110785e-42
8.93671595156261649989525519897206703929198691445652651066641524987546193049824393787023051995188397263670298225069383247559613881360401094067632378980229445170766680242965265875661007288716918746542214286215527926776860749832247545400665081543358926885121842891140490052186936805247331771248088469270117033179e-42
-1.0139806770478035942327183204369955144896854838372827099391679318787349016050358095364526549599124320480504723594678039742357666032887388748245401960945325465482875408815038516768690890288961091123790306322686226359227623542597276401023729192407586445032384205623927314942647884574268795890129101786283627313e-41
1.18748798984522678186803839080862607957853325558224595250705644186534800250282062514780081297146418714305822568887180729782394235022075232304414428850071999810627570926810697678586527525763952492158690251582462910021046545680715761909431140600011182527768310918532140326578297432920151107942364867096612948405e-41
-1.42175235730161792494510752189949233793264755040840891528824619875583495034706872491429102976331432569464472859752954788717590143674949168266695353093485914478038978211837842463036415094567562321897523059869685038846960908023710734276722192539989478493269553752907642028627541545029740559269189923762089614412e-41
1.72208474350688960185336331554617395847877138975672047256361542006712647380152033157715917839726355664923461986627947550284925212510564817121291830815923997512084319369288814715261549371074022887131151219145884210260846606872579695722552883746598059766505544734852568195904851972535418416193785380653234158833e-41
-2.08415219800946036218610777352345848976569975115572555530439803498777474077205257811069973737102498890204237542489246507294931085531171045425591516755894641745136833747414905837496195349401337923634448340786274736963719713970483987874623832475958860444642887251508509946852521395574070109550540973604762335891e-41
2.48157659039738369386465990374263559496761124828323694770044919025417993416073896179857095333372757981288580403378935059568859628874314903761440723154743227824990569570739427795165441736200740287499282735686164147235280237603593331524643211940751605484402240860946820590728990348396199061855149101936131017037e-41
-2.84892116734510885327801512453578391667086445164865006151991139293144526217697575173812399995351263434371285922061366127645633398808509288506167669190529230002625787783155207137244040748559045220828280162645271535723266551440981818077960090187557818236300730190521005170992726401822514847012328498793460105379e-41
3.06745826167305178788349763775265043087767092039819315929042889285199860023248872030523662767198958783059752100528561025373886248912601759276566135988408842874394025629459521651879471554057742648766330062364481813312769055557976977299495266685526895616043807483992675567021099338291946912281410879841579510325e-41
-2.9753713060796471380313895423885126977967890330378178596667909040535451858686943986553700365373675751276701203952202215109894840621466721912495146367126361046592009306754739697146182349406865587407358531391500725481885836992723067742786995798852488413815014776216644475441846858492298319534977137873677262621e-41
2.4389223839623484197689656558085588243689104587790843044892638703028763414057737249558586107784629558963880384319197013335407679745606108119785939777752411388933466797079965188034613048442988580022256759904582595292557741988782427379840111182169350026771188730220898701448456523613065756375668319416288697891e-41
-1.50265566135568066815788090054682447784577872375538809073622452847029373034992054075932242360531747368733840115769933470422644235902897479053573277494711395874184795029222295180966816067559418624099735585992526639201117769011719441333326077655652688889775437607213722687922109012154350058058925676500298611897e-41
5.22215097534630192626694989227463412351488474281138726150798065679227663416562358938948945434184793482273176968613005323750012743852352422829320702684947528408115672060964454741411063960602889482278301282324015410120589766300191612163643298166979996715625746593179623752039752377846360631724453861938400437801e-42
