19 1
1.04795746465199588842916273661245568169941942925685853362925243323336950106176706663807549760456873898060674107194322936512696341957470320302507307246574227115101177327822742439376816682217519993821636033771078971157319246473067466121067064677878429559655260811517689113717571812595189853000211483026268502055e-41
-1.58683996804983989330798964477652317597433767917372726136921270338676288720766978365511930866311905300208926636409315125082625204912433582398752022778065834314891714620649972471068589500954054206275429022909727275573686699266219619856002933256430290656757328532576027347268287936909245972723514659310729163135e-41
9.70178020172858401116986173756815709008210574977904837247746441234603573261150792427455392592101330913761460196719138536217597736747559682432506199837494406646419057081002947092641924187137561011776514095719539895883016698110414765539891664915197449014768608195008664105128199434988107339801400841240783207849e-42
-8.28817965634594679611886939241006550622347290268717100342245129377990831541623117762070127448394833902523838727726153248636666181381917325239135639758975623719537403339874547169683796569779206726112288245701156827028447173347361654205914293680734070075526275164797079518806565308019163024152165346928005065863e-42
7.9553127540151243308864354474568373665685944282108182078103702329161500667941033653675426027267079084859303054309922256944600029583184200934760368068041881971512976526199779663610037239024682194204830057733228737560651766478825742730620012445334334145547048614751475134549155131469048875510136698936801157615e-42
-8.20955518006662272144706701208398445288401784317978452615101845484477104201513954501646969585714269945577030954407707460749234318992850683382859673875968659696057974084917795234102163596008555960453513299233183614680918625910413310259421607532078143948872886682448176350983363092176548690014385447549561720744e-42
8.93669303817990156889452152205388924307061021601401915555236818394541106365708885029786571875394305658972058922353457295840269040606777781055699555933271982971447692112340375188648454882105309566440791603657956730865098754020957938232726934774437610033544794112554235770323627916519706782305840206290027284998e-42
-1.01397807284631741126395064471224022751059596316739918392134584194625905343267756941221079999526819970679526128212464338820673622305211764046185911483780526978406502325357077127089493403296366586387742443442126773937168599806613104185229725823237718332937155699839534901836604581861375665727799603255117490497e-41
1.187484934054470583468446829548630063593439409708649788951546412820673341938833155901131743545797464429201040069465117609343168865663758932574508656795610331818301181143148560208111637450321389105184411404339803203542710898226175643337053515141275762312504811693304673074721946217694708674364790992346129546e-41
-1.42174869053742752695773024237167321706401471774016471340698131294402969494195854300014531464958946046073522063457090068537945211921359614227477825987190344834694153131154465979232826959050443822584149675716746124247009984776358645765691269967117468410091159664051728371551757055237262588141623695175666115894e-41
1.72208029112337586804718694203401355301202599803863180898454152627621523391777407990287348750655122560214341516271389192556014950756850226790202223115287593343076737717553494588929992159066747610517658459630444607550760899361705185227558347588041193382236376312268514980047972596337205771564389303088134647721e-41
-2.0841467946976624566550344613253497504190708652821729098805592695394698674991731511726342917701229869152682672126857920132634419025406857359108335087815728218577606397746093826335147914371768596919279257700281560422993909711973574136306007917178692011506358454115946732041631980348083371184862912195474360911e-41
2.48157013737125942581267354123675075967955872515846900704991892035967799248551565695955233343081063401415126646500494258563559537546818588912441889817830260880645323924564984738795710273839842969320721814149092906538311025592248323138590830658429449708418208665463791875504602861754036246937276048052521284643e-41
-2.84891373487997406622960184282086092753518302693943063047442463502118986678646127307629397163213202678403920776358057559252999141262428546476766718953690232595957308058311470337121253537925158264857166463397594540746140184451751018483378648007315219755305843429601896883022339685774335560199372244294663054197e-41
3.06745023088273824126013328858637713778687835890383160093472468603656152645921020542394997663532011496233631915640436817694108806247407702507741406905729106069671435011695542139198010864451625326544542969982196262746752910104239350667597895090157447703973081232570832708532266033267556201305753261864927868037e-41
-2.97536348697077701577710784107022376771935940190597755612539218329210278285091996412617686021182149754646072213032489430030976595928689626819955745330105159669137284704208121466352779984697092563855647706533230401357630143399979038355333544296533285014489019997717461099327050982800142445366165912610291880863e-41
2.43891594881385205765837995634569507932143549831865230195526555760469871604328686521341080832619276051914108844227936609636984754094945509297488625537267804098237559601492415780581428043377774490062683613163905664713182238739765707062022624287689421674725182046653318859978541162942537948041359868409151944256e-41
-1.5026516796304567836641885455490280198691803763745290982089264760387214622089746585624930062668594154534882387447402532403716247544012559979263556540591640745873753483009624763309293238239586633883051479057823133244556014671041808279278997505525050941704656061194666703195366645778684199660014830597950814294e-41
5.22213707525070001362966524591524453648123760366997039999528436103910253547557775158907793114653314337950433330444162959044152362962338471804840764235609391467053159197837043541765899001397641198148363969948054842167208382890599185226755853872711171915363885901951518962688169548899048393414156542347215685421e-42
