19 1
6.52974971527249885350247925625176074418321437317626380625284285038816188302802387012158582157637888916019766880813102299593659513207550002241763811416346270597546995427656038118038138338818466669025981167199199802767088538400790589166666818493186870009182323011046730334990978306080064982290342386751555216396e-38
-9.88748894901034587298373200027717228126879296071313385209658320255729257079821944519090381817842314025025251488148863335264094644376922762773030234947564654137555418007775151345442157168817583223267456821208875262607498572711857223030481370230549744933386172582245801754627535717722544975387216689306318472096e-38
6.04511150740686659886003398106056950245363024653744702542537657015586214928397081006013644002082739569691471530923642050669970110906947269051494394476585253686547758047062102408891777453887457134546018438078755284940619621004449051259094646675131616284027225867907509098098553695901291220323787664474891957249e-38
-5.16430697231274715964329983481092603970094963829485248772518891400611303892615659772943008988984313418580283572143106156623186997542106911104095718542906116810000783765281780511923946310297499790048540735205349221224812672140618632265219060675118810229253642139224982012174539818220684712633252062901756889317e-38
4.95690005765811163168892524028226831978193734545484534414398710678053324996601654501257722400958065684489780885629828989739232300718113045254973178192094616636020511564648079159223199490428400230176691094352097730063171987649389818690234499688937886062164576396983923428096049479974185314970081061561826869853e-38
-5.11531692350358094095174706471275841022717276090181208759580202254372121133780655116021533514665475977604451516162270811251428197831295839332456920364739748445018610912955058312128090754880209718308261007199953875614726044044397702937966701535188985232122122292432539581763358753110425348123722991058310938919e-38
5.56839172183680520523520086360289976291352085027290457844875344411921750528971841749941808195753534870340627242480551385510262244885838615746488210700808759093243456263307573911470443238817388504087180070330160210885920834619046378233107783294510278854399266750129226290503163022142062270757426653905340802354e-38
-6.31802767752942433514275243755977889845697704045145418320406320959174467039194254836901271307735239083769867540468692929823786426999561564013018672758545288540302044516565515210551394810004969764276596624296313945880263892219172609389040107359950333909765824881350969755189226141118572430905878698269879904475e-38
7.3991374434626719562602856659134390476289033666125013086749613903730025685600042282044398103206804540008477059119490261407787175478478167371762584611321662612520292764316567395000196012724138748893015862243528980746460616107307352349538464723613908317015156902210673920443916117330333360523461399308359879483e-38
-8.85881949379821069215612202120172348814000409853919361108376356296217591023670160463938415338674225117476010362272341436675267517355410486762340572624526633543845571576931661917674139786686825766012337598302412827132708898438463524597189617705916226192312318312038312016136320726011799810627824529241788281677e-38
1.07301661049961838339320166640238566239523156404438797844835236168736456246249896391967216107916441005499017477045926272723961579970325203845785634317565188882862429422205629230794038381154428809620618656646848048465274193355950581843075978823016687568392893581601399308507393896858485132665509264254182827798e-37
-1.29861791506369999303481078328540005901606734298721153362087289994840528503587349415456281000358450722700050176978548967654957450721049455620130191797629206591278576357768854636971627267665910976897848352719572377674785290836849073667536371154724397143836326005240647498030679119570664277127922220534215188972e-37
1.5462498817768236992953753734534761840724707547717569423612911583830657920707515882370950593666224184796763365458347361610832786244086150679048881554492301998943916176652072525028762952764405120313775307972892325130917708175758180506810349898556619688334865087412364181611175847628471920447296665475654505803e-37
-1.77513941738952969428984189386282748469478705776246050652719461926937557986006358131390706878372027545212977382123612338555137276664341821102159441149084396733710858457518757012276122690486115909456102131089951186804207109306077835906847457504487011142016148610599495537922727956290054039900453531765900323144e-37
1.91130827871688489549778790418883076808899972555651380174467449021564062079617215423875464318764089012426702943085964138232837981442280862619877814475525120339165830112968973814340436340822435174385830317407791632721032701640954234532509286165450247330762948649206482047223109690157840454044543871671964093658e-37
-1.85392984424625447447799694303035588473041487451533046334700684479715836878560475135280685128756619435708223973290460858560710725535626727078509058976772675240438971984020745969592503363334550881788538103652713474540722159997587601773798747042874629030777661037666249679652723813331402995122422939413239348486e-37
1.51967302477526988088626198711759991212844814999081300822343906576557081420800992721348803177943101247973141535574960186566285015084686948389068499797908983676505108592587975670043194285141581393366081966444992078016373495597771063688664476580302929848047326471514648861715234562623315074751669352352366107781e-37
-9.3629283464975378179961252137473088232110814955584651169200976738996663943824445200137955453128808296285265779938054781492653969338392400482662850621281424968762561575309157725102220626016854770529319750954061584706317187276063885963089521209013370612664090610477157493009564847461576153102337858334871711105e-38
3.25388131022910923200580434638758478377076651661908821874173159689357872335532980550688085324882295046737118021138444470316200363111731967503877120051490170797539302519123011795107453420967889712055198389577809888096409433207528424935433922954028189383818408057841954620688812523078448248235743465813167717076e-38
