19 1
1.05194199283936116722025872118464131079434872580471331720419299051511005994965763235934498671288398975355626005556899294670945591713164041664319697601432871167563782778820345461920039767383643093139509576845168586940447188690579319756600899070306881552955971119914851200428492681844707286809022808774229080717e-41
-1.59287385123436677618703628579100302536811995930139584877118979098791124646251964844196339562721107337639960012579663919292046190172121050584222128133758887346825021123937276405339797760988478900613453587719758573952338481080432816691213097153687866555607113121691677992553359818730373570254047534107294455293e-41
9.73868371932021268068935190092098578389090340680250405812632043473956427947626468797501311932482845798604269966127371643045170828601944630490579409887528617551232363982798608562840047263962934845685786806267343786739382393745476292081430856569378780051264205849543182782295540816075513450755777258040980817808e-42
-8.31972606869111375394964799161684829135893533472079401710131113229475421764577208261886158676068591765946760352029922047484940091543815319233549755513959966737349400623641788018865643668225229146084009682126276603290390807278249950243386885192313885118835488916176383180587247362430873807992726360815249591739e-42
7.98561984533042755267316631935020823321005297199806154319508573468706277948189315979650178889648161367267994891845499731416277961394411476190909659881800546105471959557836953468255302716215423764730819528122189208217423366467152231254130852735496548037356836360635926450376793044916815826900888401161322890718e-42
-8.24086814368726364928626769799153726196568527393386845479801613072079791930361755077591319882087481839558565396937756409649642002823584381467367403921243720380957081143414977686315252020630361724445811038013004187372338684163412193057846349231607888510470906019007222905983040279309215340488111510485278517842e-42
8.97082960792159927644083104672666914403232321539502837106602871578530031290311817105517329242228004865160310508850426065228759224086639738756163561049532372844544984269466948288260600490710507272699190183292393693319546892591963548347266558059884605924891723343989382397867136915828437404323132421524906021573e-42
-1.01785806199636392546107755666060025583295332436478491739584210415719664081019876141633202101519186405264246335654349639411358221713826376578714080296884879605114639123256154007449600662251422288475297148618320541566507033333139679839948512277186267107889865863446173060561874695902595356230196721832569429165e-41
1.19203805059729861500511127572497033172303052453879679428830970819520388472412960606779641670855927985514637571155054710770667282961421024480976233016104253202847453533642704515088541836593018713993225848321651634916749166680515996426016332302271430102366299469206292094011590381060818800790957599701973457241e-41
-1.42721257230753880841890929960983690921130100215476465944919442457724585595900614168131028590754444624338952528984657787516318872841614589412197391490723530173019870184654608270217264451072131710954017368741872927221197768181846513429408298820812999388658401879708173043447370174664574130205190251126971135644e-41
1.7287153981339281021097404738575174074673704412415676444278236882077467174427416119410791768443100135677774495618027970031214234525534125379084600281480377681501861315199059611409593799434224551987469393653941091496124809432541801315551125870037214892716851311120948302557673966481319525086775934637006919786e-41
-2.09219976880904976934438300196376155973090401813310266349191674908074651207927425735775203727462637777375439366790485750414606285654022537716765284610417590310412161723776488693674836595699371892643701157230302484407255006210794606844179336174550731452548175406605694043450045953043493206301371947512979174402e-41
2.49118857238176579827681420993616970658857528026392511241830713153099407054513703259094320550815064930619334075126587492776556826167921798116338892298339050620899904101075851837875209977460335766652677808416314865450581495235697224790685842245348496714744198940738679193527108718618258027361054139106235351383e-41
-2.85999329074064537256814569220200459098413225635848454923231112360561453585101415444364941125021561125760950198719011080125699873614323513734283292309831496212925736779278708984665409244239366669479914583451096714380629797817134884001478719135475974071606951984016916775705994546847423190210572671564267289473e-41
3.0794231471713533746111408761672948761955450864877313825593835611974286242877287993303844841978598660375648033630972897559621746863046416363087790538132427829822814935994222970874428944812434318826589035936720346888842148928962115062142993725123068763870313653361332702128507239284067600645765693789248554896e-41
-2.98702231142035162626983545551247684301987193622731155090089971491644710744842957142358893482245673027893013530563334645270911959655679597710103716808370272353952918119869482980299947032615417687866700326747424623357775620559587535596980117740316384539738123582949349357618347729564979539644142810271159943892e-41
2.44851250733847489089571575915287863617536025681722433883474713121739822607167272436971472701556219174591301636623846271148307239333734013661490693509200691964754477046448668043997322791370843904533401012875235422256517944382591523448075972475705287517219753972828133552304703726005074017037505804463000695612e-41
-1.50859037715640490714358665342087549696298342932598022784827947793243748435897559541348013968358619078411936936700775306767046314486524555411077775201891115817943623746766926413491038900254759549629549272789101958836457222258517283153197981770535986971327892513922067417590760249347422661658218433924803894141e-41
5.24287208084746843950351178382388559557644506889876691807479658831368711324480857683423442906683437529490529214284034043381870572239781651667221067157595491160220556044734887896846545045023257903127314696007504511889741064261616789827640667375107176743291635910908876804041145447558937371739900789142258004049e-42
