19 1
2.30581435552975294830907180568402503092528257784441504289955885189842453273132771492042479668034098827804016705263115235961920401500133811836081574245514626586174590308410283038536588029824349859164063402196075699404511110845980748696625167739273128575518573802923635240991444928926971932760826581643622594577e-38
-3.49151440475146596596286446725433914652869682523295305215880944609109373794171527909301335275445347431033278271536650452277439470830214647536991959132027253310359915197954352241978098602187732213061179754211797196052994802536511809949941661783180736548033116612373377807282505867503286304120674760800209468087e-38
2.13467744094581884648612201714388256098291876229704588875436583694793426136351095499429578709691088180934161725266987827445232196564314089273113921164672333931294561059677514618346128386296829530814746592788908717336223671808040656756159997440607198902495189168547455693924777963052298466589935523771607592301e-38
-1.8236445990888185625597524461231515686931299240221950681660605802618939493548660913884140910486767596408190014977007528523517084477240737919224883876625264178759235022216102271219516496597971532257300959673796736316756923493232135329296865681997147987707141276409632393225693730897686205866475789607472848991e-38
1.75040531376465705390467579472131191879848271384657497060900335622166169454674497676935656949387357016794322727672509464022454027663724958046008372090199952527068329180221320751074862905684230572164670587809423335292525352849471691557684174986017822522906984780668960488973640140439674451305994979995883967446e-38
-1.80634792767454533792947786371017395795141308629301197296129215301843041642261257748756104762928766615852048945795736526880024339064450354728707582719614122138977258424928062279668913956261161130855231708608359218253559050938015445428263426849416535469348386071557563351759510741975294464039580925404592475091e-38
1.96634234157758505991937093088932744028314376835727296359060318017815948538353107224800478771773093223390330060452726304201037865348896322770138297601565454720881553451698149787638374792018511729480997715358021493560571828698226190891559031799344880081676629152062168716380131818104060773805608726188117895149e-38
-2.23106109185284358774568583809519194746267327644238596843156159480943356797554714334729739098200213110339370942023696213821637260564234860285892882901247819863592417434980845734673247796315377498085962188479044579225583111735966338967377668605492049490024903723822699355539485714400944890704050293626991562711e-38
2.61283336606097516253195631043245079253545335186239932791993360151955262949928469162384061261438150102499105431742222114920322706173384541425267196881453078258846085874047992858763123986582035960300151380608485757521697044486521952834370894764932070765086260942108058479136431653219843118765086569326136321637e-38
-3.12829172259813595082823323895499811179170465961439604921889106739928871676003804691816691210189551248468750737873924812842019212589744305996917203903564696507473566034156607700261782333349771912991835333672611800550867807796748294961834531903040710492001694286721342802938454745968975851748828481903581179168e-38
3.78912302280479340837642831210557632351354069120629023086714324310135415378186162110492873265955721451658368296451048450438625110561029804160549948569256503587119320204256031211824806572383791747620214490068722243478864847828844998057715851257219748053181336160926846905647340265921301702393953850954507884023e-38
-4.58579474891326982625358960962551947533721838335045193681015169317702902215711880506487422726231977852043784870563917786620004176938329848496829480434463574683818354849190123142555173451536299211325585587152115243276160224540347710063741385838303550640794983470037095481224081598922057428548398002622847845236e-38
5.46026798410640530007604061222264324061387540815307135139666117043668784813643492363438501390515901626932591535152634331508874537995950309094113404292752279930229304675199643508695657225567546584643696299429516263145008501225949848118772082638906791344875060181613339297131998147277641647826371441184316379172e-38
-6.26856156873353425370927734966097222513647034301843372202088143485807952317848294814862941378250411122589715846487982322806018215063099447637725532800729494268697001588898369154716866883499828188264718975738372313215822246715048984795960408188771252787206529595200255194807750255839593735078278157523038028678e-38
6.74943489374519088986516789065213211343026909021276840988159747578681395868489122313390043227340175890416758177748044596237720732414225123520985876342379054646279818066432900373643674450123961306220947977167011823522647090398356161665204073260493734361715322679973665229634109912810828526626039424386931942542e-38
-6.54683362725746455542174692961932517310611681714066328337413501374046327074561050433236942853402051947518144351649078241199383959935208275851786652434293777497536642729827426854833396785532713817442032090419149865615566882006181119280465867746169656924137042950915833413678255313696093487051166894453533513406e-38
5.36648097934152918565834823338376804264057809766119130009356926353901771803174515566384516674034249556952609890523446089868960666094319149175128014823897864321627894633776129031754122670030854614834934076255562955423077826039676291536747618377774171988174256521245899130901694076973136066461532279199063360827e-38
-3.30637923410494301744771392790988994297166802765715418421091676624449062171199254627241402930612062366466155521031429549588787243953926922940329774904008996882751807231897967863473087953674859735725762865473844117278082534360283868069617955469102113080473032424770246484257545272282473738460639297190869631654e-38
1.14906419224525030440755418284844891464501737478893714474852053351846370220874559944289538998246134543360793998592191581524719649002488701103870216615217666649019147031972481789132587328495343739753964397948545372576380141425386569570395472435012718806006051416566782731078692085325624977445331737029102361321e-38
