19 1
6.52974330770782314688377003045419472250440465544595098828885962965309709000575487896621856635818432203163931157277820047408911686476568347659674505967431989860561654872243110718243655449438840289193513123320879375056420871649835170952564521494878887058844813059356423008097856898306186165733631359641364695793e-38
-9.8874792445919472810565438483012691612678566044490020950593415524896260767624978846845114121035450540048310563706965832234043111088658497985568811498708720693872927495023416041962008337178813863092952421020274895636609442892420390582537237212346128369235448678799657860142111403785232060874077758325801688145e-38
6.04510556827802919176557903948284860249249166913311559880709397538861981960619203300214308829899791448355351411692572213887046664876560652861283417233831555046926693471773203746107738420299665614226397438672982221474231500156711466483593497082387233563968002093343447421084246049997768813152028807869679450665e-38
-5.16430188940466897170693471009700505374254969574237551714890145207553384170973459610318328345833906247797615274609938608894630083122035755070624470535375386011310527757320064826740792203631724363996153069401920567887913351093756036843263955934404523061479785909125837204562534480009492464594592951609000928271e-38
4.9568951662136943865383153745834492550746865509031138365723650555813806916421533893323561133466376185533488739168121763971691893733252830421846752794838732081250620692681465493201715357612975616834517398904358390068764213529046044916957853147478934692899596181550528852115463378897627272161189883819532635026e-38
-5.11531185863061904802629677242880647967866369036221467604249119198088647159545600184205191261514279992534036672902795264966693490868137532258486782723848629042308682615758175801930371216776152939664107046648981737438589826745000294812026186496412080607562567070489788063453236655866258877317176030738545467905e-38
5.56838618535768553863475360049400575238252815928278856115663134927653415234834098550438632291368825353265817493236522131316477299567738122891464941551782255279108913555636326638707292234440637117989936029551218009572252108824785640655816430989010193779222183454275335343139060626913107870930705680467972124482e-38
-6.31802136464440509758559736246305083958563285343315743400666383538120344450262719042562476626809829541010130425643477796289334710816331168510727690200676848769308342725098627086640098101842930719980769454862604720848059207306631184878174908009662043628962814670614523008443860662178868148052952439648620731571e-38
7.39913000814471739888118061230245488056454135472333546207477900240005860333098134984017125159479750630273012319564023499256331938724688687959221593237307902917049571460719504391714352663939957954759629883840901088677889068874589074289719535249879337364707493394351349872322562558529234192589771417571927963203e-38
-8.85881053416219179728770769225733645875066150956800619312661228727604114952005968123454152803656892383144132309333037134875005333376152475852929562027512752532102836076179477822825672160958868319129811398011369346778836967423985201478767477292270566193813133483813717971863827917698792884279546632132509725042e-38
1.07301551746307058441483274375985831191765544470605674833717847267395417607647478329364860705073861251186790390478813207906418693874889739097946191564001592963048419851235662174726343542186732253861642136462970113264839758908831363055794792745537303907802051660681488983382301616691327873168700836644116132012e-37
-1.29861658174460615809024184925042952111164073405313501815401822261487595681115463887098173116092842430527675594682976861249249641934799645990986306528877175003172166365851120480790675960436783472034019196100331585040549231779145169830412448742681772566023981554426161879653318561938131723999804837012898921249e-37
1.54624828052317602088940770664410338170018696590331761750795589623531905156799067730876903179652368656746797658064587761612940234152143220884567381313397681065021763585104041414969347797238033897072317363696799048363577721178229087701773738971991246888129236770288151807580306551988324541667709541302425976354e-37
-1.77513756199632605793606629283361154109029138353546745894588238932751653138666101062816267491167251031967098236896912874300830550500735804343517098001396365953232419227783707815620084216151658666060365909454916009849420358151112533464290080694826670467259073192717048285297203962409365491652663558665511667249e-37
1.91130626107473152810209870528063693866445543460976598425223090596034054081872091214753230713978167229257433049222458504950135476613028783520093186388103772201884157320606660244029439105285875901755649888489796266177530682123580258672898374535460209850578532787485317116151958731117577132514376496354678245265e-37
-1.85392786639036924060486742891990761982385981387826459336612702990620683431376172902673095789688978088008390066932613671049249828688726955241151017199367961838120170679094280574757519959245482869627602086612723053968165604199555753373457739650028536771323183558588294938293893567635585861547106088815828328848e-37
1.51967138528699919217009613857454098219548717350953916495918626626490860298756813467618930980352175515732771250135998684833247644876342589615084118458650397182224105250045701262437589812533703092432793209931008367032656747225183257974138802188447515804584199201873982832724534351984079454106962095643623176152e-37
-9.36291812566973437716419099488268286023118458041728426142349825275348387897575079378707266782124883552364541873019675218135615763915766969781894399831509641879163377953777245933887120165875132485219890780518931328337966123362667367601267709447410853585386002660596189653600942008392117631281679982817727377244e-38
3.25387771404438758463803270565617937899700622813874933477538218590155630891380113000674017311690936834999611124154128733833486406124568235804902751757667462944419361500171716492305029734342078556886282056023925041756860722185859343162672019773462955224169465182041116840046151276987759883785662087354810252219e-38
