19 1
1.04795882515861595050106495947734209444982114036100915820374876571357203448190933976539499261831080100386441065331719430467565949002521208105462801376003067168218103175060697330555421136224647134236052908621620513231679925189814451431746690438903826691571119745910324633748486918682857600088483011102020161953e-41
-1.58684202829847691849697644606645523549553024284218292245508853313907453097549322628050613829545392032537685507987120879640919019329910736406617805223990609529951583182400529397753490640711636885958019309122816588603744098437456633777016879412111600313800080590235905909763875433613358995762972001568492161736e-41
9.70179280215990165045263971065130842377149402564563840152310708187111711732432480394341510433595287230938450110607221106712416092131806545076287913237253107236975821102155605279092095702314928906307205207634730039329686128949100404161583609011454411405108675427787348277758280793602047843379186025282372882183e-42
-8.28819042740646341840132873840952436043905300293480284734220254978984011787457183731299163600481828313595051019189419455071217862827595977714683312290186211674525125591152485394395851093034050662155713821337734806956787034969253081829018050804963043234093458341488466928849699042212922570187794701004089188179e-42
7.95532310161282063235646707925255308488122675258452756803892787217293407491880182616056590055822414217068770149153810314929047698251573565372779116888552596723762924481903798901069944703614923740484207094021482414599989483575804434184448470324161936512851405175737686768464845742987781669187479761360128315223e-42
-8.20956587066954087792680607668694151716328549294084466884672667035497111653460786692548113968752219157133871764637841618819105769627483465701965050574395973583471068800111345583519852702458691269883753895123516543720982311379196594840039116345587763450960031828118980486347157001659267981272348832851843701381e-42
8.93670469222329153934224692929260543686798705629855989653879015087222316349543030942482347643025644647039512629084738746676721228019431249411433001106171138423159838393788489118058476128324201643171934420412001095707880489229888286084601801018133813665670453462504055413815457606862343819992616418013858226332e-42
-1.01397939737691272645432996138252302432410921376188554718664793424184452938260828888207126383441185768227684546749202090635026234941037624997585349041003068487493618782016971496848257177184231499787671156745566039139452260848337391856915187890067313353906721468108946696976900763557131195391003376443333022041e-41
1.18748648826917626261261957454789177632920273594105507740628012642278659385727915719470021201845864799757496215862550865960099444676392404857049957623891321564590258100633345045977089200791144852204475822682717875431977239274184130136850408683782608787458421760961453981466550087650976766062732298691040698521e-41
-1.4217505555010709741709669599483286740474832028208632012942029204920556457411610170543993562278484304539879277361713794476204129603807767925426989090963811561548112646379122657790261043935973242778967955540406669018977508649810749770957177395204211196349483694236274894997788349964106587725940163143008816563e-41
1.72208255566308458662363284992366379961231946636844887987308626574848396537671374267938408611447622597202096417831401975139911693578603622115585860809634347110887021093750564597688970130864083451455638075693063923502500564014608967178724144780892929029295795608173530942446241842079097187671684500757042280878e-41
-2.08414954289166932685698223728815628141894900513170447031773941722140981015649214802067662192963428116366869728613921612870229177677366765556880236206029283976170293956883422794501772592638545300484019828567272095725889060558873853595929596558537351234646722465799400071344152269143992167883845826587888256591e-41
2.48157341946337128245971170086298082359196900300598419287804163919885153736501001467221265341211246641167545924841973591971941652978729214073479525862610081096427109165093848865481887259443688197948644591616475211259604759381007717635310933832235072606558142396909194055617682073633138112648373610700508022907e-41
-2.84891751512720850111144603604193794706507799003093588064288733843546386135194346940392595952530117995209448977032674578681248329699427120158895037795770658728126468004902199792389851350878298793246764334186608900274404285548395102405281036456348294353349648221396862350895055512285863096056323030187886328039e-41
3.06745431544565807881437040248065845076986680177622259498311298316813207803055357433871804015821483161056351920252698582647919306066502568196483342392121195927754152751474953374179156495455480518049645553816492153415326302266619089757984908222987535645625238084875314454884630948033521371306175207756374368651e-41
-2.97536746386960715750408247630445081634489121997419140115524640055413267614779754850370684606351861113097201210195115091562360940182568483113038942011422661433882912827767493167071037628108236477202445197362479323188342733532451153082663130124206904966155512968888761995835645890534441840039632920691360658889e-41
2.43891922181255647443617689507593549544103985262935271312258455177029148289863320173903550401976140597160287175157685003843724016612088113073863038247142168308679802810370881890241528508613460104428731663880037466322634619109964415141155929001010932259985904991334315823144359744385295990481849975233735210949e-41
-1.50265370478664260777097356543391354657047817624462465011975762452330852936297832757000968300764299282214226441101245510774571927137607110199424692816526835688003880623029303982705568078188224527625393860769835798901247624756156979844061856280992955260356313727291625105138106905796522474432937111173968410865e-41
5.22214414501603525755037716617732700022072461299722523668278923667372326379490857891616784597809522741818254548606418783570363415143801354417400893267177507210576348358937062295452216457151752307830634551549291880837114609000895099624086340834908287685455885983484608614974213094355400082210095316759457272067e-42
