19 1
1.04796201351740563171820432828508807134745659763506328145481247942829698238086097654698328556704963405611407852196480606632142497924247995572323872163349400613286172154020721855481776307015469274603811121247848228887820037586973328709509273740419800470824171977074738265259804483405826237267297008920700211263e-41
-1.58684685650862603310796488471193136134356869400987726353713491330572568033037126229080903863348966222462985970471394807113267414761956010713581851118793900786570575332347434339114627035320697782479981559015117296364383526837020207420892701870925442447300629187678193726072252435658359119331699769509319588176e-41
9.70182233137798231395144563491862450461901744168670203768628663288424306204655546194492058761346484705452967963704481286593295482478914700809838474628251961160576282816098962092134917231137712134527644766621991806393071040676155721483239718432134640917455125489278417911819183608534194808201952906915700186965e-42
-8.2882156694791911411199662407223134542307353111603559944414681117280079236499071174239491877281805771959974951575923363650072262306037374556887778657320076382116140198520580808430253518488798228134721398315076061827731424906713293014631623860201103297664796564132736273228644718907489634385928926883573446434e-42
7.95534735129776022258192017611932657261959767541417635401697475074981902341226027248950656821318798468140249096260658328338099115363585804371599841349118241776131587181555420939108755519587556677491218218486706079305002568320727682616839367305751628740459267854415832614995809242073339487316817627272360908649e-42
-8.20959092419149342103956190644134164355145299254720745183072975105713200999911682399279586576187645763267412057349561503069106833015228049984251088824689968077243349165209642185659436983129352968758882932995750913851327085748925323535062720912735914884403460718102874446246305397498421177156243104457699374863e-42
8.93673200357821089285152187154793403435638301060556150924763788943128946748316506928287910551130703550863452986651289209998286219905191855612460295518877686597944831997942169850686973633200327962295672113044958228499851528210268253837938652363539229800584718481130076688332844769340234704679764846153804425915e-42
-1.01398250142644564562407658835859719946468713476511549548261577945794736671519619863890339878284541220561834638563807920926708809550930397458147964970175827365518513588313987263508727180072533293440534466960674881467919262175062682056192092413847748421154321886492811205531683652643845309518643630015127417292e-41
1.18749013058583755506229249107085303879778547663438126272445189927088632753156288042739333660550222837937021761408564183289560694307925774742164235182383180750671807953252100710031056080390313122310366770502812928012074580623968161244135218624757736482503144771549559735803531524889620825774465568188936160489e-41
-1.42175492606120306057280276455686864141623358616810311877745784466853293737432111646148594238803433489842616052222205853578666420651990731153714356079562461378045318167950823723723930642107016489762721818171171601774476472619029450225084170974228259455951799327838854729266847645473415939828322014871721069474e-41
1.72208786263413859270751476754321530483593286739562714215119843583073269924452896259566344618184393740325277350645188845415363238278279480952572222617948407982968355002021146303983000711637218828430500108324328484704470755542963177376889208542390636019757785803419100529585828416074352453291749350837987665461e-41
-2.0841559833121156130076101427006232471255670609732071391690710951690238419079186221016769489643299866264833583823962490240218329358782230082406766168024801144785813255394148529892885605789247154672911203873677179064037804340947318611750941732083914178385020113705067073639272795992436853445755248184368841432e-41
2.48158111108046114014838945149516133649663312522588662579635587046970974309775814841609042475143430146751736877441829732069736917521017200494015139074046835607022021783882209491544228086262953024444892619286252470897607311831753389792801024592192756718019106462489618370665148100404691349669727359656741689005e-41
-2.84892637417731580944204113616862706966117875329741485220689141475771320601414801438480330389781574928329663499013848713621486408325437403559457544838035283414750173126204641090464632467735314668704140550099497484917466655971340195955908047978717347159249006351608034562781499543965354915064180760658334340454e-41
3.06746388766435545557298127660274283474657037491435178326924022491017400344676188466025459986135509865480728070167326812397351919654966380767286366484472857693941776914490039104906101623253572426084151032514187478454126423824602914575496352962284752699463367214434487594662562618994634259083391089007422055863e-41
-2.97537678377787779837397944984317566796478066359279738608372437410306687784922094271338910961995416175787703178319258264167799159233971081011410863295029293474787168105527622136320321264245749117562079024095253417237858763404733149492564330719547389212334151904592298460333414637276449148259695177894782047306e-41
2.43892689212413731600115041482328060148093072566375100682821297199590645521733920689787513176514561001285214968962807009333652209337608383710231220771554209790574754496433221284212867325257619182522885349010055731502924618058695491478258827553072114407425622419210609189483735887553084729826111790188861169817e-41
-1.50265845076526718315186303039176630276815275936344997268884584302545439687712361365251751526163340117533135021871210479864922689580322111829706257552041477760008814703543961299265087338689449330126601757196045713533489314099514144338971187746896291800453862768933197387053055780762561487825786610021498687572e-41
5.2221607131020459025916679263921093474535843379263286890318158417800459407095586249732424848034556551195588253366886792371139701709314793299032809316156359772303771896247493859429996098229667564984149055502900857190800842458899575799993523073183367081835113582959956691550848340455429227958616907027958367532e-42
