19 1
1.047957411645582663927410927311937009449529527949882870424113971125266032173932567888704037259998823632329324701853130500813933234450052571010263603511148288697541758259940326682703330013514406368578226488886113356979197318210745109891029167157829875590083138544805981662958845023930062173921992851665511919e-41
-1.58683988778092470793632377972462868912763829999482414878438269090769829711993111990236226824745032717439386874218369660292370351545754777868078576928519843036948189182575323199013181519192145806407096051159423371413446700608218591455558143981969457676213230744963989769469986230357391062498251681572149013386e-41
9.70177971080582366001766519983148428962948639235200350346961089689612163986723016016520481778689891549015517123945273395264232243269991182741312743079703067072640729515151000461911171456734116034238686639791615341548648108650531495499963016503102682471463549315437075210629572661927462637200675034342532296291e-42
-8.28817923669692193745258783897544319023355017037992411633085287499794286168649803699541492008581155222480703765705814376892248074908891037744719230312399997184289971298043866763283691989052220578283970959130922976792650246186051540536783053135691114427320341538006925922016829096744984449588693867434054239716e-42
7.95531235086455041231127652766819106459535005642300576149313716367339012165340609645300152818720411156899090707740569736600138777194823351365073703728883875172400121421761482721076092007056236240138644654576125444686128872537016673786763616359968793229860028038957729837685228251814451826515953770684919010343e-42
-8.20955476355230136536867879703477907365694271736453177403562048555040798464281524487135962762957429561107026681950741902700375197955454773675791441465600667991860503529490621906065092902913771912492661885876279534107229433230926167934645141913717824585353549503171478361493850001680922102393638131822733441484e-42
8.93669258412918864011738380050482074407106008544464510040123952520745742868510043195353287410885161041301428794264550005212505882576087015533889526612857086142005737663066004056813487310595832222033405382729576554399933672380422988392019529829609773991218951245690654221850255201914800658757913129773775819609e-42
-1.01397802124156301838505388701994814340114376518284821675199908481361956736772971243807674490366324665944185039176155394926978580555715869924253580152203830373963018443912050660274167638457126795037735436828036362038864364071911324844806043325986135658945339066076867970830596604256560037839689914344261899329e-41
1.18748487350104415348539147822294538957058365438084814018892359194483961346288310420823312553585160863386248352587090981852834374019590583063461430360225833094437217227009082995439387980521913110397522882224786670935585557026396067365032552350766923309772890475615097673880188029002060150270538048430799346339e-41
-1.42174861787698052006052988668682079838037955368866229173932082651837201943359475158125075571890480095694579754901290743906336405187603690889268780249298771387132688638870987209433952662082221746692485423155315309726215232307665774981513830269336708320339871363416675605401220042376214709090225572313193526885e-41
1.72208020289513487827989521239944345076940735736787899916780217567109749207212499038723490032801828414574294319062360379157806512746906523922123413906867464464962713259058427865180094321615953017437577725738438323554993676451776553271939527617867903769197933875657038728748932976012381706096447603448675929976e-41
-2.08414668762587525379222103216937783441648395262475997129270739316982555380462671766143390894092907023605673866454635177586237675057103944712729170965632132116576975457952635125977598987776287177120490669941777522114331191437593343355839615957296599750689514512081466176246808388112055756738821264678818254402e-41
2.48157000949838999362024841364452321934039221879674117325813521345486335978625304017995840209844974059727133061884975840448772283089015437010242626740382508682671481513400513131474794646395518710610941010587581416319379406172757145414293991167306400543006766892585315589974680631900925903261306706448162576598e-41
-2.84891358759859909653504008778404477082516702214592486937941362292100375819512289054325456800074787825347492992834742201303113018560408910282373783598575699465309036312780501285418172260768458512235823500415966201212189836982003852131037194985145693628924534854725879777775032485794196755291952130492583566499e-41
3.06745007174499507827977188120358887036610278097363965695356390459160669370639071579197722250959799377150879651853111164746492465335579439624814955270485953778491458253547234530327957207801292654746150112917212152622474962557845888279707950825096368484657190790908236560813499123490437569189115387666002714713e-41
-2.97536333202771852130082216391750484601945139940311756726960415971962882681135967641045608174521070794801942902034949465384240444016399078880004490161592935847874321502081127017805948265171600809233086397339912951884430932604582347724372879951766797653154720830066283481729615161638260124301789257202793604912e-41
2.43891582129529474630851644965592383263384545558398537137682124028475420318330796234911402202811337452180644769722790708981206147113282994420692652046603474443195117028758715390966542853247398963192383105902725326312546023674717697322818206498149070778721112479134166447556719470778606167629084191668771030408e-41
-1.50265160072881239223520175516363682457461077628780831601660607859167729875054388135186338881888566922240566742764671938080918596609485468741146567346010578474789557769637913251751180022525753286730304758027492589255077282734271667696978806052150921117475519557025056368888715811751486797161727760870563928591e-41
5.22213679980721594960563933992510478588170872948338429792193459613152480917891405846982620640031854136196758483431988904227937744687309263820133719928682322962638363248596019873914557754678000239838272745200107995924202428387401360960225114564195569909121730676835117238549592809994365065854200825773421132347e-42
