19 1
1.04796277243583823623764298783233054760830767905528619596833935345343785511800272281106752243808342859530007892847681386622120519842164530333445400321768778515618726630247960897357609169408728406798308924789959417876457911690548512082983402842306932732718839187455474902838673890369730962461867643347618785131e-41
-1.5868480057574810264201159744597969470571136430037383197509945364170054181264571330404717121701735557623668511823040340492397059908294593205602726123429387621458785197574838425399369972379885858262484657947041200895019061462804053594635192363593161949891600708660125029216641527510600195980835532269796594065e-41
9.70182936015665368625117478326379567139388300988899353033477342584576194171528783811939940240637658081328716981418145349664736569997493571330859725533160611293618295014820506412036007480201381750913377748781518911881328525460752782627711533724319819696573132153491968052802826997919810748228938373568963719751e-42
-8.28822167779766903514838358379260255150846586536337350040206263203659998461062235123311366249908415509744715682098403523183072487729363127666620117513152202939329269084378356491019887784432470943345590757286888199339276426462711221310464623872025126852778704783957623330510048922320724968049598267335647432219e-42
7.95535312340041914450248751666551987182442759355977265126653421753609564560663301308370598635329165026663039204881525188461367888921178702580752423499889043139831492213049112486122882787004053823384609414218189923109213503273216102877270013518845727257053547497079895103124447504949581268621973310786248689088e-42
-8.20959688763009155804297657027895347323148053147075614087950569885623103061597450296857000252836255249072644784827327400775330788098164982893553975097058342068614994954768303718339467105902597065839911061646204594015566690915388978970145784513459104264450975034913486627151107855342060159990682805115735140507e-42
8.93673850444453244674138103245204433755579366568891735213172585171506644235847367810553412943899704316812391559805835474954386366366674613802734835208599653983674009555265329842783570916862762890115284220540556624746633021803014567622723950193823855369518406702887016492888168783912367436517036507823372215643e-42
-1.01398324027709782717747953395834265239568224328991662561542073806902166323587882395534514754587332573795277745383554946034042178188414978813578289017711908715550720779125311546516095050882530366436919518045310035025531257988652988535341726032732577279187398314216526469259295903530173445483567905838110268112e-41
1.18749099755919496357192520793205427548331679685325136432702291519222819434041454740411046482004272760920493701123779616044949519732525193753297546292003169456074427779961833265444463037452266302394356534875873538431065178389290480152148716841287027374992794440054286323958461755884051149474177311568325700126e-41
-1.42175596637698844417585144105516839692779821367072268516771188275641516211595992273949781870689230034748710860647343544471765411964464762275971092364236243897912992734462968286823085381134594497613555948105679668316636512180935636914689270759975582859497273274954103386300576892179885744724382790366761015903e-41
1.72208912584208563754498218236723605300617069375323328679059814415677221060233091296412905861920451804717442117094888266835916504507449597003744676150674639121324117740790430094397425607529146786519222341095025738108924856313257992826081118324347200329200421209045883605457548294744559458337986119803783629363e-41
-2.08415751631296911084893860704082917556223673972008012369609112678863934178101475161789005999434561865589889103059587193226326884840331421308996461640699640259792172019072954246716175224450129266424209537621751192013031315894705967839085261972603862928595906278924408428021799161591327554976116227573034538738e-41
2.48158294190145064449688401873733203761952098866316868629427449514584539382910196229717109767797884302254006988466164411729709329896296573563832132592962780621670130678376190832642551188209056124761576698051652265983459247722252151171428682364162673403071394030785607491248286500500466148430685184522585936228e-41
-2.848928482880432220103327919473537806721412029587061691481252370026352442211514574656798040187361052515126918476821205347132077331474065917639466223483250513833044442354720720972417623085365839919209898510031921571194849769094460309061953686539123399653319931885475446635677761870866337611262093997738309636e-41
3.06746616612196570328157773096342426230612573728995094972653750728926944580831103318896349203409791940963891902531319401810819834093312995871191561956129732309679771876030402351119369308734155536448736440494922654351324095745854018522361820509849989595810027430565480947927118954576422935425745251264915745278e-41
-2.97537900217882327479974665419874244622198053692518824291683945169809444621455378446752885094555296281053130356065954535486424391559266528929288242281949124601982332023368788716629214726797911042828529782403446948014213477603371340126046648842651560985125930001536344169487203471732209401749239957300681800751e-41
2.4389287178748419285543739062706080741270520952627323678363334427219633224006223556730628390280760413902710575674273329072086259933746061789597897254991678172032531676231248369827601657922937227167699041736666277852871936415813454925332176603975931174853044036431807172026982215579833963773964162390925780467e-41
-1.50265958044235329612116558413455699812906682706436308127094299140849489280647828610241130185866333059165695712141981739442370837558992698703846366048184107980349373794141901924163184901891082344547128481064249180540954962526929476624600239301302522896631536054029742860462373954970605118111023216009503074384e-41
5.22216465677559352565997253140253415870174666285369834268954735497288720754448932302204356516117882905558243307871131145081440639035793687637306746030429552841096562314106073987757949208926621800567130507738514516431600994723186632285541779086697878738896811270487771006445478712686575469728130834157587271306e-42
