19 1
3.70624129430497694105189325126843913155875281461135932155839695953574677152691155911238769206595096579974996588290048800061876583900426248940287490079954438787676446329824620336910459685336512470028802417318418204645260348882729406617747927579966540850046499744397414506511155989771480675570504948195178924105e-42
-5.6120920811204531848064727802580113278837006842491798905954609592402707085875707347366535886014837178561294119114255024265418483777998118659921775503717817429411444761599867922484734711451936018582207076097436669412200368539879806075268293650754077612216698482892813407160715839279421861629381406227591846771e-42
3.43124083143040067368601231718924587666189231346282431487727594366275155097674220126299216407089137355223717977123776755850142490156920922707527765061574011054070649651563607141036038825622607659437145662493116322264497669253310239340414809795109406955336160623046266896019927158680671748860424461386890680677e-42
-2.93138950954626407237979539871198495611798670987894295520193838849995001771300800698222845464210530906822038908550096426454275426021819513308653812879226463114078617522816363114519163701549319569781022942723807092176569018900699592794879865973642449236038088330313116257678043195238165203473938479540910697265e-42
2.81379675874990093707315351037050612381347662360856697784882865224450040063168744849294933044717295661489983575308735712693761756174689260302161452996507028385797354930695131881944034060404447557759194012883739239158851924707039337643450286047640269961748755882305806727497192993511019416943237058679538568716e-42
-2.9039068367827559339399366631237976577126109990777833059074744493333649950977495783037870603092066507781666428094152188442704785157721923520728748734195358613741912564504435930796651020361862102285716554417070052130817956434128704737555745643701114371751737975155723679137541617386873620124733783543091376237e-42
3.16136013876993172293221367153084635748343454453095807762265111920613466516145319832989046526887294581700694006612018908157844789385882922395364928566418455586844592173757366435951940023634786605721176671009811596494005315271284743661435128208466314407677290804764545253067083737226670120853639342413662384358e-42
-3.5872882072341016375056158048724738437928170418806586793578145598164958360987829023062711492997322688381206246234903380090102444708553949957687033752844111504125177863814999655294912450005219819801872333636834750227916092053792266488091048503156648926023360583308643839283725079528977285040053159203177860387e-42
4.20158240247049547530431105011922195826837709821378727503975865067010962421548889107315662385225198333263924701610982433155158071933124803897133172980258130592601615110254237970051086022179119942962000593598233560789432124770324270341861364245461389699757841130070549072201902683811468190403026667765268922641e-42
-5.0310795433542181429456259776193027378500742654669589682396798950105585695022718746043751772679795736919055809377328254436751550733694883254158782067834085678166766263441718766826827241759594788657769378257992713825201087087357311883017461780251025798011497066496620937012812071740254009524529451428049597231e-42
6.09469271659231039834883649642313655728315865012090577351590180057364876313796070404660196528818554865418679330893506612286813900840261672572241224835612095455767495860002524504059345789500138923982353142752887459531209102826358118385806917668285253054910187411617979690941171193611913286332395766544870830501e-42
-7.37722955791348126275684252231176683435464485414457829634470540909034962608756033735750653751901112302696414445695552679393734870215802366597132091028318561858307886847759266216593918005414103721659604123771858891540959824494141563711126481289001847929900790816603056391176375520890962054173003561563253326635e-42
8.7854624999636135757337951142987661440176213061266455825082195579821534643426326309597351677290950865868773505462324736991904573155870024665556713223829620297662149434318742517742684234427149511671675073529678912408697017030898233472312620869399061805653596153420253540263528928631800081995863039365216151108e-42
-1.00878116906587403755314823068483525128133889642141311469690602665410635376112151289208126978913865368894440571140378239062780381607538449199195286386114110093097264516585134542203288528268622251768059965447263642935163238402653554713098143444623957268087933536641286710352110008523354613200164985616508707448e-41
1.08637884358649855406603450914315071524591192297518631934068610427103984980248360628303087856104321550151238462439572936630212700284315349351519043105722165277161229511156661517873020138602851636099176770289161808590194629075447062687574350866591350946981422182743441739570755927897702598408752893569409823541e-41
-1.05398984931195498579074002120714546208665281458155888019709885308057045607841735751502547339934130697934191142154052081276411722444642790428657375109230241749426389530372997703173545329050075844943693497606333111451309072855549835652702382616428096379747048536786017968473077191995723280942387625048195803343e-41
8.64156458245666762945489986687761497156698471829913926359871680124810082423713493667863442561703343971198659521244280579792235298993465952069341476459064551588418077157990067861421566066624047431145049169239415788447912647711799763717663708868532774259733501151433897952258268467627756742963601065861399921167e-42
-5.32548960608310407234780041836705672761088354344050691146200644439564393345890537542446839817340444253666279682100505621676620243612826954989810918900165562792556279669846143878980749680912798654248147305357367218030850526096234221257613810008081542365521230143760651090784217099098654249763992024898919810415e-42
1.85123559987619687059178154316171009229299856823351896481662554657150989329579454381678875724092972432873773223810313750714562188592215579985708992732401226806837091534375937341203685908348571296021710710123453038604420660036518429496538759155020510152074185549037849007427267755819137219921701891443281134565e-42
