19 1
1.0479630297536683255633933319917180029294720091439274193133429075767128131384687301950458160046854539095922320747549956681306404388627208755124700378337831680577622469780114854384201104369484924994853449475197247796781283182124116667194262437238315536156147282395491562443183239594994317158685742771865168198e-41
-1.58684839542020246723084343150497116841229527856690873248805336879583645096016429934464982622565539131067374063467903511421641386004105160610023841349069897234822501879214773236957128836401364316267512595186077029550523790836025942869915664426293377447205678379451971425156945280919819429885499441708691324229e-41
9.70183174332460106838321171579351289804132832091530612752926215788225139746190611666628016718501921359868779340045245455953488820419251988922357900003206390637212797399006499250792965479602828441757619060652984430173412375981513724063140951220035005827936873260247808687046583266663731824567853625859792072399e-42
-8.28822371496981103168201807868365711474773129282245014726532529670850213682793723080294111152014334894556342738537838314241878199394486081618946971926829408093645098298384634965465973028762154190738081119479717317521041629083034702520092353140046030011071626218316563282048911665657863579847353214538547849902e-42
7.95535508048156993969744947142831919009448003705965116992469061023291125606078790695233677908788324482854577621350360988253160220275588603828795832166487290514410074131708338829147216932649438424442075960298507762873173245461354151938865118778742379840683431120900040621322113870239961884589446721997062209892e-42
-8.20959890958536474065918316213103464115986981913699038772414015565042576153093877302026490457214359414356275133858759616746526557637571663421688426575384510349009680112861970579441164695372992399490539648752199539669947269836111003809433930910639548229218305213767598128465641835854474285876585721739195908416e-42
8.93674070861934018621986851250393943252844918568479961365135644207548435867612814771941666623009073041328499423217072044347621771335577248342677750631020570011512544004754485157555708120718956941814865671463627599558327371301900551879002914167321432270711988948081957332904784933583687437403036290703561835629e-42
-1.01398349079078955663417744345856123994558178702186460321191102816740768534930892475615557842125349890146571776708205385530770263960563439180938353623609983384672452275890724468385909325183807988969379948419024843159587711454476199671618263531836221383071082917613861376004454208532994335218471527668101648913e-41
1.18749129151400164467306490215628490879991831330812851181232731975241558663284361106346736040518644882962542253305798426377114425776221659466948148733968662748926460922218400981076843956506040272615297826652941905556529968104498586721186396578069491074609226119796502773589939427466384429455967390567247744341e-41
-1.42175631910505064854838379335759527404538995191835962830341083789937490345722359048902729160154854909916462754792800136041991786127444797751034657279280110107694666097961917109772647206910534506599017392241656775236537990034459412357948527764130136207023782903873773773058610858832002347261759836758181318293e-41
1.72208955414367309025812483482296222193519940994255450398793375089836965883710696324156869614819190042428657164643898708946524197997114835780811231637903527217088374602016808539010808347136949849193449102469852204429608766146718657575726011376674265492615804808852386475499560516523538039637339108112248549468e-41
-2.08415803609019072096745180710306574762372529753488324384148327371720189479283292837723642187343523337763142512449523573091918391733628732432830733933418153153396777455495609620570521781132193535422685655060737151298808046004618644070117305137936429006053537098285356935049281355327318253125597566985570512296e-41
2.48158356265718825264308041265284239574608013735180454132971175540696190821694568890008161926566425383040454279843274956965449956069038251709062678936294780402101544516737687484637652027654104201054399630272720242107203975578575799353036672143321518713650455946310337485393871639618748471185320772281493068909e-41
-2.84892919785453850591919650048007884796642610392202097534992740937494005322447071736337669760241236065760106771537835780147042453261266592050587793040650660020899134868514498592057997423659231281967435780580819732993821109388147532795203168055423261009626627414073692514486912039995079012465956503762489389619e-41
3.06746693865283437319624091605974873102349539292374321264414681856699069529890396805225727187301996515075795448599882710957131820450353517706205432017975824028867540462623001889402580339211348665548559969634993370721639047354102315137879826993155873816024980190924293893447058066634042878070552560724474904781e-41
-2.97537975434698544436327926580897711355581428281239988973561284456306584115355056509429182474188854440098159902822326541113677778456862292804907613974065736274186703168995891705372709084515650369697297949422890088462798251571605330777073692804283287998928434300526574153874731670857159558854424571812111745212e-41
2.43892933691154460155596565139088394385032405197997505639768275826362506868466823122856074400239085164329981607292900461976431425705596275340423351746639684318616929915656459811841827583776488158205405797897360409915428770125177538467381265675436243635600999928649680198576270509975856210387430834194111993676e-41
-1.50265996346923975363822224931656355860492274413767365796605892397087322651524158028984692086845724387792066456251814090366926096001690476313067001715592457892478987445028893128684767780936810054410320919845528694256550971097321156619203804188069168689629181807625533216652053391852997114108211815373247144369e-41
5.22216599391262643324104504484807710555066848137227868435749189985255693877019280836273978106835685822806680630037545419174145420916418103443871129336557092769471754896816118374418262359737204899466852932253942007448397588806157382763358024762636388967490838217579231504005459086800152067019070132089796366989e-42
