19 1
1.04796043368285715766513719869366883073502551572440620734603378290713423030521265001132914599853831034418803144976174348936321790816841114857445816903735742779901062702807965918544351076696516952295853515826106825953500512592947947563304568950115775076297019276513478650882319848004644573560854975239704164826e-41
-1.58684446412630262751384977009022337896972708974977208163285334093713203288797379393242494122642468159961982347040025948061520733332965710655536425245439356928900957436109406720692993559523754714439457504377460096024948854982388761614296687621368476178268854787440718877198226028214641040344528313862678198471e-41
9.70180769962469072030341279777186247600576483914973240972754061143683762628681729582832935328842426377908683072238392003998468509647093976578206629587245238670898417152295470803813290060169660614771211555610537459325773235556191307580851020194534557502220449715177094220753259385678041856759604381312157078642e-42
-8.28820316201003633196964394422003626898771141321726305520133441861906928707819531995340913350775820932254630387775734705021701215132085459902571056827990189878578861522454109315153128295721988788611451412829550785033571847203586269879252350775954418938463483226906615406616366927159635234746615074916470838443e-42
7.95533533555745552869135264144923576919611487883775037253538072961238725408207836244669814753075993813674962659384783283682215345238140976795896404549015111937327222784793477823360999111358632164757867599278317335676763387432207781451837035132003231400980016430446726871281926355118527701686788445828476136873e-42
-8.20957851014901157500980779240844001096703922744389059678219812178606195550485739021722510982444230074564447816741336950488772534855441242865683533721209631678711118055015019263514235639593110649155857717169794069687401024020956321914642734960188873278244100226518772539594342545103669833198485039001564940857e-42
8.936718470777173893882097697380067888016726123904880291388480918179707925113159422179931792753049067681916391539558303606934614223978769594222468329212722443513882429431976164518029888647958961967913142937037408687932060236592024215500016273795482294583249867241189155428434402385532329525943211093629583975e-42
-1.01398096336705648328448602516710696433118777344000075687462797405448385778667063178878186267423825004057614541853210321299169878253048931180836116171377300960755626252904266602017316132747061524157506595522676212440450386913532846280154674475411299076151703611645252003584458390858801562236491596577489051024e-41
1.18748832581453683747581371686321896466048057703890589891661072546998903366744130413567834475181041587072503005222229555470570512993149257428643602153060248905926815428581441055032794884619459592367441687751791847155226755739743368627903947393110967442237132842229801581317451980209439458442374280205693370146e-41
-1.4217527604445075265608576645211712388102194249772820192529641237536262032632482077948060390215690552437147649863273775726908532345858132466472539117606693950871456029873345115132512495702177142145742432648392382200792273098014599845260514796964382882865714157853304965135432765721923744756064677851419762263e-41
1.72208523302483863290639519872783246401312899176736594018553027700414679810718864912614487270120358998037812283019694176801843186613901446669444620297908458033474551123838526705109883678356138714875754458088774358620162397265585269942764045965182756594653540543140868712785295695790394117340134561058183340375e-41
-2.08415279207740482258010339624929760856916756054749455835918895689355588871942690966228878193327038052681352281548180508471392130300601369937443759303583231280186974437384978959473638560708045942094627181387580272977114159310056467038096144581486394622599856704755056273381751482006919520339505172819588690779e-41
2.48157729987639314198629775371735409789085993903889783401495389087575072293801590276937353090794228070731038966727649075212849874013552660362238722133755381145715892880628685866434375400906840057637586678365293718322990541843223164180496961444638526771704044429856804759677387023498958264752964862224091834135e-41
-2.84892198450877787579040465513674097241166862003832918150478419425265350441415711602435511001062592588221004088566512339058946523640095114997387391410237367070829556358177085839579356634634365375876226822658386278423770393964661622515730537101068246205642111367154695539619860594040480480255592313784455951324e-41
3.06745914461977697733318150162764747531302568093924808098879845042917653473948408931710527912582423078363169890733371622933138163943873170298641789161829621297569017003567245720999734346471150152349733186312590512330680751934319514204468076807444375529430129426747489324715823785742274594647190771754730020793e-41
-2.97537216575311125114405042479296472980862800280321601646702286176512702908978986532330669732325276950932385171356460486076907008064351717708360094872239581847833718100027271982445907261906558501233713252680073852703486146300492705633834340645508252275763675524757190010741555837439345905840818883337901601513e-41
2.4389230914760994118259307575423487854126576190864116294982730741512893577212073974783553375977004769818470310668348096191831608122299595600869878464057493084226993247800993970835228620075571233660305345607554200715975488851054659720371191242695131202903857445487877422046001047583376606622534993525050175764e-41
-1.50265609912734961402624498789421627502888380657532909868955308255576072176583763169425602063937241166726043617892250303207193963786752684184267508628251300848650722231243492315565016412906126983944384350607196089124679350623720852314019373399314393300195441075214911407110184818752284965935174140509510025815e-41
5.22215250359561659281851958568573116004701854455058802773046195521266843733167883003395405987413608538218492780146444000563653971400064374563162999644609177665009728269874971312115705542454214723143097559919781287209513961999807549022252435641988629682385740124178520068170859988556962599119324224563387608281e-42
