19 1
1.04796207602434210505010446415382991332631551243712384389945649365701138129845813345153594953027464898866155928165602207934888365579869625914862543038402422089850057844298447113114209379351962778105728686059896006466834041305918771433346622879696750111812331008273892296336490717287850795839477253521343055444e-41
-1.58684695116441781713113231736138315780381754163360935172045860362269413564420537240987478772588517759226089763055671470858246285002047767994681421971699446230383305339408551898200957373111658938422773474433832499670407861962474719275639705976686804734774291244720877154647442223784956958964392964518947954818e-41
9.70182291029055288067861140431646690434367583146731716277749529930403028233695199769614830423241106021461044716618321239662329035012049417057832923377262166333413188556478831716776732438931837370074891692851876798376656586004828991913895268619066989459765286785749332692641874177038756252835666842878635539307e-42
-8.28821616434341192347945344160818516301497597654459940239177913853974305501545004595558089683868712230238509066477596903899635611533010072590054185126379058767241259756481622772892226422765876553831109868520119821173419741065511472357102718766735770343961382274877785039788520978248548222175512328057709652415e-42
7.95534782670649193993286974362718038559520653409419648233939641970256424145983624266111534269150255072355477497899285292828055902476742058425248149112247092600370003760034553597537780647837215349291574459345244634345297857051238380152159974007395789767174694342809737148292473241581458786733242499070069424951e-42
-8.20959141535925771415753647475791485585580127305388087873745496324081477358223236048548172934447804629176163028821948708112322774908110924236176115151368753161587648617280210114363608553954294132878220863915682224716488333602979780015111378792782228202789969324495843099037490095444402095988299230525219514513e-42
8.93673253901022608450722269963695979039439299396786107883050317711207517636835540579437252646933137100432071428055757794395941623706974536756965388726361659025229856238219867595206017940322865342413184426174414116231286086468879942403075044637261461852345919538344035034285377270424834802283186718298704194088e-42
-1.01398256228053331412147858420700171168410294056920495907755015275614706537095910682147601205563738917263644260858884577169080673049130095470401399632859293745376457691467370909785166505830883905537603498564344922073349972916528970962644108577148849294923413183662235029501261569632209195700789274407147675892e-41
1.18749020199251742605084526057947340209605236145384861272167885096733254092944192951041191820179914575409058689283277502271136924198630320695725888260076712124397295250493850310537767029478726887808655290598586039393555140381326893282102724722624318366524314075838628872878319995022000579020733795629499852574e-41
-1.42175501174491466520185819276958139043767968908219735181261324430455404908074339606546569398498899013621231265240134060224703935504599829174263517456788159913086861220790737116210947552877667619631127754486445400081250455381169386755852055905857473891315683309278502673388166120975613950562376762912156853043e-41
1.72208796667595466216027607263609107256886815213876937813302597925038727302446501787328663265990178871854986110780359368696021700664451422297420448221078951355723813838447221674676861062988850926556134300898493032562578513258838993556433905089667151935421042317487753225227930223136783249772469389577448119694e-41
-2.08415610957492944583028229744855429219708942880755521851555342266757404188627077046891555285910144643726469162093790575363189074505343495443024642695644871054494571513477871828962878113351916093956602347062204525809776193137376454011588037288674658360280967518422809255066150849432638182389940570343773508033e-41
2.48158126187268314309008592429266033301321400266997795196529565437196438641531522898208421133411727981310712467454152294793333598534868584502530835636637312907815901811002340429620494607948049526489508280922440134128312964938594547892086829539622279102814359003202752518335280316315540205876774901201907508613e-41
-2.84892654785678706360205159276728450548350409921123120407743055549012426063341641836334095683347867710262569908303653214891453150334049283265324269070194518214928234941663400754739326900351428617270534255848524506613500881992071426175010043835500848645118903982902423799606043766357137571893653081468947941987e-41
3.06746407532534030375256698913560972424582961343068554148777237159293348253781480166671817894086828365027100732907489232406825726070196931867240776558714192309173016867409656677180567316591164391198401214582963534960217126381541103048813970198008971997949585165137233273052007096450629794290137760673573313863e-41
-2.9753769664924008653267016248606686861423836563639567831087018730337862393875211377110481852342604896508181278402694710745189955588675804810848733137585540322179377914771285176673490715539149324061658810049433033787689575691191477855352320711045854932742413189559746689188482116979495083743332995391440941013e-41
2.43892704249873972733924283564508944704389825707596424423535047068806340959620245058509936974491354026760567438347383923102052293409172742790889890405989142715591925737549722328087370816271727966134613990634157245612629988847061874505968777126358756153354441356999430806733749067604297421404373575422640847048e-41
-1.50265854380904219383693033002825481108697108362368031759926719447139998558609600851797116314869235056530934181725726642077106442167153178087033141992145424557357138454638364801256524437522893948428541118172411806929265710677753789789612504800267706583166621127486044947380975472070732897936501330057116174023e-41
5.22216103791545288655246445838841792853022985689805840350098513883079475816288904069312231809054824777534702501772323196125801618692457744707025594207570824136947335097619193022875397436408323293816202996504692869218991444142247324672099859026437950650380508940930214843266267914328663095452651363730422720234e-42
