19 1
1.04795854751601832739125005349048123891141361494229287144692075179385855882060936947276029578492169329907178345209870684792150955784116970659401531769638434392064124018981157526404892662350502681439500171301209582059985704849681538725373195156231257972306832166347101150766334218346961205242752883443896539303e-41
-1.5868416078574622869093327261097754684652180015132855003522332207896476518519739680620104506228950674537543481555707710580527147055681987012155045954096965536383216080191892270057982985036418646722069874213449583814200688112308252163696896972254561809127078849626453657359022131457347621505629302552839173527e-41
9.70179023075271702109897090723357326157435597786904280376674750950536183041719166292867632757942431962187764733843079882984623581586423312581780880874815485088673082896118112732511796752908720840806033806845938635314485573709566940816591127273264755816508594547065924635919175453859316384632616309531799477772e-42
-8.28818822932435951054913508116742027317438674742317602700960263145301021035397254710995454976350602294444324801332746325278607528834909352044946498414659382490209876910490791933399352830895550442355999276937351752172185326479970477738424700312021693083007281716709787328808237583977760517331728198514639488076e-42
7.95532098994800400698598229599247068952296898000441513843233430069492410549975442706286814877049634402345854442972411274617293533438085583454217145648402349108876845206343776526213535271074006198409398899492527524574912768050454492911938063848366137654580503941209960454673856629431267298232888407041351652367e-42
-8.20956368900660873501094714127300683597264259463826856759136870374700153322878289997664951975435968054165655330291621204208268605388408781629520841780639021807798889592734071583827066148237106214517008572784688165996020884512768532086666483626547372966322012048167060444826013167215265156175782806332569440441e-42
8.93670231394817862771787396757376527091878802703849865811094006472306986256024736429987874759027346998827248046532708174715943918065453068554430665138093525284599172349129696594388553071216364811730295101581055087616792542761931139008874607663468316412638407433215352578151576711681541314087137423286903008006e-42
-1.01397912707603062601583136466385016220042979031677003826484729989935465767452425673804394845681759484925201854599608751593284009268761891139353309522969537705625702234668257454479748103709314243951807443159690805463385229891064316633223331333735791138355312558802928799948379283468820156815441433074085914748e-41
1.18748617109597072618037744407766648398550959334646327986329628974416963950058079334254051210365984210593197748166208324282364129356669600085140228689301025103218194760472793725358190217409313192051082301730019474165686037883023140945554448972322033716653798237271323824312241120066987505156902294176132510292e-41
-1.42175017491239880220006323681063520686799744580556346683489178717527599448650028818248625704878003694100804451346998522553802568001940975667708441135206346246127230821526841971485525810153779291865532835061178658051822225028982238658648903159215071353090416488427452172401682970385146138967384467885861513882e-41
1.72208209353172518275150363169553259542677480879560251586865544937497318154638793991871564789670435919662689186690682950010960570429531543352749035191135272887642421469690263916712388482453049393011981542755531566914375431230968270933880164066620290242729501750486413440685627597371112660268522531424692223457e-41
-2.08414898205952106803328074912364281228736952315301901016073061611497913697949209867715941086121026491463329522603289947377950304418789571719003542666198157777420942468673296734134965662396572184776533093855348369225226325542406561638828973591724651691659104661133101048495901459477791881062393942515518074881e-41
2.4815727496770226990521896163185695983094936248454768133639358920525815505272998528640023689019503213070512756529293853841538900344768060032364208437674484634901763167836618520648933148917569422111382586557856911421037190999286166394086826836885714373523866471951824140672759125781177205629618439327857499002e-41
-2.84891674368082800410122407166485011069741626406252040238109622150097189872190838860771450830313574611824442819770891588286045335151424611336843210205795125430985487342725431758383617316292980651833918913490866035364105731483509489324484905812533587233838927729388936421619799030730346388602873913455467836124e-41
3.06745348189663251511885222746140985090968085360277826718792732855426649687611444304296531268222379829315973865660729215024515065598690061993112176540898762594434967458303119139592666423682999898923680107112076196475186379328032512746752003183692263759405313316507126260627461941926866498806655364901180628035e-41
-2.97536665229188323126646326486177089698743577540197659709624060024575071654784789081282158436481906869181285776956942627814753061476600873579945925094918421027265413535187227944143163998594981144935926833251388016340194170178692799003150376160859798105500615952112705830261172175997128700952293953442133104323e-41
2.43891855388182303086703864960401461839671854051276139848736125705781976757548157471734527423169586618715838252401568434415805638925376961702445817328800534652617816323819430258031908117901803741000718303811169110133640473996995208989897176142438476291881898333530927323816186034401850527339917003327557292951e-41
-1.5026532915068829968594917096810184352806697730566807868160878704290526039013380979737384810367501015611193524078601994705747575973114745321684278944583363013694589971206042724862901715011791828076807697087739109780201756420729042963496324629414878536144416879691720520281256162314191527210572182669122863424e-41
5.22214270226753109118381083103662345586579589603755979988014385511137523070236653013353767343998123586684254782826193630199266746713913731515029972928557441518820170074953984857546666749974162584923612079846840566251654686470014666860868856315743506700356334152936658826628451491225157209391404386235051946824e-42
