19 1
6.52974006852757406425829278636031172471771699041936993790395182620996023733143510817345676928763131003700165804748158386354943654256009764898189186630378419438624509703423633929769740274178437747722805927548814704356760680503733512411298927720790301109371123810485958955911621206517253063982170317178972909661e-38
-9.88747433877181384623635678250554551509247412407439512108505427461283875954058509771629425285805151695675004913491870150941683933189811727175710106135967025712696639591995900990227122548315857442884469577484985762196532751973765392269862386778676348443027264636953437923383565037334415407443065169175630636765e-38
6.045102565903874406674201831998833899816504515097411987630056540154834888258548875131669370142882010876433590043159806210548803312731654874406845807390477805156536408636818142875110815001676801428989858156957772534906579502399058375465979242834573114493721575665022194900987435227705298706903123006177618519e-38
-5.16429931987139328269482973172493565153348270751970442979400068456157507083924052084071898909691567873794182871409954259233041672450140467032125689093656248288890643063274670005173652799928125338627910597679500977413025713792783011863611486154145922281125046974343593904744874660365493315906710814736107709766e-38
4.95689269347056355649221061873988950788125380239008723340901288853010800603206340769853408896605765575139188889243045968966974767138694407407224948260342907496542679078499341370991245214090728933507239761774508863866556329268514086414119083976762827542811725110364518141943160784531481446612208899261183342676e-38
-5.11530929821601319955956288701791737237118826736956051535088128439436612223351457669196999674046841232011450644745998647670309847587459318833258260007936422315072597212765842395478940358711150481799581239362442791727963405217991502408924495010440573110389985379887100044795829739216199143239907008034792037898e-38
5.56838338653599240742695778517443355781651293716540869066449802838317256402156349482184463819325399338261162823983030473899669182796644060708045820163240330475697634081309971313335932319817306985690550034237980419563259839653971138648682899136135465612030743441719289582661133448070428674347537071016787428801e-38
-6.31801817333259913243872592890863328036856575368536481852618354377095096275792884544701646448053357113694014202437829462396031750946426660296696563835423879527275481727247531535127018889511547168025682036680447202536555033107605897349264226180023704603902253984086124418907213072258685483639744310867204202225e-38
7.39912624941871373520394697908604006577356096665835471453754278849776358425636543139419944960258941997473492591063424198690454103861135371464024396828581651431377362756567053687817748596076859682681537994859643973955147980234162608007411758863632980676312644220981164862028181908355427142646079344274318804257e-38
-8.85880600486075224944174180202095923083334198284362454362557953796649465971779524944495149612416582117049141231741544482458585312421830805783893326780576284976801957300269928816007570765732014344440823909440236908651570743054513513132479838946909679955523901932512938937434703460665712697544655275293298757692e-38
1.07301496490840734491290284796510574976932045908298523187245533984110386151230073464402467907530447567300152577496539826926882099362324389140345031091039711372891718913061811843736303530080197117761457384867148958758243477306475140166016355448835419143327049787201937985236977110041178847007730181533115461105e-37
-1.29861590772218615174943899165369431197942248734796141128040129425702767038927583459537949740710989578047241702784884260459326656180358866452617688443207561910727531402675131483236508445551325213259479541401001644050235410581855918829525366754544786939950560062608394677867909692854623145469917910737269880597e-37
1.54624747105453254682534472152763721913344144954712887948002863904711519003932834595744249840759130219520484653068307318525037142086738130900813603750236065202172342118088591588064831442460535681679350654759023457372280432363736073069772737630175230469665575320193673034828797131505408384136236594147806039083e-37
-1.77513662405539430173630211247845749461347082566049513838924977466490422816189821428832697963055245868561890737244786947545791680536005984916381379943348379253907474705077686279243720409675079815547278380109946406978658850453643130581409001750620042667231530287034284017865721764222675710024378824765209452983e-37
1.91130524111441075562572386218772234751461337931996171851664951329094232592092563602623819168290180668478632717972209211375898595239112741588897801857028051604158872317889055959670295125285796426904285773512121112072459646211711252526990946735155775646746557920594063597432565275268892419463680738908207445743e-37
-1.85392686654379422105710573892660111213099732077310735833984493080540777656697503145836879101667485488900035360155728334998483033192284607567257181027991601862710201786606079934588097652136858543513435813494068241090057999273140545262086508215648385075236962809614662476333246391128430125209070517879382008007e-37
1.51967055649299848765852606850045717671490326543078541083649170807333419668658288442023420395041048252651658208077161446695170823298030018021291472196223670291652619626375767937266597934255372615584857556350545508333421782243973627919157059462064658028936010717078384462753367909609581881406995995738060969552e-37
-9.3629129588429361662478409175432585214950895855113980401290548692497594627208604506239076636741630259395128523669242785308691033791525772651302529303780994437409312216341199502849743487649554365593218583914580501915663918483683585208664590682837879913982549461147468046752676474282714781772354316395446503828e-38
3.25387589610518973740449814883811690465910267213180652666507611840759611277699919509886202956421917837623380924292649432752464737573777318671772369110212232137776762932209945929299108581337684822754272277431329656331344818161801501087251855061462110704656258227199386100902139281581509617384157536824223914604e-38
