19 1
1.04795513207025641664509550852739416699509560934582169910541425458343215394328773743840654950761903863754388504887313725062912433789941795207531598918977044280824904234354900934785073336398369342092836579526341909299494893940852481227125960815683763948467614484619880949697458299723402453123227082348963723535e-41
-1.5868364357639497759761976789969716795389666655103771143294423363264520416411940954754948760685990077401754970451856157802512533023450166429799660508301696977753848479777721732483238364439739068649062858256711482021605510299022740075726963410653966412710284234718371362527226353290891239026050025379474457806e-41
9.7017585983529547635017415171766929131509337503527416303581077587171676151780974762482052808997441835310235293509306993568373994248777853526379494600824725541280817584199470814462263788462177049099196702772626644502673689326976387668300739482720770359270456160538874962412294423636511595485447790588172921507e-42
-8.28816118941769978595322900469487311441248496985922857926067236367005028955175285155954982296448662888932343409179525244109307621543656195223049087098543470515902914187509907609301940325680019445898094858361152777610977070520813149428596902948320968132133363679278416499776945385795892310433350879414161303894e-42
7.95529501311229674212725699006660935881454474646638552031855850625643977291129912507581804821738015527544676603807495209559078981142462380050722766265750226292125179637244417612741532231946495587763035514355053787527612324656208024118891840641839868180672579955422360765233739562468099365321987662880654124809e-42
-8.20953685108389106913821219500914833074516149509053942907183602243213959885756117390035728786706095625759794757406082510618044485688219473531708364903023450394878132173790927126596870943257707587395951607993502175193333178987868069330278628770774491919490964133758838645445507886263074265471650961624705189485e-42
8.93667305738457081975708922763536716655522123282104144047209119694001030121195709140803585530469421167987140983244692592954113979687613079069122176326260734921745216783583747134093135390026648216868466094942790709742684801692874260762590476736548343060894903736744203320281705407508546997236543121524090907914e-42
-1.01397580194580644108773218334857934955011698161729288005479122918484737732600103800260854815103914089420838449333015112993369176546962222060917531908426957108639311246375180847034263088107192951794511077526495805735391278046239495454883719844584669963735725655978147120641745947634290879060172947732457745315e-41
1.18748226936199166145776002532284479596915465483923587407452391235053920287777067314058591086575671809172693016908346674032439591205443858423689341876044917645660470995989933722774781084134184149578442784929067599883323259065152413212244162192906604490999078399615328274459057561859305103378378971556109838713e-41
-1.42174549306788198195506241627315915934509906198999115180566659469407704449993267246489992136900079997445923179379826443593003597751761863282228517006293891225089280750012773440944383378879235059928069774736189651618724592819238329909700094064702644801246332451348261814203553410078433873407765491698906213016e-41
1.72207640858329606297990804516048141195859395023896786661666925780564387662752252670171466412455082326267578140671275749540802743887900735648697409377697353543911605853524220570463815185038736445803323332699631596349407887432804716248107644873447821180392511762881753608774652084287526994576905072751693931361e-41
-2.0841420829355928552924616595963225133748540574501154162089488862588957384469103902915379396259437221225914687027055512112706729070105219405040144014676115136139241104689136656553184240351834597800195299136113755071946455277067127759314153201399095946246481797860069253930304969408021189882564392711279351674e-41
2.48156451024472423334083195984124565275592829133028258082049167204937174393972320553824975726756549351673994647480709060602979574833929331103528131164625361709973523233704033428795921685003056835082940960903518098418244037304821316878542925737008253997538903906080754796593641702238417257621395596528441026432e-41
-2.84890725367034922110180911655951478932569302745916055034572906068921836029234720094289276424006091055585965378840614257988087742953322995126374618777368905298544239854277277264306970533308080760689457333949888147385452918644007556926908265866321109239652605561540701749930171514108975783053096726469172427925e-41
3.0674432279267228685111985773750215249724285129687503128085457112534450958589982342657170579245368719249669010062065485416915094491996846246124582516859033201598218830062253033913144707778208491269891141582300394941734524828092331066022087176274682449375413288911465466082353420066932872848175420227424890791e-41
-2.97535666860506561200863310498721723732949884720480350255946701624346497834864198892234750577001640338584195842072326613351600817035240501648996650829771033470122775775994400063732258281691857413931198652611770782026723290953888945114172335662564930852388673508903371495067728351836061622120863042921902625097e-41
2.4389103372808889418210014465133930415048530760430220968940350761054141054996108076016803457006987777402364692449978825879860461218469515556742712089066289177650169919204830124912888761777655993133223668805179173145936419172693607110686179605251184796922589334244709386778258275279683306965134726297145074354e-41
-1.50264820751514052192668324485390289891647604080373501768952242554165571867481890376342194501725895581284843072863330189948902006523605054208287294458384751921374699756141955120436283414341847901830008231035509378130763382977119621917530512664064289730139753611443768272594751397478575646146679666587881092948e-41
5.22212495419225391696811808439736244897299223646121441521981165142319941011994399400775692787237326104089051800651624578727251900383414110098187513205966985174748599065564349002954340245816329128868406895802672112485064351557246987075090210860352168521039540019038127936110159709313259357131828417773034812423e-42
