19 1
1.04795282252748006756055313316120446296751763462653867441827583297918242010995024804099073866825806610989336256768268827984960160866612976013893215595174204781769970323045253667669502092544562743479442728850667816595781296801749418173489541391117420341122628103274534965608029267583707256422996079264271611693e-41
-1.58683293836653916676312681616536615712419288483881356072654162366407434318412979505690560570626655550409759052906059392942881382289243629108617521159069843142778369961016440515318519706212440810288659250112407537722161796816635552110453907157536069723792432849594092769011247241985803930678419946134233169032e-41
9.7017372083547667652417898995342437431217629336153024249896082997304809382055811685699397696816691194232815767691871310737718876232452659093657235070261637907717210711634201719253853353751354569450916248518713645602495591361628182046535576597231880293836943096440896057834552738536201486663422872178103284972e-42
-8.28814290488859362328027257460124266430630058519723074366494964208506741224318443150258356443200553538319819261128158763405067127951668251748941840330299004911361824357675122901561734473876209297108327292845052316567326017236642158576294889456022867059991403027576826146532212112287751474340570788894583365504e-42
7.95527744743832850190125272329156644139964467387021448354588759587972637610243316052894175104661188485821291792411816788218745261561851587844022989662522749720767880947091872444809640161403946243147600221187934151549575962740137499704922004856773347924792366084589389291090388276429612692268863124099945380838e-42
-8.20951870313952346159413610484677759517546664896802993639682244645036414114469542783423585101311901817650455068278068717403439921040338767829962655504185383660300295304615478250593835022526479487751045278969608733123086495251504459658263829437795863913323286996338717671533072017141256180242215676431121867783e-42
8.93665327394413744809772302814825554784757953944170764611678942874981991452466352822055352720752123860926895028527008745282741433217908913360037725683015645689106293041668065694469874580400648101564197425026822002041772340004997318520681281589915709547825637434355305329265395872582978189809070025866715482099e-42
-1.01397355347567739244260490011160355853166187418592179615635063126977462676652293325548459559247299555832968765449631698266527031409691148732277133719622759484208901706589129203632952470147762775308379536181460128860138629192090976455611321028937520943144764395805884211886981254429634792286001403710996044255e-41
1.18747963098973895000272626777176820633135153116789863464261770765992887153719207266221427192605645830838600408759190179201813025371815010301232284148464207313636706648767640611144777996735836669281408306468044890482268759951541419546818081837553532046490409922244466952850559276804147362382253495497296611318e-41
-1.42174232718134019774760960741828200806656726122441342411108139935544272653448489024820356627838017567344879149583537588643904851960533429806176592146074766775902256203664655606923626508847126158921811775776864297974961152997699642640597506664133018455168238878932090757202059770500264689096332329715928903385e-41
1.72207256439344729878041940492798079888746381351914425244784188351808082866635973416299699126020604694764083639772613995024128958422628796049950727689319042144461353091255712232108866272033085883753510801220974295409852113527327408021809916645644056846944522746104637238066807774417836314727912779863588272388e-41
-2.08413741771508287688225212398003329763874087671375947189579879953227314003720561108234811107303420468307441478524172825616370015083933657106327756268575511069177732144167113814297610037058281278206200637843655381118651489321778440421381467797467921259468002394652535610657828102250046860332956357598451788357e-41
2.4815589387022562220394447204182053662499236155390934248445399413774973391476268550807144450027086987411116219457137967450646728655515638501386878478937083653395367688926759169792139420294059219766762341178354319196405772491061017322892696506230645092307962689776903734227652228065269170580128989056991280499e-41
-2.84890083648228814341360729210299546496670905147004930999551613543047624936819076424213207673126916832759227236860460432600926610245336730560734050627906346514405004822932728832717033149883997488730991532791819425129556990306970941835301872171958177457264572203510317938208157940889272670125289752164070175327e-41
3.06743629414722251028852993296275129201267064633996548396440749632419932454616796701957245898342747306105626273239144286632606661204714478567698241847464282329955477220042685143167292684618192862089671443660137476445582888292311060868040703043753388459685798535880323682296933356922888210883274927720972078241e-41
-2.97534991759362484584001690574792644738257892234435120350299131939501602074217735427004251271768178854720228258135485836873194627387778123577148725220790411971300674325717746800349549884035567023330638239201535558896040268983866549864677276208141993958458308938942166341456952362618209526857359574598792969029e-41
2.43890478118169594840125390788042206490412099985752128379545823736692499879356268270913065004916877956665133504776683216463253610619971470192845308323148575331976955245445622564238455640183161403579471413419724918457532120964507902852469554100562222388377420424022634645669367520502250265329384264618612056951e-41
-1.50264476969993866847947183543397022691941991640976562867944085630918235406014544892040177989518385718293063728874422342609659199389597874628151874300017592264675683749970263728121819351979172082952400336704283743604979575954317093517042421512911759622613980620501737317559103790765679145056976684690679615079e-41
5.2221129528770388362869636372980944415507053937109256468959628527826242356855983906166000928373130174820364240960895886092820187696317880210981057422412744079256704089097183582601102169085312693652622116930744120472872047184497346439225503800074951480916446561224702336074032204058822555656149512586322305478e-42
