19 1
1.04795394965851577491020219966006014856463680634928658699884729867176619323552341996100021621610571867104195355250944687982004095737492895440700106442289017954260894087846766422398639643447904843283667044738292910054294622621990854209615891664547121806850212149594168212646352115198247280531540073909363639153e-41
-1.5868346452087777576479011817933696214245993325346070031348994521381053292570919097761984667737332572447665250308017944570031997577125388339824142553575471023196756696338072002599107743680149882786489452412898145055514785736347327696752500600381779397586055756654522382914992520385033275656384681299595186739e-41
9.70174764736067784471693516570521419851634068577993213514291158321206692358359784135205227228527114457628051016669578741833007575267630693562662609282983680133317776349748777558041130772993327268152453898043720878015416548095576530985558792688474857548087140383910878062109317326406215971565072360469055148453e-42
-8.28815182832581656990349692711097818189636575686536299733216756566134136922708118113827070883957365865498008002672024391599263399521105437143801971271907612687764190720321187424788005044295862438360879688881654428084958769610051645370856554751843937716764413147047723242793971188922737267337007612226303641299e-42
7.95528602005107537839296090819648827586276059727284262819038723952291172474335728278126330491888694390334390202073911884402322703150873048306170599795632278835880757573785724000305219738224648907939067062500383609868571356869880259013427203007530196178095813945039531907768384657623534695523814178644163692737e-42
-8.2095275599187942434434556099080344396740048068776512184470119252490692093712885780985933171620856398528794917647238854696834148088990924665238821768961823173498491545832962970308250123269006415035993945137349985068027196838478047592797881181235564454746317914383818840343423610416062339955467592655294826612e-42
8.9366629288978126065212102168766332152215122434770429983225410758263055375987208714965062173149823939039768148680051137089500539170645359504642047978823990654222274571781020382462314020617261013908899514841732310017571883956667189357866095724221742640746704232883948597048297150093005875103441830960740683952e-42
-1.0139746508012195544917248047113823849106423647412339372417714503338963953267381946837445455628699058452693740766908435465589191528489940610867067361557439096566630062827241163788912638438936759454009267350620129590280234231618971461799923302508772764024901805944395943854849419089385955469673256153919890191e-41
1.18748091859999352633133039365802564090557648101055452899428360068495235216821583581062609467048659916324419007795597848326413887450225293684835505410068444420444762152447026593494654349456730171772488666385725912456186248714553082922668921841011059670547382762006231624316838069247763643458304666276903367035e-41
-1.4217438722354409724837611966609452471744896348054174692157660905055046405388464608862984483828565187453257115286037065257098461066201710062281937094999141523137128532620651211630711152930200519227088749836818404166998054633233750378369671519347602351001476832838667203539950488181032738707808381263140715151e-41
1.72207444048124653039740621008308073244867088966576833586922038160074363452342135761707467310818607282375547392625627879145282107760743641916714287758260663722883748168889035007892348020734415056051992666434621484294401030675713247215608680401243649353452444411363673580960170676619389596227224920201446754495e-41
-2.08413969449207329960493992718296380271966813625568510831473592798205728801234115267666778787654097024573681727613553120705345941047960150865280440569935191367646578781374948797903450473108841651905340791651243704551131970244826620704336535152825966990506509125149245145540455736644434379298901677874480933931e-41
2.48156165779328603976239877560370474461297778270980691194581991698639273020103896515816876181638167729645979040687097724390949886951837521493712139442275106392684374469405035407012491673721775094859578467385824426635875301752952394055286174795678286601198613080715725636958459442085714959370555084498565007611e-41
-2.84890396827530963045085230567181033359929212419710234678111361044440532097100451138705995611678615906041831138480466511127749050421432106966119836872425908343119358477720973790839315572900238127477970388145319801043066092972513814719026070660300821055899291332561933861684008171744523778550639237180563974015e-41
3.06743967805324849973068774381306753142992480166615056404629566421978711651697172709509739245563800082943125644195397191137288900705238917131671857086503238119014510594104036630073610023773477804714526419157070993700570338103503607049983577247505384976790067461069304905946426388596453764033146644129705162026e-41
-2.97535321230284937580539946791973265153882362559970341405878066463971968762463246192502943556983609608358126555698031911987785385941863672695459618553319469482707780453162152556744892470604390827741478082430142261249332711236555646480136299932814883867419290636691098372055946726406895263934732279929688308062e-41
2.43890749273544731399782052825881214730446977228028516781744232384765016553418297196521268284673802084095003575647502019518488773528133857109263007075665288053391785344503653410292833820949630827573874011982316568898707752290447351371706192368270000214101126268568173489405462405196259469835210333909147304825e-41
-1.50264644746340476269485960791267180683891328517794458384051973709806734108411164553974842286048430951485383147094101539642085545299325626807970178804070120902957841116350985832519975448998827911007982702103954349388052708185708374269542656873073173144962296093160820634198333634330896681443684187701857873651e-41
5.22211880990133079438246125879927386374874415090081719798956985942521804755828181476305975020341378128783732886294754770559625029656746917487193985722378092731185299140112746155075743797652994986824559470658519485211936250228092021355790462367152013010001873248221805974746780699766845599184548087127781657481e-42
