19 1
6.52973131891186424202780097747005474062614606136133379887220496723005270668011920239072095314520364862094171867674725785517630650006382777139603173589202127912328161704804655263118774653325715898526061909678887198527651184607413939108284687239120711224906186706543952271912025732829180816861422665879217818569e-38
-9.88746108725860214457218187240555863868957752565340903268668725366026402231817459745661059134731471736261366575218343108397947370878158164486556312087484384117638941502798012382211714889958442351619139922339277752625188995629222964809700382068149020779823962657633325974985340131645786869995258152370187767439e-38
6.04509445594572935578173035902555642632488549555351551831991354656068466314532231473962385028606776600003074542279463195897717513890032860734750936253964148365462323823262999583430847897468655903800381578552810613720706019329709617344288823075008959070479821946338887497938150713328167783378805752134502784429e-38
-5.16429237909662530896683172289782360623593380565530562575479815176304132456429208544995948586246517403012877402803491928481003834029235796595399699250414660399884157180967021561546298108250508983720959270892243170951447663733637902587097245059260179177493297572075243976306900728036050384921246977576669332106e-38
4.95688601414560056354928337718341902389157344161763800952213179483841729619396404842798874027775709261431516176309957570217936082302306868490478337714221623832973721367621240343125210687822272124763729691623146674678722330279556885362970809326474314934332223334535120493793580380132543225598661981191431515e-38
-5.11530238207740933782508070530628581642394533644344976047054208605566318553443831235385495471213004673579066027126334937472780546956880426651456514754208299302085562470987451482724563954579844191899944798692239606476734603903804038746447724788831122314700935622025574527430947607062409720864826625976072594572e-38
5.56837582642090718347528492657131575353348045566970178604860342201316627984337981239075402008519334136573098252751014637548547148436831946211874832457960782986074373333447650465406405649271464312478286645199809726068887710613498952033880897357906079182834712992324083247857943494223081134891196701164378580357e-38
-6.31800955303700773631075106233338085261215576571358777629986423991465148742271817319803325354035248742173342060617294145835292229936079258424466984556318639447016932750267235935038427697903699264154117150480211057445237658083936140258432751587902977365509750760146119876373023791038584352751305738167132942127e-38
7.39911609644425096038900251226608398748427500188635648009381664396183687022495216417833074888872262028952395225219915521207386030175292100638380929080784080259977952277845327729520381627170171929110416242905340798894836227596732928032439193810863696095770553155614952465518825999093558912148915884720111990727e-38
-8.85879377043695982601626244649710095092676344226587411432570508604428010015539869239938728167043519731883939583991765276447520769313621369379274743197687640554474328214314062612382382905885193729278182639555846710794459108818771481565020228160110093259440582666438146019510372699512776179311666233561399945762e-38
1.0730134723642886642744959302941523509225326444573934209834607704097605570294225240819994031906281062593878536635380136250486569615178603866528463568128384787460551430750214585533901803070527181986984718822900124306450605432637669271411070720224669718202537464467493656269823927029130020783887848196322635242e-37
-1.29861408707467271391675965105926466323701849753898516613661152733897164841554566006092454712932248919185098640920008100526872437831741724555000716941774530813559040415174076904151647853550763240049875403544467679341289904010210415479548844796967693252105777143711017596915741250552828261776885988193495369292e-37
1.5462452845462425169669170977303236345531565651127075112386253439929082633592206502494630212513784430785010247581491876683028405410773636430069699454634390304501779211910796161647200215749662070836476781055108811207209744682570740489191221720381778745424505968697581164024548814063140382574380522547199756471e-37
-1.77513409052496135976608777790174951473805907915055493929458339453943334896046767042487293464976704602319741728360035595744511433650930055241023617076379860023033415472789398231796927815728386690451236930655083463244251979531434577760846122926473378872866969637570672477733299589680633881862253700205939484548e-37
1.91130248603942766530726281493137063420087246747091007546558502114258749459577896385129843385570812472506805146299346705509376504551905479135114787703958360861811124767879565695385170454474489774201379494903749769223198418221249089846954974495384905311246372099503950240546144459733479322453846750042350268593e-37
-1.85392416580244966018213883797715385473919271873248478654470714262618674523625945987654598869058454074856805110154359766093723398661195660662531162938409272057191782917494619113645266372986599173350399647258187868140221866078088947249619769743212199696430940794775021439362883512407176210541618833400541019848e-37
1.51966831779409304680025447325153092995510861998673450724131881138846783205888433544626042776462600326377191013767963453111876387137553842508597737741099613722377679349185455642354511802333719848361270341410135408887185483763823084430236721241110839626536066587420261532681153745710350172963490466309370703249e-37
-9.36289900247445469041207603694637193486084989104069426369164443499244034657837071604757044150443688207545047318777774030405703225054063653599292442307160580829633891484235661991681024742204511312582476596441680786548393476907685964705858932739237999088338164506852397341425480088507359873694933164673316275088e-38
3.25387098558735585134904986927160544932349368648755566270260177208464185737142244677267549471147288153022229952221028541747989887778977011109213771952826573352177581580201299885147981905550406193703467033422590513647572672268723561760080573242959075018161611382071693894403749728056726680354422230748877332591e-38
