19 1
6.52973047213843573597216077436235162708630579582709449794281814296676243363811979363172719190626135867531770215835736846007855714069846090981626909565013984164819703792141254885757220891175452451986242195433408822032774773414902488101076286016268132584958543037077139124353042576672660204684351180424485825898e-38
-9.88745980479895722506487713852132681161986818000707536758464863689071044687185097623681174869296952623426369802546602849211815983416620817963382715108472401405014570759796351423831605078513438842396909167372556240934329352254964984424429733788571544691770914132488767449413849977046057435959244205045803202182e-38
6.04509367107740041979795137465636083894891523572721907026681052578654511637630719573283850305985132301257698874183549397802288095933554827392846054971377550384431032789296060132107750257061567902657017372864334500483313129886227499222758521518247046945662298855033314669100413724466834558105018375624262681877e-38
-5.1642917073800462474076918993565346439356993446522967338071039915280813366818578423041237065058878713789257255271407134353281923748568066378527047047888752578724175941136798405628539777315872235812521524227180332778104843643482148746008769890859937517341395568642133969349374978729052010514187044140904952307e-38
4.95688536773185905603653632842585538203703520578236204072024206835019757595329100067057751276851350883478917377407891154839498423442948446688519637196108357702620235379893548916595862024112309753146758483562258645512172654735911287501977733225014034342615267156629456422109511121719552399995309011458088908936e-38
-5.11530171274546406520705251422648530309426111862648736321623529065714225799164959163569122314431082862278783112077241469222584164567468067934749417818830882718880625853171251479777307113861340187784875722449821637196889581223966462978836939342607561650830958328799000827204826540051087098659790456905829401218e-38
5.56837509476632384533463136019101670048284848829845513149842467675828307592273303060915064504703154234379495193542541584184126973267385492814757030115263304838157084768059857163364733542565275337237315595396566433559491087420376880179321138602510909755838961566514423185822718209184933506472483523435418082766e-38
-6.31800871878042228731660840119963839346783676908449792016318906651409190150097454794873066890966849013266084359154065207571354229483714252127009263291757168440502432063753815656677351451024016767839522740728623116499902242287531709227942906437157451753574500432003466340395535688281693386865982385513368960216e-38
7.39911511385831534941411059485186567821921974920713612547709482208340769946782996083087127351736574093626507859764306743812160952292564900906589302465824410016480338983609946274522147204728952449763339819335451819173668738321183122711959758310148012430692830960165005159245435790291537779995951685360053723605e-38
-8.85879258641296240016097019561155201734689913193044588226287042183134102729993659137351083665739531896629808444830463734327123831847983966043248745031323368220596440165205937206069656364393667514767634881137888423767982054769523861828273685520861348636248472973734040499856775787184605737393277013818036131467e-38
1.07301332791883786970459104551297091694381257496881016145883423942069409429981455721549249256983563889014464319371685564303908684711340037267414581180301629199197122422745457948819068144438027032567027587788334781315519343759989572954082063374965740718664220207157635711535017545034072421244416014048804337503e-37
-1.29861391087615802802966786143338801433062115745968476521190179494120588365342844735512031817596491210507190051541113478863749885603684896389585742640549359692924574214995126648603103840371962427068888255830902079136237243488534628566647392623906294001384645635898557876086089517537488171853458241198392020393e-37
1.54624507294064438109262461318263326564659747590837933282159821561807671057506904057277525325486578575312480968863624245155793546541298412982436027156188491419265070428826650219683854736158100554067573685956255948969636912842844620469967129293887645427820568839162387860334466342371201808509594073514648245746e-37
-1.77513384533551115017081252378472084471824755141890140133747820485540463532100582032489397820240005901182185749318197138955523742371068537754893970072084890531585979249595001685714301193677174977748200928644698346092756942203645602546677364240692709932709545604912898198076698264550873736501686199656061578418e-37
1.91130221940962915643685569835191986468759203641803357350245748846574466098296775589250004134010311912408064806057527733074629042818198483848960272664028710313200891604075787865749993628887399634799801716783943680739844816259024822358967965127641784627740285542775715104270033276796967668809145101295613589173e-37
-1.85392390443118475763789398688385372159869988168332493525432714908310480552203490052542922519819966342744265644354210617423002403454594639599396970432250129713072186140703338797139519373930069793672427727974350222228998843969444535326335914733406586503117928738851363128885910891195053523498685663614535322303e-37
1.51966810113840306732776661670475001931055993551397972731163391346887330911996994634459587426431063455106249340478119691823116374248984374297701960662349572300631839478216398494227836216197570168473981522342031477995258624451967108932144009089076220381316552200681686546463775940089245235547907130341470328383e-37
-9.36289765181337014785190158506320434782096176833029334352322824831890600052289285969459702534223052050074209123840653268094148403211725766246682811846790556898369394387720563661706160155209376017272802187743461881991409765978638516950986597660073765059176597865296879893605732681756520258330409230425439826351e-38
3.25387051036071048483892123190492566437932007899224632655299369253127808493943386864606735969335969958542350585308950981593131741371437773670140386939392479650103262684400669536861870742864604728468122333490594121169685047234497553815681039584761757169118172267253667400137032249036415112023849958376280659485e-38
