19 1
1.04795479521579751153400517422712294068881361725365751444588690781815002007454797431064291519142742989443035090288392300712277389632082977098562450314219338402641756733674632063325073418166570345195429836708270031789595730097738018826712067935117624663724137235197810962721351583189423780221151118544610775826e-41
-1.58683592565695977650704313772386760807814894244895494895070680769190987847237176577449095008581456835527075727555093611084902818730125888339315743854671598678503144858876232350328137677711661508156623568851641483129716840064786884067125653430081528625889372933705246914716397023229083750984391023517558807542e-41
9.7017554785508892748205891849670856635666806250522075315289702898883204992926391531511873283561061550646092532915466358519954323370874261838418674774596665571040589031427857329555549579509002173287827482919015320251738388228709732179502769588165919153852889241359464887408295580575887706711659989419353154947e-42
-8.28815852255855078488009108437593853537058013498354076470829555231752305035539891441448353049993007715443872881154537154228245880532796658981785184519609703758950265341442579609132871915401573145822223342667891969669567597286126782573455819218183372041065682418779033838340963138085450955410359138492052214461e-42
7.95529245110050635936268498482459262428913964907655449285554518173223081351875906878676495576373639266634943589689487924673326481457900826998729822844552102230247462943247454303667093507112884216510294012605395434129372553810816957381264012342251902854688020947884067384244682688678763414153492761436503627217e-42
-8.20953420414597174156586568756575427389802682260331389113539111714092871480063866367294129695079553125492039904780239799083323343184186415161441910077472886657863649459941877468377257844635445923470436913643036614205918672885251777456722089758794215212023603639866897773359987774848688728619097272704861064353e-42
8.93667017190404064096101158501484280285891131405308658082037427995839226991322662216005964861561169083572107626775600368482004436225073585807922622415961345861048985511590105220882102132884304385085167331175204418160986373002634874469117044274560514283164441557208389479724220602452925532681823753462014741299e-42
-1.01397547399895516559080331790241211369214180966793640061858671995957886369004014260236678706765319714210227268382270857391310550225672866102171755610628953123399118824990910748494769256884969256512885156125042782213484915837392112170620191441800577655128136170540698163552525921932162445068831144601367317536e-41
1.18748188454660312467800380181227447832750820613118694934883562252576478904486486053135504324206264494511778666213700034439944010906131421710971970158565499878190777489333066266423340372810451953878550088810293186259709274274709071567032085744988704320059837771510615211011107614957705261453804849865315694622e-41
-1.42174503131275550633716658619868118835911959307618563495853893581310453247320322801707454079256450405607018102851058200767744124572806899119470439170737667830183911427230544893183282703939225843575335073036487389661296551597540757943822588838128661542662890019489773930079510199511315601113424876914361316596e-41
1.72207584789533910224410233330541829524166877195219022830523350241378702615343394980406509720484068413105583271588904156560251573640661629083812239917740679840552190285746826753726001273155042003140134955079968657514250743032988483933485618577544390320327493230036600014128287715658514574611231185028373757309e-41
-2.08414140249752881836512117573115785592169621736815406247233721904024451495435772986502447535816169077479005553300347580147195349025192846676568274378520356322023389581325062078289023634901460910735171526964641380378174116589786735252191254426345281881540740515028513200188367980245410763510173015217000523306e-41
2.48156369761651353194244203177454547162117389507861287372965603230739428259680510585439727395445067617764848153824579815314806216963279921017226360422324643767705957953787488236590963947878863651786050918734536071007833905376873950141632873710581466323377140364388654398865184997600275512041201206941697946199e-41
-2.84890631770182396354926365445558843549969388309381290641184909599387387656833107051218567537781568202674420155684199301848715239563779979089183413961555481965182774675571959613215462309391109429773620192712742147621781453004517369833327867801672285625536348589708548193027041291272932100301109318265194310846e-41
3.06744221661152360414587081949043057587346017496284934019519317765964513846367123506905915553745295131480446506709674941979481841448719863780007086188020610175938106564406206000767453037273560929594506174045443214839735690700930623716329561775599528037707881424515068441388128249516984886394650240645900506218e-41
-2.97535568394713326413426340327088321640672180354057284540290919412614810456417292416816570753587789592851158200137617069969921831054249906449973038079655549298948616533457231153003956796080438488352880819413167448062551030363594797761440915499662921661239023990242219039159753891853695925594688246008242102154e-41
2.43890952690489971488156074689017675946908891870645120052901576793034458330713375434339936903635847641568440271616568211800295022064918596207305515197804774137019051510158502577864114222954094249347122480999460408692495162235028277848244064727714456232861238011199617207530877734326605114208208216169307514805e-41
-1.50264770609804358347762561799127459573572171584488773313889264981569262845577060869585053698349686994586447032217968529678215898816733167622204705586070871945074783943058572418633465035914414266463705759619396031313716609595073555406660206074340653629934283602112618713746961964730927171719988832859459544589e-41
5.22212320375925752718388882233573532117573966807675158781196942752577437046056605282419113301648135658632440779032749031873532444269726270525702830625420594442534416247302704965975586231898393456030627184543766377381065445860898215702074703796818072810113331106198259120557230978665560360173884604062015832957e-42
