19 1
1.04795295497911257811384322388419734754539302169341938571473298892584125343923911912916491033786019068075714465675792764287352688432833395573740377318237186377664571930461266189206565960412339474036949445101881930764584308400193748099487889652667448169891494939148971917840985007645044796280250315520185184859e-41
-1.58683313894130254635308680648425304612804459931493634612058226358568974672584313875559862551724997793771478340274912607465231652954740264988978653030811116087806493341324559786139247873965761174229884160197422993035812473813844393140196386724470598395967881212405616132743515218337647824182638181792823697791e-41
9.70173843506517153430890394125430659730330950864271750233459146910808740185633771989224874422003246290930276303364314056841089560085865795848591513299328918278685461281186612762344387483782031822606307979188516190661585992858456995809325781843772759836845453665331825863135482626285585538013568887470382371555e-42
-8.28814395350120230054177115456378007004605662374355155068624615238083083496670802695413051221344103912798363746720319667544817295842149494525931372230593776898526028075046205239362317248591207215654333316420273849301777429102014547954044664336472081928674323497058025675383658845087600467795299089477386494559e-42
7.95527845482477739709027616134442101626486523444689066996406410732249345107930262855648382575771786675998331486184969667598399495178972628907088602327793844856749918972817634084479405255036267028425185970971634294865418451001577734912227849798849263654933573319561060323930311763010388041856876752964717162046e-42
-8.20951974391898922885498115400916983805206354757003883840152655401499988836072541537840202677654035735928985442043103536846242338874887626524610962352600179809771934607754178637540211572462187527464261562309238625728598272649149686895407384742185044860027995045120110078519631689789882725974738128274566208743e-42
8.93665440851880362648527106808880968405814186107060352072865611804883345333413434273278414989887965152745450074858500394036238490791450310299665134098845624225680476355848004384670462455095787576983462837340903246855381063958397441062454875090936981195810452032789634393044927444804910910720178839339458867652e-42
-1.01397368242479319978888489654142047190790799231364119255640826674974509036317033218429338424936020694021962948659275253503460760776016615540829128598776478434303485413185971516978560690457310367456379286759487814141855059252929278111630275447420185420546308074002990522929246860326141039990575490210826251669e-41
1.18747978229962302230727275770858678024621046997927650693163076678507723361448784011299370162636774962835714814004053732013211203504546858708741202144788965102448979212087676146177293099065838412230303810667979309474307374096381887526762689930473664716961444315750572284931700348819958758820655956811729196292e-41
-1.42174250874400703606872860768052164464285179539930949363810084456845565578233553533892004500373973087399980323145226101886464861230450898036919459763453050485393528330936489827922368745167096323049614952079842386834860891273908762174212439798765243838313999485898885620483314864917728366549439589411847513031e-41
1.72207278485659833469167896272073160562345349816510144008615668443354891676825264488642980061168037060356224906970262282860315910628831076046780860755762399305103218281532123589220824032720266295663086103413507169740778273465021396683485533959264242120501608354192003960636780123909178598230417419641400083936e-41
-2.08413768526408348087966006847976101160542853502990401889444412963395262915980262213465958622103662783638309399929990885002343054548054544924547974213643702956966618215818517228478781683863156391451815861040740345964710479568417156631730445866805413952782897830975082997361332272700541200352750159493267259182e-41
2.4815592582285290194233854853987286280776379227824273844806705490608530032398224263805272338118923674479123898060555305677625036621209787489393969064077378361363354584167534007476657635722395787548546221410489651145884274319007770271002180966426307268535354143913216450987811014681463653527115664552786685357e-41
-2.84890120450605336159000956230742746531730196272599750301941718540051274607269631764919304081471579603090516477575055496051393037596121487619900591655088960826201665705518878964530794393236938168197896022389091799548569886060901709524382268519761708469653526591472894918732835698816252310877385906545857573794e-41
3.06743669179731773086772183143560197388374499687411740910734129839121229338728159902709426110204985445202201388808047954278075994440015896558547661538410800524327715217806540884697332869506031478366922328905908682578385158765929669487928648495217512261212522926497897225497282211044406808207107036312283935384e-41
-2.97535030476199704467924507001793471806040165939783548277588155862541931103148283320332478786108553577694772153565099802400196629501105169230302551348332555098487134314262802248805494058328299798963746560503539528738527364797028734006117709812088958167537431902721724790442398381643581862157851538512227848979e-41
2.43890509982220065627969571257034784008915795319599782256083955913314516003788890106260259384908122920206042892278256029518720072622114848390425855832500717878329134378609103865054712769134225236460484621206560727198796712959078234077316275619370850150021451274904574725051269726437903591428932290170858350689e-41
-1.50264496685751843508514477053588642126351052793302801978378061713593980810431661362927283583498198913977975044565762657428452346889276862685328995035523984211397777055086314065893606289748435416382676580686095432653700987416760262456164616907937077959775607242333195709642855907950282597903057327347135848187e-41
5.22211364114848227461942396250607613320184295490523550649873762468500280746834178064870772318807167232321736826018620543942386363931469179662089314741122160724256329680115001892756342564711102431811951121315514646925409897267664778738133630919878463740036522650628629395801433169217318860356913198838565418016e-42
