19 1
908643768275532279666.955856307543538195303252600512515139872855346114585559232370968205547716335422085731173800458864229219335026443981069617647253745774840919564339672950745474960296294191232876499384199975640243601024438058390334383695280254701614664251973047372975096930622777150966452255560671917506420097
-1360898293395940906463.62535968554703563194214103985779688708281400154843875904824744637744274351588948120445805037392734551441078695674764710955596390782090781875449530222277878439859280343219544921380590470171414623132402888609238146135245690065373390224105284851330893396683632656700516099721125365739104885
937920908642187605868.729925597212096479373444280668272223495374021399534423872126149169308044569056586069387720698813929077988538523556322293667487259828317785037219250835995370207157190853335692033461022087560090946448654394799947674946958037832108589438974244577013429539201204479243591763090969674687559295
-663266197905900408986.192666967736057437936165862148628549061288429420700391605297353995994272103856853139039778336798488724147316230953166809350486775889981256493971131449055466934240029027286061986966812359227808477573086206284788147466256456850537388992457969323999316077838677481082001343346972736658265504
815137369685390099494.155827688008860218235454144025209296402415495556954570683944969547746108772229860891839809859778398525264757271146686846889630219416529473359578626405631019020687396059717025442048358295353408323111562516070799446342412257058184003850969155157379815207949928860654509712502422661156865602
-666059179716407901815.728446520986119608671266779325610368563529567690299631118880291232113460776556926750789161877624926223660940944986352630872759487480608606259459804821522729264059618757331576115197847056927679895718201002004039522991616747263468366819408963697124017113864443930229997094251076912314064725
898743966158257362415.438777815344584729693008184593798221483682902204152739670994925094206038691565251894111867558333201800029688990472560991460114515961697251392118796759737400060658742964215480065309639764981498164362344010448872982564550401122176109861214390441030451076221495959842822029352341473818050526
-863443411541960063614.419760584771956242719551585986732856630067328258056267462225186440773429003134573545873088571068593784542752298021794336417327821885367054899782239952183355265622610224983114224671593177138064744349144823246804761879515669351131570925761680509054905745900237171319750440825303411146621431
1164328077885750010473.02232108376178137989936581820827240722732000810655304111568441029659044304837004262174471794796325848985179947067009321091771384644081507112544694139215273853521866402787182933545103941235570341371230556287888891827901133302793020420750276092491356154788895327052916524627331957327708753
-1270522892193297050982.84770323139178154461863064991587018336890701776261181769662485673957254549898080281062994001437470645541328072494859593936455528141621605800625097053568653198731574986877089319075849746098589293411604442790247425557763555046039981605896246353394073183949215786470319246787650688408107889
1663736650928785285151.33508061279835107130080312796845817308035189286715502081384994349575184209285852554931517069081549090315265783290002003654156572310354167276011196495962606567794657361915988039386776406058354021130369427776581894237378521982022972935770579277350771705050398009523012065042193525930564308
-1979318438267541293776.1039730442850307932582931762994108770578920026847968595963880712517255131274850803517856453567999489730514274159450549192594609129791230869318936414126183198185099280306798759718289871775710924684409102531819045148714553992620897231854400815466812818617490761574634883968908161514792574
2418808687013867615478.73538469476586669714103879741053734166735389005735450867688756929012227526827241758960443500650293301909793512748118878857490227862985538864748072443900546011257971759104522964257510052974667973339236727430845034762637403626216449121174994762360481358394678254780214404965524822351922837
-2835399907910873291680.57985879763313902054377271686194790453652768180181007397768060760075520190523062506832979390672172397855902241169192052750490102586952029731766950033824820705065283859961048282887851927021974497361934604203027067580430126344686864075128035834355476864885440229730727247024758230393861824
3122419363485297239383.27469516229734063014552052210777661905941048837342003711975353883794263269599733444032531114534963037689510891175446617455473119497865836371951621937827817489068202840792124827628925743595520325955100236215588842433228390863306608137059945478962257822060631320411846402645707587179162954
-3116199766094044576154.69851126213133352604029384980839071220754651643413659760594123905121995709281648530114039843748797432108765870517460448846764752916784037166524632901375028844092929895102375066029538672520859706953939232919523514810280334993462137218254671837023823735461801538032625490448529671656239549
2641918885301840921334.77103446656608251226509159167995026210911881045899662737911707156785026121545573462107534889063944231984402063017744755001186796104752549408607152046296016858271432781878685289648439514795362380265758857591426047193221362902629755838539205468571092683659212545803885737739107341941529592
-1706631131796453797359.93713335186460310926407456390560513008889924520172044699617112568201955910093125039807046183187978288668523165008586939720544374447103828198750402765262071431142806346511952799324924159294611522933545968108107406602706755511832515886109776075552040597402575862626977912111166328850049313
635945845950705279925.707426292775495078886074748646095200064667651573681964877320863929217268363872097639141172186235347331348508019587934461977826788839264269523897330164919770521003129195389169794531237491659152980518196373394037222374293204823397382306286705104730705107405287166465829328576798152570730613
