19 1
1.04795668057376910477139702343041971800186497458048973462343419418400424299919990112919288412597131146213169324921768749689673161849775004362933416509328324918370134910640198554225630529305263316429254423885248319082767541730692435970322515431405999968017760241608949681449314253341513208319941138291760784145e-41
-1.58683878070089804690577409429935306296055711172052737111840947731631443994352840372855695479843673309347563805078670594978651124828886342552274685880393293537734692500493804557834101549418461456943677948261863128799658352202683341914987196889513915862847417864915340196749534369731652216458673084813293329786e-41
9.7017729399309474000924010692500751590163610052731611137635730943150596555187767885492059589903746012990325471490477324326746815281069171694373354183377812990426006821447420370467953131220126124326321321851494436957982592574557667104961366109989371697256020186216688977672392723149503604842125384467327827109e-42
-8.2881734488393297508306790109935199687775351054362598780759455456510609551056834151951107479932588963263324623325033676175542459751716607133599826608843896562876907902867686022374747528383308564571245177705937850730499941911909078609062401570475785918304365691274306074919231051064575267494079289992302779382e-42
7.95530679055592170663006217227078250987624196718947893286702779140360746363726498716080829641582982295802140889234875276028721229648338733622086226234330884108469946457242157534775559317687982813694825927195298233547846678372678590915294885274021813402586358203407354356452991796335755578343221154115083942114e-42
-8.20954901892906633071616390669368241558438020174648601714617277201113338674731245957755986786498790196267679365393725662843472540746911764067423515467854652954723907108617737354765427409722910881783556040990731908228725182705435030559236295148906686809735244795778740392425164573165914588896614553043141663356e-42
8.93668632179890931966747182739080394156859956391921936325195811774547251875493910579546999963617250934251476881741286891648780099476587903770924272418582053613969763885086452405679047912459990479630280459719467345583090018225684932766096056357839893788496482943384835603508503040075167237010558724848309685146e-42
-1.01397730950165704501634559394030227545847368044404722747532633751738422456439467882704226918979939582325389577893863095423280486650450124385013792763110830528392342100635847632314397208041575638278293162291916855453309535803263082562510914550789424746918323119873452551745973565115324029714874836070735828588e-41
1.18748403833982920922885378682512318035314064777621968454689895207822260379179260787333898590570670216867962321597566055264198527983576955377667667341442671893635483769498295288135765991950010737379160568221695177007420608737221292414516213106093507567117016680666848559435195778603821333728250170329740141281e-41
-1.42174761573408411877682299887059166402595159346009836144054635979113085940896589479930026999614347880907208516254200080931384104450854029610583428518272372088407299685432177559574443925976876386091136763777191742276425829014278361817070716281259311709565607548163372003337345009110901297671938979386475517345e-41
1.72207898603910246092562174813867526827988387422645519889433214445374073834532722500897518247026928727507175883401001451641813729394965011499301428064865657530911965911405871796929683854894385760814377189711128300946479537544278164775678471769260882008477560113130094341951235860504630437698695215814496082658e-41
-2.08414521087709375578249564973533978008855396526587485573734483006576844156115865842138620454796778721996688148188281378555285061886842157716724017089797882719818648687499777792423164121811110982176962285995022868196191977685213010525818652582773660521104384426709684525611916694007255535101672416468837552614e-41
2.4815682458582692582910469876468968377251852583408982301650282956555578725992801137545466160721761367614285450440945521292601989780381662188875932210640179356390405389176383713120951469132023695005523186548448317392422723379369630058750061029008241741463042803659608823759847210110057736326199607737116619156e-41
-2.84891155627376444093663470084551216114140910275493017450696396655565128913385056495893993984542814071986095034657601856820863897446885060067073576763188823059438345897321607712726713571961033378396723471641775013302939000717273725200284915869777661413378385824880360538095976651173260731909511478377053089909e-41
3.06744787689557115651642587150889196073210203460777561093211973564499590351427382791259426627402091408992960159839628874676060428988090699263611853282495410844790756909557096950465922772941286531138137192895924863443707341383953316668997505416607683509676940731579841970969894011643892334002702588964136237539e-41
-2.97536119503201907403876206214716710760560329075095408458415408643963287382860951652288996339926669952720932797477466872633726062033384698408632136249832031012879112881609885833053008494618269487704045702089355516821914127262214302875784998367428685101275180307795944594356380023843831985575266514599954703951e-41
2.43891406254209364723105335819106641071159515423160342916630765214486933139032317430506057242549186036512547703953120380813198386831552126081375622772316009173241504186653809857597203608864048554621046957276438099858775204010751010615663400096973084007773517945724903998723241238835996823856045969600195931712e-41
-1.5026505125066899975726923421508948353883796372907841276813410277735914133380673148266004542213681960534232312066272833735005164898263085918319254668262631707633655140355753511111147287715831725948514782250265614053512208052295220025385611646061710105163488721782152823701443526994899479666639146508389613629e-41
5.22213300085366130079558171588409678126827864809361905193343375982378007125531285860816828539617960610153274127457430542561891384088733028813241828035137205682644562454308189155961623027586539681870315325040804769389676687093506877710282362724604957447118584891423654647858431025911151645473858085639268140508e-42
