19 1
6.52971957101231558904790117921742313629478767774985233896409259043011375958314798451348954688245708066579586873886181430671141663044738608751471985362786604729121274275792419533982111471065316258866995502332605555006938776531934698372289565617643203791979862537845905049599711056363857588968203654978107642274e-38
-9.88744329476979530731331368267925145712482165329511695971883284702016241445358728162925368846847415559325577512068414916378066166502898285900548464560012515537012600885233827500252015109789105205681367464550800665228021226243617344836742261143653669485431189903804092813846523364357535748247223168391087071806e-38
6.04508356690180380897070442877090298583890176650964643365329035675498923813455290408199284983777472589212487329352740366109067759993305481122619598165911193698718072320418884075432157376529115101127551792948435251734476779245075786229966816165642341352892850826402906394525233137489532262951334782447443886499e-38
-5.16428305989032429775078749556891281043084950421720089040115389336583730068490708986981263185477325977968491858141169539810278177378911726521804220220750976324516307444145988218710696700511431695250581826958070331619405397409957780817539308044664794333407033153719626989792715095238528030456348722163695159608e-38
4.95687704598630079110118005678060940785253224625456937829816858505774733461860657444179221985235919058120543095404707111075001967352480803270150242802995870237350086232232497774296556728727463160009619442834919182385191326549318475421051893549276184745223733268972194284255730076205082960647893607109723625446e-38
-5.11529309596097010167022216119722171289090531687588988366051904296033819044990345413661292077734717601332006663143272289914128787123485743685029465560342774653134588109290306406916756204547537409438572394616513306309527142854220571989857386451160160367562146598055079257763262093180122137108045182672358545558e-38
5.56836567566298230438046921150964568778344543663249780259849214547488083491496995954411345741907502693006209607798655822791891311441169459929462039766989434766913533179610723395428539551185558162043142650880375172901063145629918146511011098644489910778766540308275940051315035861923745238283887526051017053869e-38
-6.31799797881568742374086675443660561015639856167568775971655408070592321191675183476395216169505431896178936861507896532734831642273882692250467155198200642703243762303628527421387421390733141348426643149712761354339913966384462319855667923402937810757066054883973374216577466471862681765884061763814846031946e-38
7.39910246435522758662864029502671057781976329733675103381105435605743092445513475318312837464934425155860982166216122278971631462204850153174730418176868491731393598827794497985611308996051508155740001171182261815188833746187143347139922240432129459042910374434683331480946297976216863530880547943255653106169e-38
-8.8587773436709015934065442167936484244302380365686174262321162439769480256886275580619803758736821825740430636799325682143846142669306964127703540600685031364689763214563756416830358525451338002385061244264293184080060891907165076159937430460283243714410316417472196439413346374709136504061433090618345879343e-38
1.07301146837635860205584169896956831636867607931779761369528346576020883506133980262795100787872933953406915324715739922598741559590145453373746197686749185226753073038146464766089143347277003579747631399267858648304697684531893515850122132459604644216764184965096086941696835602531968279359475147269589679756e-37
-1.29861164255739907880612250754618313726392515786514305841101299266342097827638239026284098874485405673624012655863422626655690341459728891380349618768427464191330684464442901692467698422819527295563906756716826913816485050468403851820569723586624746150600624830179426213880272676502027605407123421806026102028e-37
1.54624234880600340523924412123300407168491685412320106442757175741976120832993334084047912498744437822005228176425645013815524479311983788155132473412232837978604333039144771907732935749643138847397060648203652958097448600326851972534592260723599612984548943151363254922421779418270988635225362056072352781234e-37
-1.77513068885770255050237037114996646306453154929893571279344555749486148054365051205145469222133316403992034950057137250069997341200222612733939593974434323208703286643784547420363498846411833950590178263689837680510703683793561705911188850913059354738800411260574426018129569908153152330569199008332945863345e-37
1.91129878692056947430192092880963429058422465066339622701766437934870636357915572417370857275770326797165038735561398857850101020377561715237487599209460371973824027753789839617866385230009824578967549550163836966365403054619166212331241763105737586811784222224787624753902988743756527423949122959523148218648e-37
-1.85392053964240433028952805117547277105587693533928786502063853253856453516553399537535249305471268105364930285713432238105259028887912883323054122108265713191862584060840029286590227921287966177418780483196987284791689848798138732232386791189738707654868580438382621209269128894560970215146148048883552180546e-37
1.5196653120034199797117967972883755469405264566334329802047838221387225121540458367532594774826815117322719844789458648215220176514053602309178024479728948832203908671567781128841518845169146465600245223873466675239648102090770815524325670178046962796014909242443465393254672223086546679824054717017406672089e-37
-9.3628802639882244289859799654351170294494985678647957144349485706017473622702191238629303220751460800990829109053069365751360867721706098840291276897798244101656332404925600539043068143453200253601727088757004134788671084365868645388579501732272529308329633604905051994502493769665945650570794304006916704396e-38
3.25386439250706892770980067888686658199008710482528110524685631069569245910249725108494906671634591201165234691121662338277620264199621018904281907989920361979111765805118762617907409476316875366816439439037659509003126414418996492008204647579988855624624589899593186559687493270105141930395640580437816899345e-38
