19 1
1.04795137228763205004501077747934006193493973949301906038866778661580288602487149749149012818795246511955770584412321316194154632215931820002006887658441330676158147423404184767346759086827236303560043289482345358621074225944360960500915366536717868853855894817350619407711832420372072965771853082930408459782e-41
-1.58683074223268616026628766474009095671080382501254750083686969168615843262654642858527565791575395790160425771620828309820177959199609772735320046166995630221240662317703506763238354942173037191964290691772728206893234094127680663193458663006999819678483771652864126221890126426577828870366219503821291970437e-41
9.70172377685327742749138997482400604682715906801501310090760444824143806181827773092599367498739315247844358082850645459813334512722850486433599380746699002523001694983171133278705879711610438724123319921143979530343288331164969421749384027464335117606467429937072434331251625573661568624537975754256794639581e-42
-8.28813142341617579268638086421861461497124826622529797540457516492970590279407756384533017472678155637622825646089054030658114056139334792242463861603534681208581546343322589741548368262965386832698877162350140642391895729056193171528798314422364947650614547586768664195299686867933809533203494089280295396096e-42
7.95526641735966297636579921988626569781582004663009218263351277545598009195263920066671868405035967276308258689321943747474160940122553455859201775100694958301394414513662431313904183101137049607750664566570228141336075672369088869325515469539522577908947156917651649342122289735544756665485582682071608162505e-42
-8.20950730743415012771725002370515594866309452789209462928763647454324754763488086031745918015064345201243884553514765684229217387193194893521368296142699524041008896672925011382840195151166088240928802651607509676089801186600529549612460613624784843209940182977236825882084055510959080417357056450808358264016e-42
8.93664085125638232610930855292096403926762481469113358652665433038427939460861616430132958338929520805765395174882462302524830342640093048539317714324315182624364498802996183662329808084783781870628941649398443081362862723151893547484345302738952145582936285360452674174410411349584495992473666684270210276103e-42
-1.01397214158573628612876979699387167963954933958973076689042602661491012240923837867934727306152338588379827967878558785335055943990702155699418530232196875735274976378545101510842044539559915269211570535570838952120048442404276567754238639769617244288227578871004951609138211140237240065160944917305418728348e-41
1.18747797426727688859975138741760046911674264216271490747498476023934929779624925704203875288164798353628121559666715000469485304964893519991003946585778797164315175346397870237752597866519542494262155003154190805454438517920390606837049427012549259730318701589864464127216972532974264424499300839875939982147e-41
-1.4217403392151238520844051763248081946394993209985711661011606616317016989408201079321178640832227811602447677926059099640412287252790266949376507927982603066289750108043987650693671271963015864543197330677488191149392865145021591101653928654931700445381605073426795935853370860719967367094968868239179759041e-41
1.72207015049808852801958563830486458551272333901197428473910977897688718605215494412799850713075082112539481769554883120866954311643832388825288909415631380728490378483613828073801690987664738738814856803714626370340118597469448519705707573882733280708598622464986459497600861880858259641549210668197977006005e-41
-2.08413448826742027011832706257849342154081881106011299460815686822590786042285906026731445597845609923484180989853338010097588892239072448383755367259803588266422290275557039120824331101839047046561099430597531398585052211429353587129357921194413622243024896701010152696208055910969166341455905368162793624101e-41
2.48155544014518433079826203340437213547580322041584804394435577298167037925216551310037437672573754550778129383405753283952623001353891497017214856394032897576984957285555782400775099357043666449866113612287796362750586220115791964046086080152268437547907114368604064995030605290919168460800184901895367479682e-41
-2.84889680691668064964945319471518321234134473291150474723011032049568540912153371540549544441110172181192483416077601568914706033636255616146464823788441299471923911209382543308374845226073500422501238096389280903392889044888027481026952668077360339518320341414186495343380780411322067987979007470761207517528e-41
3.06743194019726228596916374686160900949070995647989847033572960744387052760720287116482096856015602022207380917796780013937074817274442558012683513188334728413889542846611596919208968511691596637157334914576801867631469755943595693488715300504838780700595205317129421367270371036478265874795745740475140391299e-41
-2.97534567841038771906933193857057309295409860436620524472780642079237509771475363653380824676472160941039275937991970891947745512711530348963714932249704981354768042774755778310664606074214694326935700469300761284973971434140408991988357855003772962342769551943297378113494771687381458610208676442629846936377e-41
2.43890129232388310124018111323947024560638713958011931127183934465120071307848819201670008806922781731168978045497063926388772992386970731670746217155409844684707362171095407696545522552200658234070220096985608351466359715905846985465708594602382574240969249681593303402213603348986564938745946816533451655551e-41
-1.50264261098280767670077787609820180010279250668699366993526928332503837422652906056945366453607861034245551716067794091748422031742353031442201460838898871544868384342562913988067311130465134134997437337831020401468449573442164861318968222759045196734848821305333597550624503354561189873566258903783797058223e-41
5.22210541685812560420542678819228563869845192354363723817929956979969779364480967753718832073904055129873799743528322373803531390169080988633208665924032413966100536871268564073860093540212451217684219524438941491963333818331505759940014295409364934960928439220162654583250305446270831864081145730862841512876e-42
