19 1
6.52972046409107920791363448095752879157296489065778674481523491327946568570971848409978383027245745408451956004935957321969590777467243313577731675062681299633829136635716740395909043488122517029388421249728685923943070300174201443451608403443982710088022877775303652154071678921374167154889479302647870554156e-38
-9.88744464735997425264543878610513287818970857594436895297087477353251544892589990315140125097735768606559729164305525243666979865644302162524433638994596502234150988522132464065739768380192246983642152491105016094443340337841480791438224794347357434309310970790947516150533274012370439916585501864736516794486e-38
6.04508439469000138176941193458532962843089134452329571620767580000005140875496195630864471770460856670639537951818104922787881992884794350816021620127374314999198019149883782648384250668522280725718077906978567986727402817247727146098109156915339904526764077269208555144591813944394974354868895207744239515898e-38
-5.1642837683388809370776315968207969852593272933966752131793770636753297022246361571022329047562842842085849668026698581314698685406406493978027000474361247988126556235008914655898185708196769615938722360486339891148942094998329172266335293830068237128019308819934201626368196661158334186821813417263099742098e-38
4.95687772774797541606709883946821164058182219588887881653171438208061666272272106170255409642197465815839227588303685182374525387957671931234760073006812685758378833162984582356954041295044329438127784860840853671344305272653042456818075504712250032647977555194344742282434100288749156197937119781780781750276e-38
-5.11529380189356206177032556195673395588305628685806506042385412996351493924715474787181374953108796428184044399633385037210335648719911773970263568977891329087310897630990892741639055213812190693587889435315938624564625615598103134631993128826316569400415693737145431716039045568917146862823553389829235759557e-38
5.5683664473254561544000176107355543874889873208393277373231811573063408281913891930557697717564434197129920512262456008795730470072234292624065523328913431068603513450195880844394527083685685269051841350395304817772451132767939228248711106713420993075442551839521467905953949238031657207394109153149758598067e-38
-6.31799885868963538284721024529440449237807739201449519934484478316095709839465756845833238610375296571097858996625666084840452210950185176338649846219677711639653973905726429614182388704927447089130324713315963154569994725310904671306425410754645882179340155206307980863129489717448897437085017110248401432618e-38
7.39910350066793017586284614562146711175938593191589981167780766853713368906433436501722708012152616727559105203050679241233937632777426780612668615150711867834331777832764845023826390736669988284398368017048138799978844154691829970048072440866156967454872468762481009758266725739686323904754818149296259567365e-38
-8.85877859243435016491401041470867017771567418962722230941419777837613988348550349440220186418546685981851434617581867877587655960579237997228348754103687352944053998644957210189655364522425003205073894587565686980170576152518468980932699299376451217114482243906031928570433253753710312746524606151298288156573e-38
1.0730116207194884418295143607274717977932398711094118582667743084346315014825912134563969102028627102536104993534936682038320033157442623752830818953395080363742275474783760282439561622280784010755884371142874973481435189775566053217884608936601478551682726108330275568743849417312013114929917624704328994885e-37
-1.29861182838940643365167607745106630972600296081623723862056992345257034683902313965079527621981340509595138759138130661856556833697354967492044223312156163558981249704842023874695856344679287104377303103448112952625980983441175886003383727705327093562356257962321900552607448445246149568604712781053679946046e-37
1.54624257198053887180167516822796760040143267470126938035997159358193467238533128098269928793429943039211728322531834727710295394205285060427310551515012499774671336187075261720572557115041644963405829390765055774346575443644147581258574505958637163861986116338062003295628524140257075177368882247229834449211e-37
-1.77513094745168966361049790596681999178611410616762556747565531401008773407097604289870883205737412296258428794180944855302262706191520798128435570256255789078129222897459630638036664303802386823613506650502366823105843646996669931818224076792901438833734569248890151497781870508297627417660077011451884702548e-37
1.91129906812647117379652684881372601722274231392113253721325188734980300882275616316705742919101743959325152103643094272330213772099460169604157474925282285910305746241740672475281068194828443515941809386566993494067619576811428105938039285608871637641642514737464385093664651861837508353756810784926610975137e-37
-1.85392081530169961495464335112980981419028285856932669644590330111570229840904707297227213771602667494221957925161144942495729207772002044021314467837846537516454020884259587242365655368533118932392662578491565838819329581951966057769375128976535121954050298338096999086662629336097283576502516697265665039867e-37
1.51966554050221354532174093153066214883612157486067822466894327367440072863897561692361977290776073526450702177353129438806455803520020303819319894860617143848558797195072126464178334256203057347047569706518186750216365430827847045962902892376602986601731004316002745658448700738226129093802754063823509444625e-37
-9.36288168847744670480238787597218975105686334179446472976582479873374523381257882805460213356430309954044678259285801640706674463685374181308902661314816149011170827938090269242324636952084431627332222302751480034141970152946516110914585423281753017168928851291776982260507398335764333585609135620230340872905e-38
3.25386489370872112468005479692170888028012521111805765207423429643918581182280034504617416664952778625556907573643213106626673542178821000228397846693949356179819965143985212709553059733785509565904176110365152576182586354628751157503325059555651516465661965861396828824689126576134804640158030932573998062544e-38
