19 1
6.52971738092734622815011655544102357379244643141380638956334856240151875870554476748118547493981918115575686697082118181443104319608224065704117666255715543537953787480462839594064711619965558923569299927870434417648213197227824371174795346870515840351237208607822443379617247370792992523435084945346593293738e-38
-9.88743997783121992452705371358336589901839447608271867869385416049483736629400949662361572819124164128689221758049107491551223113239874906558174720852309904844225529065732350214434944318139053218280924029332220590979247267242578135329330794460732508809369919104654304275466595787251005069985523785381240231995e-38
6.04508153692808308897675769176530683300939629624291608808331604553640149865446740600664862630703996614505543343531443816623542022039987881578505540657179074789875824574507428714357699211826087276409680139599935091950101552390708758602204111455925299079305223273508706623476503838116147982428538384222833671788e-38
-5.16428132257167776274205299098446311339689820350741807425176546760192239073908727781431853042181633251376801060336556399787046223664674289565546434660277136851249499011858912199628739780858198826722651819051703672376880631341859848368748645712834874411858913984283949835138933361118617092961977168036853693988e-38
4.95687537411166394605036617995330848435530329379243782233194816046608063809156379061739293705955933651355027103997475877473333932562440566389924346847654842618971520326648505326202682797726122490084879844763446135355527215357121190537429687651685054196735736424812824476743422435215911574609258557682707578348e-38
-5.1152913648125134184022693579479194219300740405261106388689548708611632962248478834505449347110515006243244601609889230084963067514879834282519314139556578310977324248989954171113909713688573149143392199406018459962593200243839296691049370065118576909136055183948868952143892519234114436042162388511599483203e-38
5.56836378332631666298082984734495317473261326474891677379648720407359180090521187783778677066566797339514727518977675583965757883222075776245693576520468398431893658102975256435849610042756290650457807670077804562240453596275737451020528626763618706302558580133009147066685944918047887066202589153843886122183e-38
-6.31799582111392765844459141444435622162894801113114377094429372370771992758553351939521728027730525122420994914311311119806134309795356207255974706227864843406076376872312141154004695774015432101390474342255044193231266264410616713342737713339937187524186737081744741237695849058339033027169097430070304161549e-38
7.39909992302149003806921064981676262256480342667839155491152725942648977829514821117054180314306068447233207315532095217876562942750007009136896617402303810564426043799738938803963793568027088997096627605150795078041268632186057855073997816919652284138482145609631885034199723717058583351653437935078364288045e-38
-8.85877428134806563279168407238956816697739904157241053296987286060601964984690893226518044730637913197037173195409394038967567611560528369289457972871855934200925352977088841658573461273357911422887546626170528525552555511026710695479591174536061690104658430512034554529909111609566594764562462123091331338347e-38
1.07301109478779478027431723498678245441269082928021731493822636640993144949086275470208512814261477383508799364957573279205699079956296969457915290401806948496328673509144298206274756852601780308507810339687735269970533568963294654637373914211679831072638923800201910655881872094021770317345774762478044034096e-37
-1.29861118684471797278358579726039155430756254119634074543773178143033870569768097117311461276443678671116164904377714704321061627726304621848992411610272744012542119972880245006650624025087050667759133997626592512134521017315201313538951683057267720990551853413966540248490342718374780693300081626916387687031e-37
1.54624180151901498487215285901638271595312269261154178004584538929104276677231220297415338282739387675856969261124544090934198046463130020455291979091517352344012720236586645624683641827144422191525044118599290522801547718724514381647327546066070453080661061292340463411183419150181293645531213622762128711966e-37
-1.77513005471239095978832754489080899881011155748877669998942686851701569280826563064074514575809177589058970371786700723368993399056362013108971990720299618095485320918153461674259963854215582790540940422479637456458324032999606763028720428258986796041781164896757543022579503237354343658975414349686158177037e-37
1.91129809732467498872422780418318921086304337424460671314778569907333588096984067192408366556389359636154767643726902630859751429750945604167224300157132074476032932238522043666679305863529232232920691238461502700915017687673913224052701081779444737364415371979474566843174767150399901884614193241908695353364e-37
-1.85391986364855649471779918756879656527163139166024383568319456176304933451200966643972557357193176484785311268273986866078529058804742772834304660405756939084306035702558789786841460909890580012675940224747890755695137832376611057178946974345647639971821938508868485785094600535199790566950060955960493712751e-37
1.51966475166052103874295638918022933414146393363979311234638224841116535110105969239133193914012145676862393353399359985357556520923870193865399143376082566427665344434743569363934589386578326940686657982171792129340874964577509861449522534233595711061101022067174465866945456681411558022362575668399172910232e-37
-9.3628767707437379061397026921940144240069896717710810530553593762096916228844746101559380465187745302319168321090332073516100277127252235340599077871237393488192930083919470969436396588253130812772757477064658705224454479210248904448573524473032943906328528760779752819470949000148635405223935101999672287352e-38
3.25386316342139545363120011208062420309394230457685893039903211956724078757934085635703725447463475555818768029120770773306139805516746156841324444462271458274449260740967122299928400305937969964900899903568446787701257639431477420838386765944168590473873579532375831435620442326063507703304457924361141623753e-38
