19 1
1.04794906095801148543190923685754338124585977745883059003945578917897433681479903192892259960792519808877191217766356765871925344406089393277075085498089303360058303622331310578643455036057053911067730503322312684542398145679559168059070318019831148165764522894296022973682427442381824355705214207998854502571e-41
-1.58682724212943159139624879604670600413547008959846605247678277017036560998560269069002923774261734764275308602853375067452545207118726599758787837565001900400645496735586474195618247184353940118618015826786759543183385655376629110195423966728717762947078053443996180502235497517219942024853610842481680926046e-41
9.70170237030676848715005828225954624686607171219179110732885213974880494203303481432446068280558960620150616259375143915591558032344331280948881962866267736467723594298319430824056924404888566427362399019970840650236300486244509082862004999639988340577655968071677583880157318047107546922278711071955324662807e-42
-8.28811312474214146409782745736156236023485149638340930521540986818571290283303863483447560929706645369513432876038345403506402939410373725182869584038464799313776708890787096779051603618170170027267835096175467410919689343881993266881022589784549038582021296512530964185282841930047437051233154990822642966953e-42
7.95524883809805740291569626301345351956351131220704517651749784464676444649346888842991177908874554992960988561850128064459387225645529641418621487998544534131481902309865943452638010666944673963761291445207130908743778044907093893346949800639478282429166852582523186910862068531256120919407953428040765241347e-42
-8.20948914545333661468584785789088824683666784411221119006681707566688401633126103243498650193998006381539867462758924715211065651069726374660448665060442555318583533849711990634720387402907856214288500685716305683552429552973470209775218056627794301365794551700561770405778718909792385959184375088977052063766e-42
8.93662105251668267016159160296261028850723363568777919946952338557663763193049121415593207404002091062056755909008644746732499247342933830657863269038823708189382628678392920252241045456195889046205612522917792495941396758737623864285348986393994658783951208943512509421244008719577411838978417474826668636273e-42
-1.01396989137707191923039786455986070865036229216400871109321964187101619321689619658757269935351965760420783292323362948277392361064267457879475802039374688366169387231147312300043939421722173741410436751629611626433406735148041262242540016920125084229438329893716107380359780372192481195022593782648668975728e-41
1.18747533385540681490446253523307354628107259118452984517747690807445819955744977421562625300614437974139567938095633935825388567833637046736875079821826574509590927496765643803564862450462558888485357509644797325057527846521641463047268471520296153158120020520822933143164382551417407627773627330014437688938e-41
-1.42173717088170065710457119312859376442768546358676531060389514196576222816219985872119886290202195275114859872209619730078398254969351082168886961319137991285198104194517663601056998327511663985186594867780185314430369561966840698357385352129803036667569935072641039622369381435675303925474580458070471979443e-41
1.72206630333783139068307143258089865254903019210939984483630360575422395272148067093301234602507965313294154600714150466463008243290371865879367861619573140290220933853502658211888369318911486430289715657311871197980300522276719699972532851914513555088388572543561599717150806568798232964253757370863966566246e-41
-2.08412981944306456802733110196278819267353895337021411349698893349410963107319373804959144450342167594253493230860903045927889499024541348696024361114703062585875262241054821583990158933529689873421193258437295259319303586620070407201149711444931571955902275903883150159981250054724774449174984084619222811995e-41
2.48154986430001511683197633433513703059612099583384574729430816791201111633448749537691347942424615782209189071203784398960833260447041279410286317481565864259558660907074151123553966029934395900784400990476912748249796638468850295085270413156112416219260425273967291579336971172590172744097487629470251089042e-41
-2.84889038477444374874990415819767512642804833932157998974086197088617582059948786312437644987020743412408224532821136636142124120670128574517106330725132078342930816957868749798448708639651940531848609618432367955366439558987389903843223354459455749642636700405226069949147710551007483517686951900461015765453e-41
3.06742500106661468650334045832109278484329374423364264713612165970143989944810497555183895681845679330688551913252116093609318072497858707394590191906554087278973592350764094819265332328032342798371107717567319673020740050992905979558007701255502419396825264117478279194471968150049100237790151641418364656221e-41
-2.97533892219077379974280870922511693712951458993176422931152748713145305486874246918823813218461398416423738511387998318551734932447236230190189966466901579388008187078822740749857778755569917256023394261885612585261304632889324145566702550394553517209785617724803419915795040842579281469397371852411394110187e-41
2.43889573194003482748422038581993106831734194342915291485825781169020211503624021093044720176179484575344234626552633797315228294922703756836661907269742597178851569030109284287507032041280036545219412062229978497603690212393546807479076291290062969001440768863918867254540313923025595587080314409204440490066e-41
-1.50263917051759562087349593487080937921715900572652451471716653410880174712021073210571094427716276103842113992487407291754125290676169512038796040045829565834475617518976193332201961694625401623435301309920334518017091189105158169245000593091595595250865958229691746618656181270082533796304148552673960621353e-41
5.22209340629586588774762996188843469665135743804115279687081283966608810267615851053831982008103545085924801795163556476383735100973708606124144909427958757587027453878898948482273561496196873156500741478092667248313174184724889279484434989553495757313770683208652380615176881907627558886623707998426868735745e-42
