19 1
6.52971752506981424206486761878669737329255663573612192307536266970948454511712951785049870371047725995434638408297081704066900145346414805812949233050189226925703351182081197085654292056080858384983680538217224690936033550625569080034113973657619957577569888286310704531884217674196012752573954340554973309823e-38
-9.88744019613859940521484660658417696315602653557185035255481533030433617690041823752939690810123660776881034059077179230665716427918287288834131412156895196721714126182674265148465189043238812858057534666101113879623231903010861367827599799467148649418500374459936785026477256807808534445089743654402414341154e-38
6.04508167053267781760170866719349046893319810445760483654868186027360490652563545898335470405158862520008234558234520341170926438209322150091249670564158387348244610488098155157322226940081883226381840864328759425121177597083226540931285049949063741634371533434614500544035499236049007895659467793634320815609e-38
-5.16428143691490427309741339832180542248296879674291479818364921781007012607916061859766722640996957267870245175302421099601553447701222208639551787597074865629583962332900744411393718514403152635859218715829103220813425245450331979442180066090998355275427185552048687005403234056885522696412851117763620666962e-38
4.95687548414762674541108300818795905993072043207332936117377466104665179738263455965209567689091038630114322125584040308253551215453799166284315960752173968715281015656944954683703716876402899608736462828072771072195032435083140174141010708714338576743286070581674857952843503307034114221350239275231632874039e-38
-5.11529147874962903128469689050327559549382772872587288326110801377014580039564131924770058739474544477367152313926433681036159127968090974875551422902794795750788221125848007683671547865964570413583924821515369249663486695141905493723636061216963386110133796032412264664473501430382191694018463795788961633379e-38
5.56836390787217062072007683302790558320056919319343239713032852170127087502315390009697085315368674129433722783086439901887053651426360298087705166739596042728372859655763077275068579608810487647573141129760713323736021038130046763512634520123724173759618653766813817744910397875944608567108231334182487637359e-38
-6.31799596312501152099919875859171002119639913855136849503294188049742943257026781411083920936673465990901167968085394528338742225509770030317725250312664648143105129281836208452627451809932063217568906671860065000019447621895180089383474690445613021757538958878086733595796917105011165152311872284463998823632e-38
7.39910009028163836324322035404809673250083093354722791851847548496282541637024175169623688745861346567538298594291545241776332216151344317342874255291597338174281948664602993860142676563098209286840538888449111803232150345034784504067535665110369576696511776475792050228927715464537255693043248684058241534845e-38
-8.85877448289755003432695464231637875532379963971796912487120882131521447562354086736744022925567841128907744105876401866987699195773919884143925855453544962695330408518393340240562642244897349612237704639519256486257266550458163103176015059133821403829105205059908801467726011616902153645894188500332230536261e-38
1.07301111937585277043492433358325843060452109684089936645786935343043273943722719697816412111961182910662006568250188155740198890526015019657276679762004167515261946510164676654319630517378388742741530197601245637578887162453063242207588591107254486455913769207137452780451385682378358449327210465326468951816e-37
-1.29861121683784179125031296004890427758327732503624223869667249259067721317155266137032185083569102354617330263887762945117608314512151502330858844680085440600002688684995034236598786540394043425394102740136153192672602062837139153935150481202353349714940884955472626022540558241336556817542403201774037124348e-37
1.54624183753917478091354874552003433955298082745225984821227102104823970023344750574410472949459448271412340310580527598581474421074606616132633637702314544261827921860973472079756415940381656609338482504914408319097160177650245370179985392851330417088608958133686574366862813240196552337731320219130127856491e-37
-1.77513009644919770107077321807868867139778025565550516681388947014309159556883797432062013085826692122024895045460134146207704707906406384860130416071320883863283153052607657183726998527140033712380643410521910193486884400892235854618162314598925775158477549386659971360536317191132633029902032471370686666093e-37
1.91129814271099961657981781838281864134022875438355977136632026474020763721100657585939528251111187423851071974506464528315735051544497132734292425706682987885489592433462936002757981724988782541441491823909322515762710118592652985579240364734870738913379155360647019457161167155543459174158969953366599244408e-37
-1.85391990813964202867283798088148421587785327271181644070241458115634611815311297540376052182611002260798485904042686015462365083355281701263572239147881260109589870792129769626456937606923281483210800032866527239969642385667152172454662668185262199001532734901054320185589907392900373868777407628235161351378e-37
1.51966478853993726696212817766488350603400145761863324657115693992267867521123875414482010565946008418495536916892653564439899944029722241821209192693906236178913145212018744339099823958536707476419972401637406113321103209607503531620938689552887354227271805010179136027849242102983821019942370580771736640463e-37
-9.36287700065436721486281227836696145939534814853145809221016015305788938060720745875999854736621305019710880523819208825965755158363347409678921442406063779966338919934594397692584002219809765813654192339663322084013576387917025988597327534655909782242024163317432348537502243112742520253801541296605813406057e-38
3.25386324431461551286021153250321116528317924516105927836085443050768285446587537515542458050139905433845563370639599684405344672553645976248141515488481172224845373576101510427438905861415884859821908269288502924102350160865668996290020987351868710323333484038618860248418219609072989429394362618878439158645e-38
