19 1
6.52971942312362749485714876392384620877403312789582631115072411448821906977686324709607666857987374474129404805105719309223087466350279709151561557144855514452341697031199971345583246126450782773690756059232606853737988616080145365430467489552414934267352234617790279548987230704494053315048070498591216251535e-38
-9.8874430707886697721865145578185949743740078487841600637101064915899129461598962552490063221120357568943291893986437207311802448362428310796308019517371530210890117954748864383649497343466483444111043879179354931743066877126211961661216182813748407793723489988367198104872665143005216837984576693041923462465e-38
6.04508342982485832381428669802399486641634238653438410579530982877394495748690623227131564744483270748254502750619633374171294371194177011984178778464383467408754298311250872564189353481271353799261373828674389971504734646444647525802483012034009084842256570255291158261994679246000642994942759539105637394068e-38
-5.16428294257533647086498882861838518948230155160964776142486170494796772158284568519884742553712771361630388454374214642178186570961056767757215730514814239140791060845648457770619745699463895337170723968354192396442267235582843116269305087782858453755031748121415285519042072528331519822052375484276618634268e-38
4.95687693309050954219665219708768882637478957670686350432448033224165190570719804341591038836983369562401634953475956778907234901044122184849077893634135821955628120405178787001210764345554116871479863283270494779152502610065295497077199923461505433367597997274411639449603156744723800370581586585109350816088e-38
-5.11529297906261888030401298716045145417932106213706674458857849705576385902883959190387597913384297333688502128968922061683809629208784613458576931711801337787978925593942111052253444727003206315510052725566776946085406923643300103646648714038919948662711055410812539786434751241174969362233232780812854775202e-38
5.56836554788014869286379193747624235775092863542418111639036207110385929820012992677749727044908675783061970213831420026109576163630264311329901367999647728340062053915696848249516252541233967693564457421249995537897177254922238941145817608459607511171283217909498300637716004685732862562157153984677457781584e-38
-6.31799783311366835791750429764771778969577031992945184140524351962130140070356599732380227123251949247779128683907442742886889398751012872906097975544322555622027343048753921737199293178749067084980497652823074204549057736395235284393153631023374552879527100550677975785423710742099828476252826885675658643735e-38
7.39910229274786889942673754069184547434680000867599325897372143607974307362946211927412068956097015134396054317217127656666047652626614985701261390421027172934959229923726301674676346944194218624584433986001211942151327758996487970079033911396218373044467642540912520853428371315008134245113934592088306030007e-38
-8.85877713688294831229454236635095597838278794720341138462020033001244937312009953726386931227938539102603770676244722800376945595899659946938052361305554053473832329784295222466178478486018584596374995221159587693793128749500831021729754779250996423218073910111889670835393892675368109956524762344518063697792e-38
1.07301144314922553297632325042751328894596097664042805368878954369922210869613699450920126790740310807504103254144672260452941214415652314898852584052042801541695511326043270338007911061398980516641557792962525921736186034736364341898804270754455186506232420597797880579500017777205946211913519680756338417511e-37
-1.29861161178470585132115291620251661967956387895533079696410263392995822017574128053820674293596586152115167264123761360585828190416015105827249422512556406024765484398443697900314315668567495060488914316365862781264987004206468719874221257393415553916159707742693915713738975022746246418013132659730631147996e-37
1.54624231184960921093545020230744319148786388254980752830057255716655862247500838310803672123884804504137686387252338280801869352660510242854392902861295275669451831548703854761628629649963944327001483687910091113338382909631825352961304798628019603845278063253100689616321832986753589490651390427745823177377e-37
-1.77513064603605888511883756096262877153171436200781970438564206000948201229569905016940270293596342862754243321221857771675153498943422891996842920740980365236246303028438120416006836442628111216845432441594037822940041962918471144967361088930237052291168873267292999541411797847086529088241383360163844604333e-37
1.91129874035453032708180906870345402857893951193142140240190163537626294948781527917194621630189961588479507819998192507808382632191169289205508662608152895636992496482901119709691598765056719646415329301810572629557072223514044419826243822593946198443941868411166244477552557142926503557147774548857205983505e-37
-1.85392049399485526303033278415261651627810177445960165993527784665357303758153377890967270541275325973463175521651681094717029285500769664563473352558414154171069318716450317622808718468337121375209108702709144352122747394591212949715011421649453212014028105656647303322532100188057316262121986773281537131863e-37
1.51966527416537523079548217967968920939434333990276172547878256106731383826101497277571996536214685234515696568809333073918124256205880939496531337088706405624212842428067865385544191324250454710408271185225494680871139561675557855948568382656058951757098190373022944185657920118445136539012642678872290711841e-37
-9.36288002810128623964881450391238801391341150111947835806580909178511502196427528675900714377084460936035676729933768625855892249289962132092244282587782803390526351687527257900183002816197930916831841206500617419538506484706361287327909684617767238158603636113256589898758173883541329138626058720521307751472e-38
3.25386430951106774277707141532435698845389113811427302513018770941160645124218618849122766091615067784791619531014825515172814763219135670599653029912564698623845118374738784958186711973858035473108922814936884501881145929634256227375864592531073918744458585692959093410049400868738566245768111215910690075158e-38
