19 1
6.52972258692057287667928720861586094028705059036311044637115985706639847905511670048485545336300537216148875933950214117624947221967629998054062482259676933313319118623479109804426470723590233251781491840212041132869238166099307305969794125797603207067370804659518744269646070410643720357994788167920539509809e-38
-9.88744786243848625636826782724999115521602549967452664120762268731080061238344337919987661320384627301091915926517950393504155575356528936344385235433968932745453899079575936667190558882934666000142476074332058894359220041470112771427707086104271352501012846416695469569709393451295190383761610501313695690524e-38
6.04508636232526148409775164516201614423044003075929250554754424086078257360236933077509309873465440544311341985249649531427258832877122796835793734906390805504245573845324291955793176308290096271128601453336757679658828111881677275725554933027590188090207069466232136317141825594015738042662770130531091770103e-38
-5.16428545230639974023283094108023689398242945823111681460985356285231411966930438425570347689311069386588512544833293120368066073560318776411566197595044863235525072183422660349230875289521362623551420016657447115706490916473824317678645315155600968385175089927884233253787109308125376250791185504181464570486e-38
4.95687934828145842089096120773677637368697904145448433487204676002438992453563597186400219325131864840211107499777637752467119001383657706860445167199288620355766997836525479817157905249946795697323344956509485003092787438165679281660427723976319817942128913970821234901349927161600594457953452846053638558174e-38
-5.11529547988099225214517550916710185234636310031730460685882650752231361362706645724094238791723190098477480052725170555185470580702985716990969767081211924272786853482976103556769834986401250519838940825407706024111283440999549634559274058428391032990461406651345052979043995083713311812693563513982225137896e-38
5.56836828155171307586519333642426690688947857811715363250815564817440741473696812316888995027898465318446688152152482309695790625403308490199051166402442755397174873739600164955905115057147350005910779146146778890473446565914728419560470975352846717801250314900204696982820565179467617016559965225671301264125e-38
-6.31800095013271378566153716548159567835143593345177525630658244613230456931636688390163893448078002234283322640118987607041111479633166216247923413502160644774769337616069267565147279765140951053071194809569514379718310658187705519104204115399410826955028132472213227698609880429377172165806911229878865718492e-38
7.39910596396327665636576865772403345721087719788055110170383697973801128915871236152284717299621810466919245681812223167698473068530477722125843269558792340504141125943926758187619303927581147401580851666298149885184386636331295182085620752367949842577834262399102542218337563968500472224476852420631865356983e-38
-8.85878156072160432613839142890097991659389036153686373222622803386873467057556668737509003677869367625491483171142175481901958155794336674480972084050864138187455109223695813699002674543672262854012514841527274859904980849999817712251241799724995269553065699192448754944417698987974862363947141328633975794195e-38
1.07301198283632314828788522797808675834776574120403601673784715633285483259882890812525321813987418610974453686463919588284492010357724687245909428556230749151427601323488299364458242291329469362203707784232877768656476362187627079099893910236561283568833469393002444710243918798996553154126978936277723097505e-37
-1.29861227010879397985444052471398721012247654611242332886982141703006858199069959213454734092308227117045178609007412732044933659463470805298228175778102672663012637756152055890550661960062524029755796883737176419629035044315461603818045404635780178779673814345637848791094015817530301270119151962200739069018e-37
1.54624310246258767696158031088400695569727687305572621890061062735361795102734146309135165262958427941365294327237039994220407440916188484332943532152497620044102531668560523596578542671062111136362377376119239966569211235898598811581226233244938475747412864354843807104535047773556282534252403965315879961121e-37
-1.77513156212533442427125700005328753448554181136974188948103474340012455611382358458064902974416532564153782991554569778403262209700844197918786237032638619389432966666562349416771364808348386995616043061375893811193825411179087316985198978153543957511872898325157480458887506879144941907681126887217038982958e-37
1.91129973654845578943981174621350432446622790394671562119146275606131953683499124629006541078507192401128985869839795518108550500204061386563236694383345242359540832786207940037325739054851004242750248292067945477511353453819702742432739753641874276912011812717946693264636036483815130528773758735042014363708e-37
-1.85392147053968646398320383070650349316426389484773599358028163462374975094547162098387463507737384953533457130005190580376510420321955393393102473663772240392532068982215240292261324983505755910612110981660615647605567310961397927553953783559235313538403403634250884554437837790860180837297571520426146042406e-37
1.51966608364057118083392721637479816937088908502806029638570169528085302265578684060875353375307358235222793093902164164850552744635360284634807195504893215576924249872834027803063160677527477181409245431778383760340159483073879568688811505972286714551672317107220103953307566296320961775661926623881058059323e-37
-9.36288507446903081606936144401933842977218269880615862253570108331509378914061659806854842647156873945768107681185410933964261223848856127615931817978673676507024290027391559565780693354745719748241342753361594061983016410440658000380188415219573006716098881691996523211949823079022968500998846336072285300313e-38
3.25386608505866645038235501881097483689313426193595770884706494408759789669984567514050991518501736143101719934316657697722243805366283610172328857157527684176826138376908348496773276102013412310512952797732480491903284149754818119505181558861250764436313128334980269276676707962709759728487053298326453893987e-38
