19 1
6.52972243345165071756946226900648355406677568281362867825633214334846243866297621396886473073109807670510434117335029922690075055273449419295282413344622022365165533950196863668603184709037167971879846471326853402462826946066195452082368391756503387817971733487588995310489439701243774032582964489526151236753e-38
-9.88744763000595347220417223851593330565560684201719024506414128525228405251977038983171589117070964402159624709058403219750065892653310567242922940771093882420361440427290706656740187182358732150530012649265879606836165534642290344121064648214605916897968491109335869367153632936038970290991210790963477546041e-38
6.04508622007602725946382283606874530469180662109624024683387315657233064455126488404002197811597469997358611558139885587071614136152046805710019251692758372945230115812277018769345329614920530823031636961602193830392192353514478054822274198508228886011039542669227072180990080226989926460323533269271834764458e-38
-5.16428533056478252107336009560528756610454650987198447113909657400369030512885168493802119953334205981357313563918710605857053631319348046247272407830233444234179722817959168942013324525029953048316660804556140711233154905209239974369828614334915847426448608835253706921430135720342564552631831450464009841589e-38
4.95687923112576804900748693919992370490175934141184104103784426940690865976486534059701172772842448985654827966071634699902979693728089962954096988244831257725788793156519923333191714897899405908024545684146519386075306114976114363195706814230930070984438666419970840454827762423644176216424318770693312065673e-38
-5.11529535857168814939488641870768145516249908970185599819161707685586147295817301265138053945633565118327845609793163820895392362998589705258283006051930682055374978660157781715066311162358230470458461281102503454822362531648746152532960318233350000501231747938675563309534537404953885358830963578424067366254e-38
5.56836814894718623517833194691482284276182512101495850652949093837499097001460325259508121218498563905990400438466059748851147185083457022872426574319811125189238937407145017150672800760631758690046321654581935688218570401138096288126965476968635544868880901978146091505591786218580611862569616426410708296678e-38
-6.318000798932802713604496120194040333925633559426919418203137020981302220084559487451562467085757174408160279847904659753319288413905729173517752551471075195490659713510399758866525411359896451820477681834650182182014126732097156076246690253873907317861360920643883457446752066985493965019637379673749212734e-38
7.39910578588045768253654206944348804728435090573887589850003489128724102935461241591558811844656975824196974219448844563957451639652312580451417707024885657400808126719208878666789140526431705258914251810564071263258570832453612199333627559203693514006512215714760000065342384765409967214874141205853955232286e-38
-8.85878134613059752515515392699166291966169373891220339483573423496371434227911919872766395916259209477037488999562419976423195643819836642774971534361710217861155303871458261100568998164386387884460191078913555851351477618762766942736846428301090082745222557315030956131302854018141862010423538576644135869211e-38
1.07301195665724399071821666980169396029645502637708396270755895140569264757413315655421780899299021694508634748211197732712839333431476572146201880907353897700366597659145378811088521331102066139448892136888085867131430098566961279433627813854681385542123464533482757391758912448791800488376081033979373268089e-37
-1.29861223817487799795867143023178218947229558995736382576193554159430476304936293811679837494302104258289159353118402349814380963785941137012710665896543609014561526038167782176247234717502963048632006165023244558886189099085635981139318870790773314392000013263288027966684083925097380800559425445789334342955e-37
1.54624306411160638899041283253503699947664997276047162733650672717255957889397305578917090805683181377785719128741910754926924588456412731126447152835606571246475836645303243444125981209664781945949057093379626052475740395367252341856484036164309477036608793991476979624235121819023248697697627288775697490731e-37
-1.77513151768774854146077094768095984352546867587729332331147116580166961505574989563611291641421207117380251874707162921945449005534215151146192792685507980567432996431329214695151711318456033708065249852250005069673469898275732584215392443244167681741619802581961012389496574389262928362605662198859705751479e-37
1.91129968822514608149760300412634485552559925905243408452833488582199479281416911346465978634041384956856364756116912998206378273903775050453997141916843713018918374715050153643592761662411059280333270344608268976752726025081079427567444007501557152640290018530289648648743616067051597041324030285927182243907e-37
-1.8539214231694994475824913638640251233176526750158703783484039753172008818302395502783105410715166512024010843858202275147890055292444042159902725542232187600899196989874111779757302490548545851212744435713757880012373883602746580406545451069546396417215755632298055849427686378123861888835120498637406273986e-37
1.51966604437457712737129517224083080798444426629102211902781878581422874201782848084315035429558055745072438716319028265412958745005211447230965320550592560745451989847428763964252056880944410934592678162795888215523736214437835108294804406507860271217210639994852265378519405417291133004416969456815134759013e-37
-9.36288482967992288901707943941966539205543304669401369493146058663471246619269221221189053349528886857339704263459755056122606022313354238400354492279523130357983092275259550777309703462136492198539543886041106401334950097299441689361230158713176187849077896122162446843851095362172647271365045020009401132014e-38
3.25386599893040882021647140640169799167954336412930469273844909798300096571359800954063503623617386336281302347305621549223418875243738294526924142659785859001639545084286483287935261962882093267984669343906859492323185277715659406910094451164095157345303120526002451826903768241831186027260694929053668842554e-38
