19 1
7.97960312837161779341758612864196789219037133314489547574839090255315439319421936749226099602708675707117593872261143997680844264316667266036778193279104714859089381080584078621455857009815288421689502806970951115573328126986491371577905519366882024174620982105005239639633801090231846124794381012876689484928e-44
-1.20832149236035488846052871793240889904346166699070434802946029936954261726464358696176198834340823931239955013555511387750568965445346159273783965089963933649141009345712066564387682647831891624171039943573869050896140473103921344350428293223457600507373387946074426392639595494036988767803170050174583795781e-43
7.38855441257679000496500666375601929556304460189058581412975452108241380399828174524846739877845068940550342324291685937567064984118224914348197664116211317136028974655618263835873652604740651725164848206134624634219665092327044526500266416444566846160854570845835578001614262677275665930060389371450544653582e-44
-6.31353876788692718209240468843153793300036615154632748864862188370945645359012023561160546285476869811240243087259942935421953139806506756786220782177969994287984034428877594026312751268579824406688899470786447703034022395623662706585793533493290807987725226997450328154990444429632587035427365139362323516669e-44
6.0621075915829044569819642447226198671944009452331024405953612148744674303191381968529787545797370966771724407768155193831852429800250671411908307517200100470811564089015732699982468831371461654706858747223623928361738897905946241200516316608470560068159887655545766132837252151205977843498692963586316732133e-44
-6.25872427414611774478019550364774231017648333702843710363451429225827136845365827452015979806779984923810915388646902572913431262031219011330630382439298016864689231328211209769573154176085151482742280515300718276218870476047628182975650447244395012449096467561474024662516460185082858816002025006868054110957e-44
6.81694962387697588484133766857854478896871974192837217109532062060766850571935585362601251324238060880755666203981304898698401358658345186317544818039479014007056856071180930994649539712759418894002388324212992617001030944500478585743807253083694009918814200846829914555927601364193524752147230550065017197609e-44
-7.7399158872014891611521012538957679958231790720095973650566767266404866124857997572339680171567649834438086645681856210321478972883251446858590067706249624638575169660546587200101393031819388633802336301440190206429809981790107546992185958253887389607132453748763409972731036873886536913615241912048011196114e-44
9.07147219116609927192723213436244303542174393238408523071714968429326761358106390461187430252089430818396107243384901304699299445170659003695232109504668532752068647654282149047884777249691099077760136615895495095589152719523887962135403497206792744819281833901850915323412915561272000338248032314263424161226e-44
-1.08708184658521811549621654060867575186219460350989583951027386729927227396017111027509274049242207538124925370521672791395578805434289246933182052597103692274292597385942206246911991217452963234953612013164272308650843807910811357265376733958421388698792513207977575027960617095373329788798362598195186879312e-43
1.31804587406578042994135894861901596409102932779686773903407466202506135372302838298788775365736653506926079582584251431341837897145491474847484340206660946337188343794671502256786480769980499733271257713664302480734716544469273735852703976364275663397999936231120115941887161390165639475997985221749187339826e-43
-1.59695028823289595708623506526615876659840978227558490694574198975813713480432004678822791848810980140689366994163120309575391564863336147187905195732650865917814983826225915078143643139823120129540956777201152064429849646805742601162050583942163937142329281891633045773784664142984927430330851205317986147753e-43
1.90381233628950856151331645161830598173286820005812848193283088303414929705758834401564565376623674057640949943148378257422692637057831615057946197802955790876634293623073713756860689134525005965138204186302805875501688229884497668262895179878670976764080380035473872590975856966598560761436618057104152077138e-43
-2.18856886673760395497581294281827217473644696300414940729019719390486837128095739926290250008739521662218799703415685715402520060956026166740371066311523256183015096292296688318798957953291732116987211278844789575107937839229978338381434049371205826373888748664757011623845074110100611239060434549108580039145e-43
2.35988572870188127449611482949270957371953709255074656870166224676977975556448264581935340687836471126598951753539560281429187269783659941520836569559077887969233550887964949555722863172003466432702760645803253219980114512631497829912172394203282358410841912239300852091695834819559229562036731582672632345736e-43
-2.2926385263064661200345184724903443373255532744433221042640648945789323222102232180243067223505814303318706122612777574313281709780328608931241264766620627983710244584339275901642190182676244858081660508582991732389105269389047798101321143160968415090930107043141175642574553963790619642198709405081642882644e-43
1.88245451491086744293369313442212003214968786113350331240836431244379634462236332780723075830583071164867418657907186440102029047017737647661042691337948632572717084550172562144252798255547609324682611336425174497541656488828329066417359567652555250904396111904929450989093779238814967694427163062420390678714e-43
-1.16189938267413346741471283862302053295629936813960606051425693365905041609573834420934162570099482644335484295940061312766000099538644173994043142343006047518481981047155196933958141296364759943801095672739186183826754157937794043056833336886465915452279021241411973515029194891714838208017588347615854179982e-43
4.04568379220986120596912160620441998242011332406835278723528250443859232430360276445919378326920544011483709574888456080838684280917869676094864549945088413704330700630654429618505011854694099340952623365104759616591044182101408686154230393278273281703986713349123663853216331269814384528824439247517310430415e-44
