19 1
1.04795230013400419949757525166086979441089648216804070033054205370704964796017821365351204640025248890298397319907541139938464058640913288394093897612863008437656318917147018235368945314925152112158755715918520857325278789691300431971902419133791765268924406421975271669324419778834072051142251297371469939787e-41
-1.58683214729325618790764046648081399576331394815024036981387301309581298181412511167916363955843392189825544037873329791054240140249985440313031998350586122938233382164141503683732683289022123501608383171837435214115076363455351313691643467045181289819987468893761948721656528197458945286416210849015511371632e-41
9.70173237016969987703085972469233507340189343401567962760129755590957509376176701475513812988595078565249898394210379693463833199942171671679501585238800844986418520411075228327670911874317308742800359350235121184460413299563530684775076997307851137245631458868432471750256475945557394357595730558607940033701e-42
-8.28813876912694689669765120552626963839861617927620024178837068121010864447382803190237739134286162309887607818719890178628310725614174716588143903167343532043750853845190902632679360554769500092257089485518634909818749650631325559341928017946212652505185423752586119941481143420754714337455232886736007881368e-42
7.95527347427399696093019323374025119632093925494764452150727529692834246712489690853991682735731053310833987424362268321294302230739193329036485191595650358760206721973887781551034928353169707411291843710493491466954878767997959923854487775334507841311385509435479142988851189980029140250929841041041345472809e-42
-8.20951459827209812064826865601937274224167792847278759853121735051738303335099321932956992523807408582986906838210267739127220254490600771504197544058582248479039817076233531508960108164014246375322012887414591316906567418484293713038061433281582627893415433606209995073817955017169467639603328058698316191159e-42
8.93664879914549072903349543578188029617772120054726633675858952064208661694689187521676714742180761382500152350462817699226400449289104954445045997074230212650309335138198207845600117174089881786989558861178283835465968884962132851291934733707300747664529795875234992044706458952717106154033125855559212100705e-42
-1.01397304489626022764871824421925026862359994798691194414442706240659707636204688647305048371602354519030046136085874955768137238304956681551833246286914844575579442812040279075422319867531380065982885262790545267511365106654228285163359093770505391565303908748690922056990493320858355684996435737021487199965e-41
1.18747903421874773443409528655048812369996452592371147944359290859555370706351141667248562562693791767014126521613794243175858597553460082199588627669521934698674187391167183522763195430884382226671064630018214029105959730254539925885922486889928245789975123163272492783917436396038251509038819193747868167097e-41
-1.42174161109242287392779034973364307836681621570980517029595132601160058085357008025733653631207554400449432904599621823475430315095725885344769704177328139327625238391606323072098909739888730414071575587375398676532389767223031101980611856645192977418345488338066240640320667157734797165765316244260504729548e-41
1.72207169487980061329398527205824361174316353303272512904268974696312629767201934910636395017923629265316021245969077180342524519880850856899235884446529342187112731216993680787657502899513802367229890951027148001534396746670036499753462183982517432668057921617271592879045070179435852574204235503259816192851e-41
-2.08413636249337405719856443762457394043906686781112701958870812427993001333713989964644933137525947220126371562129062946850174542978822662269650904047325914935530531740859524275002175900958601801475662969681686245337574386102365640162365341459199371503120251643136635726873770185485655008154363006627276459356e-41
2.48155767848056914270079284886329648023582722163605510328516097827844792887939466084852036884400811403029202695959896158087830197867318452518833392711866516294186858920560247845352193414023931745326761346635839712166644154457801880128801054046275993480934015214284523980829199050411859275395219580078786206983e-41
-2.84889938498499412556972007313509745406093297608308739016652698569720561912384749061133094780181293031777980877876262560837722084443555792089881466359697009199164529834501754967310106582644571649647657882205638746514844029570890354264234365710438319552178855024672317598319704175392636486836598912355606606861e-41
3.06743472580278828651886451519745760583881412732962353097149436140266397098272617168034707358726472289024080514280680188977576307240753901916916048508190761660091342297451808401340590580431787004539932583611266082094747151190074791779464773036920069990232175906011652308957831208791881407590522087709496365648e-41
-2.97534839058947237046493747131182893533597337952538124125882881323470006897565135049035226078462396890848426687842403367325632329737060451052025748591925877137246931475883363413237582435358817970164207048349175813175520775472226074735402478482260242773452587741789729627386361389758326574282099668661080431472e-41
2.43890352445362627100196864632001846935524927639300908034807151626376113933083244821875286526386232124965721203228366388518167863289642483627188800799512457559700125849212539259414816045676578202435091318252038500442558189750398147546133110857075637802318528593115865393307505621799291205782455185051038778406e-41
-1.5026439921043283324119639393312630042403533531711991432418628808785386509263041220714035832482348857029730199539600791224214907607884025195282738928504531665247273219892688193951851596722308718451415166047311602236019095143946074508813566738334120912955155294274095908742215575756620837534486372117218104953e-41
5.22211023831319588009431611458331274954282945612558342940958276491686012123527769407160692182615117676756994745640096371273226808953348978078582586690414682931018487026287348254382382814614714076088780575734314550842116248647953415709084626038381711050198672701995812521851004471399309765348337486890092901358e-42
