19 1
6.52972289471810510552324114623838399313177908790674256363636798213813709653526751109198088468263304608853195162419765158388058998958549761344785337992266554382410300667617953971679489020622204292484574574272297099491522258328790205091033023792557047472546488142751733212666499851345344622415098050547938454857e-38
-9.88744832860557117269773938052687362211836032226978571477758777054038283192348430345586067939919013809541098147599369856269635030913913755044093781254718466208666814956153799267374128748025494975909275249030146715346358828984896089219193782687406479491106805807155527401212008401859997879314116260494438218755e-38
6.04508664762057005479753990700995590967423019085630083375122798203014571214511069557377437008632476681069542842091141738833718398217748501072371246645634150000163804265391036664698429835402887607120595772785538835589339084716816373965468713314639778710417536202779832179958800627963190451632769349628189432264e-38
-5.16428569647159847416352066621341912563005021636760896322721420251482686472536334964105954474764862643694005079421275320272502806850238583941315062473921914404313954351107952671781781308092007086449146865759396543540537285145735611557168619359997012684146095535079694344738532711255469018232085119805579338024e-38
4.95687958324911717109425551326181004550871095175012281602627863819293987073331532523737921206785095838964795038105707161842613953556090911822995873787319297743820237887191432126695944431157843580421297767060348190340390034507604085125172690837616498266799795795429592634108770250264893246507729549895079249809e-38
-5.11529572317914985740542401800671071851910008531653081345743075478835579167106019208364108096145964355067730136989645653066827517770988894529205352199126802429344177534835326129659255285864342424170413384897592917429895366783869764123145995899032286487733560100192593645730949515363776077716363255034792179469e-38
5.56836854750359479495801249647261644174626436778822867155964856058023246401462481403990092128354834767879419542705749159524261307908468116784226805261230947674914601216351309683180779114474605471596298572011711963253373385572946909404593959065788510655210632720950346776721073713450665648608337407770085298506e-38
-6.31800125337953909141716774086272869422400647573346516879106476344122545553442174476047149848144185642641255055906594994304309841896785343403880315280169149474272811210557152729024916383885845393837142636090669655752123119695756258748110174084424222513939201901924745486885286336858019127160647131394058618221e-38
7.39910632112652186754283177133581853415068460993852775498947003842037815653347398064184670000584880936832232460237118688496275509464431273853436170492941632497017296431648964024565745000270179294701128072734136702973959883170436718884815846616111313290282746181272284415558867597765905186866543878017941919741e-38
-8.85878199110575417475081308179811396615147002617305376902769335951880995393081994834345965693829359883705904005428968357839396055012905516400765402496965060513153973053451170208754953783396272860746088595243994120522725455127736062873627681011135646534842113028658614104466774817057951562598550249127955988228e-38
1.07301203534113806738413421304477939582509115082224390888731411102799961640134787250008959963203263349035318757589744599810368309647385494241392672504800487684399055622805258722140357156213650156668695771271212315397644085046766653358617678639743055431431407003532563905557733780523928500572992738336240235444e-37
-1.29861233415552373821980886785157277714586114305640044534728796679694697263278886543846414416477203043992861286552012535067314211651875378659707143148123454475188394336675759533385286629640400078498942855311108985612015969419864931230438919712120353229350781753510140796257459338108645553967987162912964714803e-37
1.54624317937940021645065713252628178391644714245060167365001025329013272743242818447190474704597621706444173239572857490272543693478573534307368087875182804779552847091955619134825593609627180412163251646082920861914368561987019056175616753201774346202475607467480022385030046929895875596739796121738770787873e-37
-1.77513165124945822269862913494791597221768627283228782460214409257947656097477316331220232366677248253654532309988590649705535724906559355101442104163983380546546426532714774458000419405034527687157650920887722216009008188837037306987193494295071289208591344585284647228433899270037324662634211206609181307747e-37
1.91129983346580041740711442671757602804699631279299256174346523692594931443484931246134842557451006258843469469416364547106837113494363601237315058425939909977665503884564494313497641203486485443875179183447325661015782531651629640188995596701786046204235523321227588432519654838293981429487010753561150371032e-37
-1.85392156554545034806902645660657341854591603238487076489280059439399015523951504611127892241990570622033447873337207901764689958735992979325546784165615746831926194789120939849299848572554232594601201366166386127728006800808539810963695718080906829859077214927142237820021208131987798473194121643354879831532e-37
1.5196661623925494867906565178458144313915093255974400000450535230313290812994066796287052886557649577267350452559983107322215973951521112350472948592706528359508766216716085478200570374204540916050002545329436571290012666608136756952165752109792623883131190090004985437836111118239349266014645936799753165301e-37
-9.36288556541871779056045447354762563570033181231031547219986338622876522398897337749937218868056269208946753641476018483959592368266990141981027309294856180552620524734764657901053171101676310282636809907320278295052991098843450657956772164042778529236798929521921288298755562053804206545118147866807520446243e-38
3.25386625779773843298601054837380932885924345518460017480654471661096656086291714467467111829734755367114913888794182566482612814894019223747043925354809540184684438982670624729290420025734267901030150136928205148442530652556666491844555283883449712534839050900298408558271241640906741899265109680987293248165e-38
