19 1
6.52971128998436302817121235707647920736364670401735712464501986978574665415423223304736718845162301606527663996816129828475585058030134079894273847749235794659475704337715016577190873200870427572009781638263787179914090717843792167135465484857926268366123226987543014604481259326526954302549790065371474217331e-38
-9.88743075294557363633945209400904063702205289292363304419636328738515564901489888387463362431080332622519187432044726399380822661796788765612120396078780431698894712789767174417576134914377351753323131913581024920241192478880994123967465070076926934306039918586144245331107205881897584763029005990832150819755e-38
6.04507589127820947716354285832226136158207521441284220592355015392856228957603385300703823730400355579745929985496265456494503560438503535734863083426467406091773762496478503794241755121106215311792839790478538158781219173623942581117786763512781195376980851244136151439867642770145215720823294332983074408941e-38
-5.16427649083853637676967325963624371949523591246197624860920983891888247773494368327800237856409581685883599893812129725899547082797787000548489912550713856931955013038005286795745265235542112868269703597222248936210061702923116721140503373372119937168428447943359402781510303310155333353608532164532549099405e-38
4.95687072438874946488154787001921055983027451668240763090779527662998015925109009935346500612705376941349689334494934913564366980003206557991417988067003264914136809440529000350029042957545603116102516643426028338790082284762879424683489418557192137626013883464574372035121547283351047551121017309313255078503e-38
-5.11528655024198503304599703776465513705589225043917644893418214871315810348639090876984460671246497516921515358659457744202780611315127957486440771761418764855501202584348102875979551445495703808403612992502274205140595342211785963503871568371162960161500998216268672349305596864911568317186975840950299424581e-38
5.56835852047025052242368591902508798298235026647292266217567175368853163509106771685531012990681405467407361287994521622317364120398163612295595574786223523907566235190868383902115263161613097296580652899857413649200113442933196572003229685719552369329500376848463937780901343009009628755989946400407202399074e-38
-6.31798982024245516105116561477223515087319943061551515060115106904984178346722052395754377197612297879911958459823573367746792756363519066442308528793345245309954291369535799616661267948704580848991849591719889083022525906998883464611587151793981656470642240931828445349984902271351372875543001071927077723205e-38
7.39909285521898217382218947641798264211230600942329659405663985511733697929052621319341432075857236695744625686285706204119799748082110383650973012967638719749357541576157951072947721949600650164391836119021703920047776130870147584512307556578164287496711667221646032392359268541852954931037343008884962959604e-38
-8.8587657646069629543557222041973659802799637806243529160440198900642581950746112429392815575363404306137293364058905711765330837064991503951951357070779188215699208970501620858580427641854439737676102414943904782465571362097285772916614122961892714590375909065004828389579544194703927342612352704336907472439e-38
1.07301005578721471063530915751446647492512827222394243305749603821913453378713487546955617610353422862324585818562645707125251982245537691308047144825253514131420315989528435719631800242783697859167746655650309619883654720226551542052813846781853698142745244298962535114077828624852951346639097121199399107447e-37
-1.29860991944661930534650018709048412626003340782745075324499073516357087173361094504886041538940218141818280643835378722219881333300083342483048937072901555465024281174495917642858390436954465464118922420883191833808802418144167203042575067840659480686831137559397503334289451667393415622572799205956229237169e-37
1.54624027944154068725826838520351876936441300760685040174996963743635047079336567652522005822098542035349756615926373939640584060804454195706292284881649196265397234399731810757700172343547490419879682951252909822394728180463968354848359755456892662631015858445064740066995864083293262105261980163523096764891e-37
-1.77512829107174718808003165351618840666196240395805327361124232618104851095857623756446318526173119073484820626341848363798646397684486987980272056524724431489737867592003917678553549143240652482996047387979686791307255858142333936235061106283571866749606005730428416951249189109418286709582513172184672008203e-37
1.91129617947025725344756136866534902172975505493867316562049050166463883352205103634949232489440114233676660533699400876723816600405561919570783717977227741925951995624297958828708599568755034433420939354190055541766679795243200746784845635567496950402334374158229573153534042773931416780064664036806931707013e-37
-1.85391798362473541549129997995430331370637041448941045675394887278002554178055184001905122802384192963602945033684396384058021016256094542149185261488467167167671706665823326311507368228827254003420822626245340414105393976753274614735109215491695861002596994923561067189028267117199963924965086619549031560342e-37
1.51966319327787782725790987499971795427155029930698256446135311294007747849697047874482644097716664643402546880225446142589050370804152327637906278327466819344457004025039635663075178651047548989792782389325828814240068478731944080813813099402989200749897045580649205406140954373028894832729602615562109196618e-37
-9.36286705560923764233948119775865402675419664179031012492469921227192310873002147029435673777394989734597635740508838303366870210752385630123375268200899260309597894502217367595478542567347139535252899226096915564355986264489548042481908166340836608168753596968623040137760116610536366722748533664676134947346e-38
3.25385974518902605810366060006308634556609820977018442849382060971258629447802428468592012436898150346329516139160713761060410436432224843924011397780192617916347422757856363784389387832501040135402706790906430884538326170607173465631461679269312666474470826296046164681369018582567322520949033819111922678659e-38
