19 1
1.04795060074975531311539935735596854602981506621941780168475481662505470334762679642952148387228554645376935433244806325606769792544091003092612625153260119041085502603850459480008893321179794155489351953530656758801885871546998447853759933637051903036202272999088976446286534743998360553059116511745947510354e-41
-1.58682957387391454587212983673070303142283820496562332297743730582000273224508308899693128661942768243723105245855030839230983843008914572866366587191450906264915739869593812011349681893920283529807349021179128952204862677111705034484524970996928175273375180078856229572092194745983559716808520058648226203539e-41
9.70171663119936428166506605431253020976990513986858526564033652175062666110508454636484516369306410659438793156530236187769539931079778910743773626818489650832475192547818783261611634074043853140471422361173008392086386794671742255103654539481330156963763100883211524619327884750099751699860928051728156982835e-42
-8.28812531519162300026560457730058901923736287043925881120312486293246603352752363874646414720778869056935871081192574146858322401814209839411011418860796844721500445230139439755233183820205599936106463833749798909887436162347982348629196636199983300967397640873776298556046652453245355660720449868337425608147e-42
7.95526054927989676730346854748574229037786953041126128298730743243089418358511300604275645648780412548605546748997275799556586219042754359555592635608545058178146651212458070021256942992957977879805205253326496505028502331938881667486928066819970780019624455414659737697153579503175254660574846302718797885561e-42
-8.20950124483855034675262306119946748341474329588334245988758813789361379715776760218264991253003446124347364778427633950465293308299102286207517569083402221100893479987275023668138689380776320116625699990740440533711688085587312439963605061246008845002687451144322308832201811229120091607815297106125244203177e-42
8.93663424229912712512900338623107142440924096631515879335157374713868517967323298325219270882812089483086485708558392101660529407637805543046003718783968064137152086365446715429877065978243973677532876703281195556500195938587948759864788777049788376048507940665124071608954153401180616899257496215352431460476e-42
-1.01397139045038634096992248015310612967543194720452750736686137838099803018994485800786554524889203239554423857382692093339066372634451764964350574087319426679932181829007226424408236649541336335712246691565142906720189545564850661761466716088635769951452587325027196065934679004503376735408267319472239272003e-41
1.18747709287934770115777449251726479830017452386100502428528756675918633737947316866519924203632767110709995241141082712776576894204843376799919273047525877654058025174133090798657181906151573617589648654501120490281009547476570694405940043702465155784463222430730856102505601503039700957740869493579878316971e-41
-1.42173928160325512181405976245973501149263999976058325202765038047163122529911296780585287723884760788416953721545183317630485301013426554709931339149239259860298964937539170372862874627235182393717203494592918046792782008097796791472347252777604661788087494706668189251485002107432251006101316656587076470882e-41
1.72206886628902219219526769195677114585586513427935725544558305589058064012770084542786781660120519127055709525178391961231872756012948324564716912260347086553753177913815378510834283651297871825444179874464459375531572823272100999473983456076084351790403678415170527037951984512011397423857152838460125632418e-41
-2.08413292978105015901954089742708275838340892662614535282074541921094162084761907660090051771342706353258798831785180506119105863776246122667522246488511132837087871920266545592813721646850027363762424000640987447809222072266648618459412477952782272226148496517853826126189293760169132364103812844016409008154e-41
2.4815535788888070928529033949024150076429647961325267839760135448583817003347134928251360561311593167394566321533984234427067525394617223364319441995169716899209581406888577531991244962482268924090682367566710338282267964705355108394284238152687805995511266013705612891401480372276300930707560921394737433277e-41
-2.84889466316027424735914926584666053693222740271530847883638262690867538092205437188833087825687852085406232616787959773351227162556683480173639512649964684478951949903609138488509268677930901109521632650521851536621486583142093162885359240053541272565377710054701163132279465017546454215227351576927892037469e-41
3.06742962386634851049116244732398002698033001241096069264379913592737189000184162836832261602199021738131495981991602951568568806990843837268307336834298178381201340093885502507874039685557076624310802031747765524651617794578382870425240649236175811030056082928819892336772918957513705585021169295961717458535e-41
-2.97534342313633907267134071719625468384984030258062600367772630576993704734087569570471388061647204370601319392058173217287436594322534011757890756824769957507433882845471375889734147910592003559312934039836792836917369850777425933501977339836474684557921802052657797638034403977876593561748721202996241518865e-41
2.43889943622818272905407351301639160439512795361507815660706461991749640369185956800424530298790958498911865647472313924705647922243555680003276286316954085091514949636047056767014885370206214525497033988718700310279197995421815280829097811082744644600622350173203764716934094414315378183722846586245578470676e-41
-1.50264146253095905972990485621621792084751219701967140926145169706582895062578804581998805618404010066860687791609566296035323722309096896133597913579676455645121875944112574820791306722542711396192821188852483261470157041230078154196993753571142751018658110106684278651843460137924205595488059843073288326477e-41
5.22210140764642253261223936830732995458316617887148888658594912737706520742967232440870468783657035530940855003289277725144492009420758156621808856688743159913495315620792729083929273353417622600773998472995684428363605405584053221080203199755263615521336680905590944738518261422792814793877694254225286473148e-42
