19 1
6.52971075969743884057257423491823029279640183873969483166203243960815345588800492257555770461832022192559425719767584569652228990793983403924903995072638953715897170317142943508536069975235602178485667142487571155151198037630846483089490186431930953061202441487549135801016087931354290777403535331909007715426e-38
-9.88742994981276116335819473279134959353093953073703031810407862545618259065253321502798962255729586170995283938573540741785586375630637427520506967801659550018292951974395318465279240836908383557878061898716029086648236980490277262866552377792389099625431649279431444255375751418790131109430485889276552320064e-38
6.04507539975923280938842261952525762562285576372499476598430657826467223473899669751929625039487415095524900152431410047382175802423094325054468288059182735689448351354275319724520445317169488246523414138473180554365422606612868268705593440483496811495992288736728035309572468248463172125601404661917246211663e-38
-5.16427607018045585401954464444683494186262670708791868670320469874106683687156393047110065400789318866378362369349211422872713616678292300479676792750587958322804300981403884052589615221161638647425697484347382617055433767104469002286104295125727424516312480995177934005621745765211674803462160923978151873403e-38
4.9568703195768289064508900770676174978789357018145755889516153066088448310632192668983674037787690260697337739666414419725472243998111909927411588593349882065727601408518140235061336874833691090135315058609967046779620308759229164307178126656298320781865679804558450518316866007363413134121416498636878119894e-38
-5.11528613107827721494854988216350952008510260433877899237724618362207079023926147968663625966796084818810450368186996021012814739685460967388224547954633535549786175768976653861482500723576000807706836097692628451058032219380272513201843630377116040365635752283362182675649431179801644959582689992550223438044e-38
5.56835806227826192930152507472636051876064213532847548500271371473237999052251980977992878451236268503926548692673874418293655942888556693672495050483398085616402463573873445781028955675065371452578893549551628581654667878893920383090358825220061309566614177442193272134077409802634023388536625737529076725539e-38
-6.31798929779793261518299203447865928367206247984507677159083028026925788460288891459740388385271728809415157716624758078895702317206080236990279866264489153299293085309544819787562987903366659334557585566546609641152510686837265508298747068745435799071238182995770506302680656502063748030608661296848945608455e-38
7.39909223988613881010708151644338765523207885371029272746590262748490223669689805463377574713081692839074301947891552494616579011700854902386829218208556211678384994953603321851470176506006336468079724220022174320717187016825879257490240826170933094085780031105852000703373665149099779416754802884202405671007e-38
-8.85876502312780061761429283671192009296218563541792475001680766741987319064851175468955892649140301736001773922527001561283599275089118358599626305308573559592367933430249942694456818930376363784990213729886819591914415476097421900693900549725886639930928135653810122051291832534282213708158760878087279099694e-38
1.07300996533044177102560909866967915441788014992303967396230552139755634020828821129954841379242483660183177478739915976256479407061944274518916754638410229522061318241121031886614016266651863724768828582553752599253863472216836184138913236125836267651537156383192662929721423551356269675923017988064314531222e-37
-1.29860980910531138185544950166057708903346351565395492425203551365241057448770176496819549758260681095147024222363142854211652301517563470957065512921290234134171040051605278724461877054688355736865260578324552493233830032546239837498419916459441385768452398099386148829692239072649106568177246248702885277255e-37
1.54624014692759266997646824192497877415220751467085691904622950151370810774430785891277219657305627327416570661965452374108783942719465059266762438875339806244132823343435192754450950520909947132037804425335251343959971522160227069750499780784110255973065474850262065706975363260427580745357168746897631136839e-37
-1.7751281375271022659259933540571947223191536941685227611299784509004484025528828053824912184843590497472124500166384084128524700813687049904302930126145398587287735903738375479381612738947681732656517028947785099803979051139321994136489567519197404472752720349154009477486685080730864047547949284923359385613e-37
1.91129601249968400225769941762885545730872171125056648784390097719194487054693444288977991581889090404022483687948398250530958352915468044404696958802442008794866963422952904382982313303597227465093070820371443562267915902824618645249862615229024916608587105427536177193482612339418529902522176236111375020655e-37
-1.85391781994784582965079098140590981064436246824884280280725805814648657763911087218329691087509533995415512734512228581425543745130662551872017017564082644416818925452021824149721191934080714287470962564368425562912739043103671067674248601261961683718380650673447710847817468137546929500365750788235404806324e-37
1.51966305760350885855022228270878285807141443790303369893206326032313567447656639744132736743626055813528845360603860581717375303276977575893530209223481239833471486166955457511240724436170115312793194060433155150901132061456222087778354898765406655812121957185893732059317142769625733469582686664021986899522e-37
-9.36286620980041874886152430359167668451186572507982660270604133342596088185303535822999371750526517582312074038885734590472973901047993760451898693935921540030583715883250646836105458989630023721773235193246545321474844358851067755637720637228020216843956162338797940763444479765978192440833987488151181053923e-38
3.25385944759470047126579855008592626590913377778306826435302154519415729946917027901587740364329715604251665349815437605681398950293257683606503584212561788317438854665778384632743683930712380811944546210608604351341257101650592030066888775306433075148569458023553616807004226260241063871941716471296979422461e-38
