19 1
6.5297191281611709946850381303079297527375669068617153309272796971409869922899421653879414261195750811943994139161701041057934944050197492617313797856746763392689197591559436978086230822527399242270388888335385161737111410765186694667662666346057393373339787512820951803582548796843457339063245892751563277893e-38
-9.88744262406063540416000375543016698295234364884154126248180714639931108265003703509764933677217149408229527322459539260796926476726946011079148641461699166922106450781435805823956090242531999738293338501714343034006067522085692214167528762024220106193174806375762653530473696262713782283588177403383170839208e-38
6.045083156426311950614799226705118386823350534740825693122922596444800355815516456561785667617067331174086124702288717501044632410704582384161044288367742153657382297191237486179995828529942834060471154648825715028600473830369543358251001096567814791514474302998457216844461135079776416133844751022006115691e-38
-5.16428270859181163154370759248310161226451423770969580262987323036910450381880268282446521009508595649716242397454869238066019111218766880677735079781609060144199246057375798420204706204991067763863188561070255070990400063108579182881634918062083842298322499142644547236547547059368506850723095602052356721774e-38
4.95687670792102901555640350886907881449516966657586067238955348420715310119956329351950125164065200505904887391451415766944410631990817491574228761634277791525052523131564629265914403960202570628644492724501111746474925827535381950406705752336990098634285807831345362127313902551705783161863862542827027703765e-38
-5.11529274591007769625948308405073400527776429791674128472102770879228139625253136466611508112813608647936005631498188933994791457116136809693773813808558071767142286682315014186195884168177682441871137776015576572837238306824172658829030533108112676592693013954921321118821817868615701748266825828765909774432e-38
5.56836529301862575956775645290739550183400042869701996783911191874425411955155193428782836979297551254761023486465787054616879291568879313004810586745276780737175365027645551433953118493452030769848900967832196759411523800410879554332179963817925099851675165363298182425946159992836484793613922812811097102126e-38
-6.31799754251252415885287860137664376468363175685677803269012206920354162415867767181482612537105539763179702220269605334330424711192304044060017940774280067117007214086585250931402447535697193854761836642346482993339409301788969725352801863143344781492983895053396808029279253606766923955587055331344251800966e-38
7.39910195047880600335087424838870268214038418211979824445448197301067805008543769065260227924148851355677146595962561894364197437925962348302035282759414353147562815607163970849865313726690030291221638578259260438775796635145080275821334694394089258822711591882670717431809141829045132186860196475059837076263e-38
-8.85877672444657309778618871735653792725850396357087815847044256337862504582272957286608163429695487101198289560370842800566568705956769144643988906259478421448961899435776776227794904402151628198425227744862669407445279304269097553413716534290955965495607412657824557330619905241548590647464674520287769938739e-38
1.0730113928339783054019393753952610029307396020648827154895968989101598901123379223090937235971884666781986802054371240095496315107001332860597316932439938334710436844921960135584283878033452518452181970004330978583998738441787239792700197568218091382556052253074816717099808819347969451397162445102360938795e-37
-1.29861155040890027666929396963711163231405164955727460649298475686492732987405108456987999124519679362830934963095805213606192945979427979127183319520078909826803716876274686911729006389917026345214321824043235733295943274347698659320487545802896143449831620987388700897095935592586513596930561279971420529621e-37
1.54624223814048131795677358260626195405466091623958153172752741759364537353245866715864636963650078414389611183582934425907389832431782828366434859325759434304356547622943527874862317556750174167185871437457478907118190427959176064285448468096337298423527093662467752227106919112465691433851271548852313373265e-37
-1.77513056062875784560015602978002104583736234522359385294471839169642566517493254844516742106553710757760807062097753372551566193804105123812838669712832655072058486773831339234082070124790468245519070211898863194103491194649753903264424292642692757654676373254533985998637560108323728859780502457019553918305e-37
1.91129864747907726839937006698469764582720724954336349507122006789114639268302789438366049696466641775929978463788494023226198662917462108942545713140623081844487808394491077636703600735079287172904110243728531777044527309827316075606824482244323632703300151013379043353855050285015074978968294862357057415304e-37
-1.85392040295132461270218840809981120639107975154728697251744709287297601247011183072214890069651034960752645391165907313642354537018680004219398386092975204714259047003156160678881110477057398154328875210142235321314923834828710684468617925012935496512309736612346930054170393938428743705124386510270975573569e-37
1.51966519869781789346993944111549326700358458833141440015009679071311298633354279440021404908947620432682068133959834813660472773253439813203142889225152822882566761987131530022349090642691914609735280576183499524047872548769687542010533955385911306179771143095383166948736634680232575308248538922468831853711e-37
-9.36287955762744733526322512377295579050610199182865488979653944538683122768044580272938283868060402260551171302678681199782507190593728877155184742469978214586706400986003070643436508695158148219084694331434028223837157467937176011836591037697164124014360613527797759323994168138565310903319961130265538588507e-38
3.25386414397648737431558743152505226424657445557104283591821839394543024565510499412421446089775070804300350698439962505713798758972469611308137699072525208595394983997867043372294789349877774153757717268203785963620625718283843367475523246725797067990275578540007174600921750457474175081708520965933925633405e-38
