19 1
1205930355656323992744.70512168233607408943250682249599855666994705249108339748411701586697697330437317031127256507148397147892685959671706991696361260477375076397972256637683918195749621195431020353748972501737933646168687555225955895960800958768773144634130571433764123096694833602610637169072934425640501561
-1816972762581834605414.27465052523327570791950837518379724021348249182733742755877053692861903951483501879008661924041296920700037608537286666350822480822135705238589606994125931806599805886550185483793453508229592649719102578717207319474485434837942325304526169227376611233264982664525912066508931194184368566
1101620074390719673959.68792323176127256500016726566277742372961844149778031559073741212543146405257904868378794400286304521893109844107066768127325631316909763083064354280886713676720665608871447407835323847631904525545774286689236808245945747244240904905541423724958966932846666306957290134575478226305967789
-943736765651670961031.238687434332289600476483204353105091170465893891917412555556899166393307805739975014432233198628928410880325738883072645862074635741050920651331667135567768128900471223039466972431784757418292915687212866707540010509924225355961142491367984186111731250961699295022598913052003407914396491
904965156495464987014.67529375525036815537078188230551562174319914506290502634744106256005131355252888393243086480047115574475046965802465806691701969921491782790416356133087504557210282869558294063215717619278815848194566870951083903790860743259466803053858013858535931128771072564403220762328618380745945339
-944033635865600628370.956777619536891401090836854939870091094294717156983482160449662820085274520838140827465946284193019927252131729698874743901365939711053868286803926092012566027506463979172231688678497673281481804891174152652375643047117304841186286765899754441131853837774164318813362153440784170869356408
1031589316582519619249.77648201523388007607899224612344897312361102436439746108058364486222646747382541637679375852657462482635165894346169549182287516931508325915371352542292505979634184332754115396232103735301947062131666448297255169443352756554060999383877538153393975262417781130348794615957502228648778149
-1183475436254484443397.46375879863120139156011554764884489655767508544116275201582841792198729669179277985936762009568479468117639165024058869906277430822353360494534393343079121158200100972962146988119382064296381928649875838266729527812074527334562506203115992942972096128712677798829321236224722597701584868
1394786324051161704123.21279064970627560016602740369035849160394493447495603946763786585941318122249624364515455983202431147078852549643637956132197467365703921135589683465042968145635948436172364542261682788398783232788888873655337044392404019223078539838145150684501783263319157443902474076571001681981311476
-1689245002415954070129.39915244081165430847555379349824089219511713947048772116252066118873865340885954831786632741275181086368944144440873102895627013322321872153758931086301955273349978630968526492316428285485686100463631817519863385886658312524268806358975403294968943549588849370023792335084254504398442821
2066297969339955925031.60462523575361394783825588086601858036521793995164806136302751889033021172888688658563928472236807017357668435029080573357449396585611402117833840992607083877139543673684207892198247384309552491834925131734970992888882886768154637966076359914199052021140337250620947353341584402578683499
-2528793792759786202902.46224238660963062087326236288882593873382270022001267743463944886336629222835208166043727769887686086303157553591101718547182401405286067741371897547604770255143762911055365186585512440819235259960779792260619559846294820787248894801556279697533383379932916419922687118887944354002130025
3056716036207647394631.07852640642545409955647258369803290543916829771049857440348071506850788151507353718469301757288804519908735619659505246494820803316930959124868257268141883224751050708842647025515296055783745454674842676414966198552021320368180973275158224042714741739462849445081086984421024967263835565
-3543046749436334513195.10219637686975608928197231490382012975332501482389335682376880027628558232350674693549594191239062442929474106821340430568242735109710714616667427482833791199830980281589827282371553031908947903099412125280232522316357286669400377677938167289561291567889673670139469607264129511573563778
3914034190147287213422.53781971585226630097486698168950638505127405529857852184397666442018920597378794711018229103597378602062720519264573755193641748153173513002493325646981789769128732132246254727408407360904459298971439507690710659340081406618179400568783373414675633587369846430637074747506205096244737415
-3825103837975085483957.69409922748716270512078529929834895959026904941795500460009880126992728560362344491242913423955517492424339846339960727034163731404726305817555477570854033978690173436331576245827928349571573002222578926721943046540389711822940340319015184577517653462625860367924109506965839351308419683
3278329200534354216294.76869054396855000209125530824800303081676932197222374964186069804379766169426513314659128529781145166075176897285425645210189572859172311164160122142457509765939473821785798484105255202943909067481133346832622504502193633821113690036475958017469735740226859130999610071530546892205195633
-2061594968656790045824.39696793370739300923123373830173111459163796422969448843391824361510492713422635035097429096740873846259060646306082800064727921125334554052004716975966814673634706351632852092119212326972451778245434340537991029073149649397984169719255570531017869955079106404057908688924896565873993377
821327243908750851342.486311153078662851013377995642180314001609563553166009572869549732278751292948351499987566628505616892679037728023626618331280735550294387643588863242915061512968579351304677309672519845527598183513888806377551566879386778552841295036203154251985015062669945360471110429538895088062263906
