19 1
6.52969819118531968053119766112908344264054210705495445354953621999766150228588717148058348345451399105885103624549311613539923084882161370777785605815141534133238681474596807072807918976042691346401753515188805767715859079370237046090426060807689600571810583720905613117666406411681663626447776826887787595975e-38
-9.88741091448725502975269914324334371012660293450025608756804375850961105611428992137002169434990020175232438269539101358383420016435246337601018159855483953630233249628165910076014489386409115062624039272327718476019141246382509988868510545261115165186135092473228876153906827582250447359551177149703026253157e-38
6.04506375010141423885535135374790644845841933103219498038002552871489857622975682490158906350483141898323371526990109726921316898671153685276094695474189217360148126541878583832953157102201705974422864922180020166824736551455463683768020168215828977976813161433539787315949403390859061035348468654793088559799e-38
-5.16426610002316828557405270172910217880831876546579321914663424137206843345190996744471117972088846172603672685681784080399694138198927479221618667081767897741921603496196982876233436069563758803435897840178580240208323318944564448043871277154656337460283474553068045037070313579715501019039413578034123842154e-38
4.95686072499800658852074089758443331951042653057402718695135955769203575566919226217258693973391372459500217664961902259899237423514116554211480716633340223085795968664450302806880559915487455555713050362963548693984591013207921441867318270936957837245197455264170112370320367589650996702832241209015312569627e-38
-5.11527619634759241389064878762953797274530371422054445802758526414190692718039372246135030550629064428604551263761815985669404580231716375210666381011835509984676558613090380107212263602399758657908934142044237374736199717021800234786654645632491541741026457213122524240733699474007890748283899658719092325938e-38
5.5683472025320811684079827926282343969272525143310542812603373461332518144100878019989033240850839355541148345529024959152435813270446026703160854585963195209157726849569454026187356403777687783773305895611356517441341743218194892779801733699208997561795265115900727257386199100812461814046554415876907168473e-38
-6.31797691519124473315919897722203062787076602306093721810186735645275015775270008090709580212947191309967136331968827228986211673500343014975974511510762646303032817842821247143260095155415828163723965311505247496457435658393825233299092736654965355173731181363911524470056317346627834367618427800025519106162e-38
7.39907765571785333827504364602562009030609757345685523954500033806711420064722639821393915328607463276853933855802122807233504872478975268003717333402262051229637385881645499867966545356497722412036766199812349219967459758798304224363371509505538741034592822286943632789071449787879571313585475421760561265784e-38
-8.85874744914677359808640712163065786482423203932598286290042619211721767333055287972124813949764739481024171788010946431022461745719157768491035107855253607269693031518408263525588420328588273051903046261643469513638531699499848982746830367678378918330144524415892814948309626932634832453436432039241957852517e-38
1.07300782139410377332805976393568452198726414572550443385676826465962908820731681997929210840560260164823641307970246219911783404086138777507166678715977186602617538816244444470038577787017258980889882427622021614097213154662277678779123961343711478283903321940351944784821484941812698687873278778795406666095e-37
-1.2986071938838128258273751811394700465384879420690520365356753898644190320650091407230680499854375220051238989403167903338541612210284806826471193632398165253411464199792108928603027015603420822324703641345315435582002114522248193865187528433044630410830694941076001169786109105538291204932590599405919546587e-37
1.54623700619137386719854286623323228693029352714657146866977393313009417143244806299168790704732492154003409395604131651295433661854709236880132553753888911233168324976677615452130141359001930845533563481597048804689458253711675726917628495463640351516863054547177124411546570127379845506731912983496799367615e-37
-1.77512449834297378037321958508636644044070310310382164386408186895306615247654688054770166995778028775016841740049664886618936648243305878014252413219928520026698197692238157501142628400893566008996691138478522262998873512317669231154257870728386827471453867959057066051233698458103910053747448892241946016468e-37
1.91129205511063626421768115677279039944854327084613537462942088856739293342438128092431291042863824596556546960398804097858384128060699720929230535450188503432555904021653121691805687409590298103657915175452819165161837544048899392157449822704767047536756431626312443341706725131718213004820804924257797962993e-37
-1.853913940627921175144808379240967503363721634060414754272775389267899518220938936525337480574418816072762599387039404624056963062399329242405894293037462941060030344364236226547056017262322937114639301842829177302480660115109602767808043552002857935716810690610105597531553161500862395697393110312350337994e-37
1.51965984197818066291027421035668332322560528691359798880349349330940910184358715357058757016100757690445580208692120172975793818535535422179612175143440938572573491796026234275513060582073462682775122474036025157615207513931838764232699466452955873074947957000791584530537048357968561521843718242276589811989e-37
-9.36284616327029738517906932981370004046713917944656020104347920919885545825562786301030447121186730223289726541561703285237431526557541220404118804477454209860902714616080499796479612334494137601731527579934561788774741166010868817548123862128872750155806610318183355896652274682017442630204301427319670857727e-38
3.25385239431679142603291765287813702954893807374963437633715140324286581348821724790050476214913384087568437848664243831188131815489120503047700854693934081412755934083629878119284765015179542616670122296100064567838546355617749068526544640042265408932670860249642675373349624201976677739957381369005949516712e-38
