19 1
1.04794688007936754150627383341542975112848711742382349086350874331306288707166973692623417505504104516689075581806623923732183199255452193097515459103463880113367004790920794300526283741942438599176400793614199367189279751607255068702664149606754900136135294873300480450852653855652602130458706693945484064525e-41
-1.58682393957130763133218005291523955077724750044596452792995124502851053567131649287867736914089962429135571708010968890600008840299110265110926042996537903782550842646301290346162425546648179342861899365056444092814822867979708056952603245175236242770386478080227741047072761881851668770994477558730058873546e-41
9.70168217194179787128879851908823494909509980066988993612397472400877259695317481188651059734071142259510188540576710966086682148563454847153670695600520122278018731660824829796997464444297238601420942603302556543937336704200275136223899581952787244331004227448285359600649484881948788812433750996971830452721e-42
-8.28809585884238290768690984874222023545768742079698271056916035230711802542794957307799109018223449261137642095478373574609805558920485325231151636614413059386225275693126948741956318349003145371592540959064824339498147713248731948067272224597637809440146027081245902840261166164019726624377304542293088170418e-42
7.95523225100787857451033459619664877033308143931119198227053174103850290635427701410483176277179005133535469527737175714332625680666926292027175330888734505314675301802500234507276050354159451092682591907388451212386370096459102982543943945248004633953671118538890474929494129631052902531352588935484800972795e-42
-8.20947200853346294700582502314187892290759118204820833254843797472058212346188744295345876314964281817799474097960260816625630798352523690600481064347348718123776563263160912103383349502447822782243254646453754287721194763641611396269980937062506324362237239262803780999441446042556581205688275919780755383859e-42
8.93660237121770498492349857658735486559156133835130064188089360619149649556824971428415406573287168208951616283069872066084346405372708426685378724029918588128728979639460247844650579687144864343577492703454621974487791780786379243460988171317625661360638614184821840846959124858686465477338905431044968813894e-42
-1.013967768170333123472749871031018715118984763028869348926650895299649788198201882124043068662913135244732170201906190825315409115934396480662302345632472549961734449226773203025447590622513990535425474940147115672988475083107673015856111496119988055074336459820763143301072796361953145629697601301099081393e-41
1.18747284246878130848060745733492963242815405848661123840213913360963771270670706703738482803602868130222800651856645251981922329259786402556324761876272032904023281130821864510539669907908144870004408903367764555439668832269171330876744842828444666084865469369884967505788883977779755080176467570893684352582e-41
-1.42173418136979954446466365901365128709242836828810510298577031955391295210923826221363477090933796475924701952794530282836829730555843497565535225567860614669839447104430235650315820539992320127794041744231537621676260135009949844802649910875176565627883401297292018701020188604967400820949164781651425580244e-41
1.72206267331266506769223644246810346297989089866409211335127797804826042610896396308720073359999064998124613507581383786364197433285590396231011728033561345207103819360386711774138931538235554309923798658829140024703158754561469678917122640254961992014576294125342448155294068176828975585534602894709985641172e-41
-2.0841254141293682027589620450164164543379127502588337980245742157027999674970268248777645059901273930271092460290973310043988252101310981940120220678291543785861563413951725944329767918811332761935850347243525998192100132093710003209705244931191442555390835228650204901823723464516071492039313335768408372607e-41
2.48154460315891440750507155216726631772688405182519634336073184441824419517132806674345879447448619725697924632270832533871459107748174572889058855231680159350790708178918718838796568669167650757562893793049091698694237307979553803531298110133529311711421768876764666805966405533245451158526567545952296316563e-41
-2.84888432510269759489512037849649050448536238519615051846174835649485674321430328130851319197594874483045987227087623209022413791771758613472709954372710012466953736739704021751666566110848878286341556038857325514420003175020788528879018089045575121374318543561336096004011695662726744843398268082416056887454e-41
3.06741845358672095208642796886486915613519021523441655364548773220263193721556473869090732242962610393303803646977956557599336308635449817007513339600628448455170848082060998480333028427450904749152129323681530472885340358373000650962744654630469864682009768452146633607297085030908435945270479375169931936991e-41
-2.97533254729934710768604399596635331063446650554440314926582517260787585449827255053605130035579282488484566183672908628033372378637337561862932499705570187151000370771041937341469570555745522358354650057133081833821689904595440618034596313828417432818041505477709026345693571805821407088823741644804803006e-41
2.43889048539109726935723865201666211154432560962134515092749318307676240225597171591588644894202505192788727022435671205214785718562037479033985225624691387217362651744325885681560947781140458118583571645534322782925128294977422846476023468326547266757129744834831736435019401167945031171610645199791913014352e-41
-1.50263592423710551985599012270152360378774866354148251733541054556631296458129028226350530786471937219802495493197446173909441416474068552667785762231945046540140240324682286352137038775686870366919663378558077316881731893513750486616952347588940784508162977566530935031203779837865003105740964768038705678403e-41
5.22208207362904247836689324100312044975401878566765759049732919510388904274367869319313671003282099006326552167151083153763295094335481820060867980785845918824717485660534935262630146445971124500413084396481632955746156000515043587990500092917823888614793150761474347229772795876209521903968324686274729174002e-42
