19 1
6.5297031171296717818034857338915239389708512572845191875835645329346669935261474016302967871751924194084327266662168677343219644732049071445876856409551745689151690904073029040492185730987003759071339245772749260544126587349650754659795239935409766877469938564946141287169553750951208180714226130053609990918e-38
-9.88741837495288490727653814768379113000844690069318024590528036359666190876126319969344316672770647872452827514941350092873504467580197329359114766360782427148559003839756533370858383577539899569058857199440689617027791232712259163295764112380642345341425708578208778629489107838276113926957425669161223667923e-38
6.04506831592115077963516389758752828137907157631131122773904505457385851254936317130063037079972964038746439359930123064625775328928440980115131730003957708136188488165053422847983479419723790912222013827236276976593400350384821545260095717794220236008413651139879521691868267663216269051833609836984026655761e-38
-5.1642700076001264782174230391171922755531122451823695074263552594569641603018548778974793272619564757058357560487107380731566993167875733325662781178284114462732063416996213304233810667750633940767681278619280734466418937641657589727802170642194780236983772774889960043145410394102982779735151786312163606871e-38
4.95686448537473879605348957739591662974595853101506613662372681667142679476320124901729119866482930658512858875205199336118518003446285682968857928447646388541011549706267640518494962200864682517170252925403560992738806731829306017991280064561953514537378987760494369572167306026081411059705832057077998137084e-38
-5.11528009003807018727766571068132802606905147323673092893473919375107193276248634538141357100871049774557489749767715408278269986115424062937309712298063942279798834906518395734476454274687961045556596148889528792611071988604323125883191846944676036884934050372511842248616512011893128324334276356343744358562e-38
5.56835145875984246785762005481679986313651366579464477859582561494347333595116263404846766941662660502802350859318143664663651049904573656717040841605684951235107558991690968986972760292191025799206707712511705490635414028920854070605373786402075328559374548615018802047939153276666040500388788746764570422217e-38
-6.31798176826729619997309097287685716026874965130108640434280509145602160697952443468074914162293098451715849401711623530341667489370752441142794948997805684568179930852775934341188826487652868369923122254388091815573990652810415720551387623050504235892924773239001528704716424754739680210877082101303594455902e-38
7.39908337164249136874604743165829048701958535640498511680851712053826415090430061574484492782571235250873342191995036259351050744789087558241548483504972458324893396814284961758496004825521467365790919343529829687068806517907211920247470442405465981920171300539980605444709759437455153151976526423827053666566e-38
-8.85875433685537646157847598958954091753133724658638371138474602351578419976492470810916152911280069282332023934444630686094258337800652213685993313961173153722174313207550688881482044422135860509246226684073780589890263510092558599139548626165103313833643921266773089583544744032290363449965181515407669724024e-38
1.07300866165907505836570518420644391789382049941774492407139123664058804789279907670984420413296036345344103337417162415665954821382634514257467486304565155400769636180308587432288848921270724336039216806332714471926232493572569457071039853561782133513706203414265038673540697936780906341526692073141920390211e-37
-1.29860821885720535984574360813634680040656356163344664445614459403238059876449746799912025350241317167692581218610240573622105469737201345355831799936101527798822081581515025924552878852066213459884797991156768082882587570864161965752841802981519900869063244939966787257092361844486346933452087132991043223501e-37
1.54623823712687100645734802342882385265508955986227308709508403896996899123899581404743148509182426254168520372364569376672525240439122786401083778267241570083926816655931163486018978464605604917231196497265000559445841084405218108967706188802870172464106920901667100760683910900647391823513608536303317710039e-37
-1.775125924632070396479213194661314330229895255300027141649221502215001470741658525480574447645423958859463115865011642449897922187213398020488024020001586024342377870106105173005425648974987888236143802122465365508393982071221993172149154893691219407593523165096825935490809294310521287624621660000440637897e-37
1.91129360611121866339434125037545555300908643370092016557135632295663063125654684974514007735553695500398037157070742040881553631873959673249257717731946007269912784335294452193690037583993306478056267078402313518360899189765360098327842751163378493143416121749164967065336563712052501007524563452808416703654e-37
-1.85391546103006740963508863979320044699809765494542291205575034533037082218842994271715267259733353376760566166445399176573738467488489306089043827531695115043962475105545229393085925942678913595243664804909979371609229592110340900127571686128825899778257764495562321330457478645460797043434492450825536540566e-37
1.51966110226085316798857524564418221379348325314114925203979688562449166592310640476506304313101599247726346058595471394891508228128770024385052654326560738592798801144685938316910131270420392738542646243370554592142496107068248278619990250411877986205440891049259631586668571303930807351375894584691514073456e-37
-9.36285401999196338274079909550890496178062767520835111581761634984642956238112606442544214468391723012098600869575676158790742680027869923395660220839942745787460800953975924946296627225881907489818269969758261762932501876521348484055235597421971618780365506224690932227819548629135839466639652061322046446734e-38
3.25385515866515597985374621916695532874014332446897080615602358402751973837348269892221044844019821446935874242543498088594990597084866273993516841386269091979684443896616899277175344592747045551510646620920999529242736522908291193172262681233311777219426730062289993897955717342604995411309240910001091322439e-38
