19 1
6.52970816376662794896821386021495588055016639659272272650947388878624769327345199519788026020982819651728031347653431107280361065840941403738416284105712962487734120892559057808706912232477065827693752800081546825478200464985022708222468256903914653669264456479364372751129570193945956597452351271198748539917e-38
-9.88742601821063296503198914778451883620803009743208538022820142787019595461572060342056577620139546847638770344061252591611685487457361595754321443709033488430140969696956776871841374092452653883121740138100502710701654868965110663223663017575993053045549132638236839046550724909741951270812802657870158922011e-38
6.04507299361050813031329766280751764337129464263700015823204507331795899410643602232163400834078206211627267304668949279964303574356102568229951466197771050102281728253178031146829243719350145080365767136515490239655506100651977163759929243582786643365375636315642305648018330708928475476969290166729129708467e-38
-5.16427401091948424065181834271413693061517731313738112835120645857114215229156513426216770057290817759975786851830818244215063750603813290275319642802361168268397739468301883911741045278806346722900418237831265940524242773002078567062627723526493231809429738289583041357930300645953052014082588776198311314806e-38
4.95686833788823636098402532600342662767392514824460792496169543070247046765853613212135244832152689280731096143271924169458052165136074532613263766278513074383418510151155269555134087458440811543058496826229759345779647429351217941817147978507892023497587506565209229928048060335760796775511101663539036698253e-38
-5.11528407913314860069304283302468263418259903417741477941552455708140970000990121991739972384021215369798302380800825286400667354829183203247237227341124310953118309974558786434865480907736738732290022545229246951251287553387403072655243449909263492605515561154131267772870619735568065627298434837713782349915e-38
5.56835581927707457962902571905199561533664334597965536556017189676297804417918677111183901525998477283151550274420543241653468683325116082726360214904803412519474776666064579696201453886008460547202086035880304876918846843731770346737595315138653224805258787747325213936678000525898250496676195050553009129145e-38
-6.31798674025976026229956605387462066425404422489345002531857301112292820555522508563217095233575105781792456719680433538128720217523047272639237230969405860365171874757142028358022838874843499412414335107991398921432460971887387018181655336146252740169236570294809612517200675241365950452735226178349319271559e-38
7.39908922762955447027463477302507518899772677800792751402406447525931637215465103997730721993064874009696476308350706566863409119519268923865112776831811195038247157630010925838181455704854997454461651434638465480857933706395408087588973805260528541558798401633178946833078489076229973728247058464960157522755e-38
-8.85876139334424213983271560673907330815471086140067112634403797739424765022373759799038622766792330668659347551600930911144955456813355105529739515168126837594123613521734688501217854534861972755605881065116537220190957650000782602868794045228091441732579266035055649920265551901036471703529383236129793347996e-38
1.0730095225149852098408669458886300532162224143779054260617349712287907253693938763213892748631748620000297580879837154809582116928452521866858337268035615551939523830591205543360493429942283984801064983817143691726080667040118245372445473465253131941809783924470496053385524601290323694393671625811163613405e-37
-1.29860926894869142680405491070413862089015357354201871611891599154508876708809757918551837864525116880692166825592434682201311029389303203680459175776589637341524227296882602171710453147421891546058806528470815205961933069888436593038191259221903854469756228160235707172487886703245286059458697564522444286284e-37
1.5462394982288529184397091501657357652671478308974154286512597951941538816261521226752703428404327899861137808150399661154431042540377861934419417675871358988011959463781932235355250978925912180257807146522453856141145506143127227289688165964457893531501801763472226902039261789511999870192099169103558749387e-37
-1.7751273858764945157244087148329202572561612067789598329161759243976210163299935670484210637032227312363793983164255523771153377663504173929386522235199826755437522036222879145227855114673715918376948573221263198875449585767505815861837942529630833891442229650687047304317281132177157418337014502094890943259e-37
1.91129519512506737248573456571231466013979802898188562310585470267997336444619230812783046940729733864171574799247973212697555124589742483085204436039054388857514405785455379151940303344749988407296926749407399554135551142085567130198016531074078974721129781967357074415732950488129448584784767725363700654894e-37
-1.8539170186971222173320858182095915609663743795441803745670910212896394776150487740400896045668888842201687848565350914804396980783764640372621185455895934253098047593274849414924128427996552175711773721756127560083278509644604578403698299043838332469154602638723162637270066431755117266408123975353339228037e-37
1.51966239343429947855142486892767946649807746327470168935850433626187284470509897982132157158135345767415283212113691244539702983388664687839070168222021428148141405509832313249543414834681605886230710248804224578461517070885350764975676899766817128889364874318528977486048248821749237194251893321181883353256e-37
-9.36286206929853072886046832486849200960533404239608215965893456742820696336221654355517872650608972809899083943785218752422914778492714460454480600508184354047894800097785957550803685726278802801436517358853160440374840891055787474648979913772100901336907314758224505433661609207800481125250469039878506079407e-38
3.25385799077680151966157293947677226721675221446133280469654839664381510505478993396610022627756663790948415866735564707588358865607489614726733674423291699569844705296795366883951150829678823511735977090395220893527927322475192207578358159083488489070191854905851403444467425115511391207063781381623975989755e-38
