19 1
6.5297038335342843640619038665217570289917621314566700822335761075012075048955956553646003446090749158662800069235839753617562465930877170181184078585013413277901314800099099928977330012203743207995080813293793242723930926726941026144622267993125613332628739225357449888668286705189338875808977726634115343131e-38
-9.88741945996555856851833186654373341354399795334391473503389784476747993428964094985611024458515949242247721753371840621144445584525523425444836028634364173726654096914344113044209852062089037160988900881243974340553347486912711563922250215866711948107934513458184283293212461910533595044457349630780957125423e-38
6.04506897995109408327981454913096541425779316699658179072627998992912495581593530960517891908737463549800965786847711495672554800184019106483911760240503137574424337792397384685298845216215921066822540598451513213507114772293928995963047736933679229174942975099835068044166294198351666408868770705965427059821e-38
-5.16427057589859813308624113727155095114109818973021253483867900946510118634764443191522307007495644281976545429289736501506494179650401649637930216022183057011308538985847525990370209827864540820349758117632988876645673928819224161932454080722093178437008486134430904813632988904885991251629315353005913788375e-38
4.95686503226522744658699387840410763169146533033671806985782908002960537735499242660064178418816313371534252349029521107142009511694111883274000179022144071164565557508468331314360931284024026273846286654929279341505626854304464056072429874443655840979034872946993094110478183142696466657452702910171149231804e-38
-5.1152806563171579704407520384693799742395680077147794615126921192091715190109554393463289489015839496348483977897580280548032046986133107237948719987978096318087269065825239241418110786243574821385359331389461805831051986149296082224982519625502384444642721710662900979429699203909360859079409419199226084487e-38
5.56835207776470878147253959268656403732339810933983870544761800962309415830276122416209980132057474696152047522378755478938296045594788938823216726839383084195332024329928288556147222247551038716915860414729822571485091197265933971115949188828182046814488831959473067086403811844720432392600567621859486756558e-38
-6.31798247407504741660303759706429410806510297273794661289966980041495558103654534641485012556956600502652485240173196281151757030586929130969644445187722961335627276694590799713916841327798187004621044065375580596069355467572685940612675499514342750449037176028585973309742675756167846172031952855203792326141e-38
7.39908420293901060041576948678979454458937354847635293259803384946827554325161129966040353364276823693288178315015864847613439917031956991049419476155993567498803904638361753191914827137870167685732571442803848699423974958560503005931164612208624011029437084339639922547259405056824993696206604286762814876326e-38
-8.85875533857087259812999478869320538323451188314689939762185744681071331133513859329927695913301550574099960507406652356258609767192863425934963586225491724380608285035619381674789625407639729152329425396095337722425303277522413933554879233375171566093034736633293030040131635628259048891499205012219460399046e-38
1.07300878386325533331232715467257577243422310714404447910585004114826162029762113131082727166691946863139526314385143006805522355424572469766443441744433321804417517452594436419926304412878747856589724633514072113277548470759176722410331460646639639410706580956692524357380402652213291403872259104203243677002e-37
-1.29860836792457453841451211855913714455386527861974008212444100271535077727515276628453445627046729470012063845962567753011563493202291765818898573476484305037119513624130730874165021521791184151377849203803264759087556625814694047864030553638488454379371449222428611418968935715429354404689734271462717780895e-37
1.54623841614849757155360476688188771307917222512196841785968125085426238118087761623897274265565131772754509762950829932827160327047527994089054068930846522267379143843763089414358439931163642327396376360276047932700383373729046742527972588365520540073503952391333043959494474786333591940553968848397471652786e-37
-1.77512613206513676572267003436448602491465504680040267822457584359103811408275680715281467590318445388918491000480343275155446524118329470775435070769367438616440480161111441507353385844195095476601983794286499577438495142827347360764454158557739784128039190102222241330677658445606652388036093147206663793138e-37
1.91129383168188472104797171829508032218384799210233620587482179184461904757056436975889460483551721779106467314597347042816171270371488656464043129030778188842713822240281989406939677206905184047404831029701521904081683643900420640314384438463510777893536697836017882706387676803210216946952011761810138517464e-37
-1.85391568215075885691231480624473769263755216129099790543330221152724915816332790857695966730155487341608787773605295634089621845459297930039065531446860584068856340934786100759615893014382521203106459182860640244081226201082397883904730425683021867798039171012322142449736904638612966033134035022163937723491e-37
1.51966128555100695108102230292912624415036948506480218517564816439330159027707473173284044655796654595815466439018395063406668555381877929517005183474892270364950459412167636467755938505807256731873126375682723543814228722538529354334260065946723630904597115602799923537261733669983298483754247536512132597957e-37
-9.36285516264087412121100419312849351213190785304920899539330065494971786464357004777991652287976201591640694944603868524586879640535468717052192025367671954497985574966050536687297319151727916098307650883324300335368933142711665984573145946494212965105645557519885891027693932094528222424117927400719669752621e-38
3.25385556070074160613716053759734534088049858788317311609173390040656961471623855459892069018753741839126873580573047750516995323108758135692594760920166320844368486547304698553170003425620982679786116365509378708172397776899803406221974655244277275158835217820161961861614425849268793754984514811516848732052e-38
