19 1
1.04794731804099991195286091124060218447864960035137588834532042376604778548656028069023949804254073982442878860912230617924049411957244880310955327237319879859479376333734703323747580818843391052659538063783218404162947864735428601920042617412727095588505327533590733140698086602538609189566088092096437972664e-41
-1.58682460278736929259248874527279125759145848364184676789978422827429765084967434209896296867703610667320335948013912260329156391069304470123451709645877915955878223386422939685838140618919208758693100154615793272171103573469186548560532153629362282790347537358384315504481805469225766687796041051780219292522e-41
9.70168622815503713937033519114339032428819150626013709281841946165071625968322154460991971392457863587830876140184427605445920700425325405781469322663365680228916250957899420881579807376972371373976924727864529806116370771386927306713810298768655870558473689034658415983621333526033420252335899187928963043388e-42
-8.28809932616117429327923924477463540617557714615355948634451751194759085241831721241610570026058941790013239557599697060240953578323694491202088881358318909561215046907555430489536373749724470355171567927794208191173924579934203117585922363561005547553297896686084016875236448519856162598901917169194782875544e-42
7.95523558200883204677273562750741491888060806310545381485797117594908413759995466091767755135413097656027543154496133752181210421361675372259555916064493567447508854197687440298294910365113632934577766996478987138169310726878876761390228591050197376659835817363987124495464376816189185776972366496515547594183e-42
-8.20947544995053127463446238928150664348750975091575863162264902283438110780294684539479434712469943251575418091947110342752914285399811255313387189376421811821442877797656258625197988491296935890695395623753784965106367753189586309956321809151574340031640089117772733454718237178299636387283892609437948363974e-42
8.93660612277516051694099048845968029554425787271225381182932235711615077418748107477700990244894562242046922623937757188887321057995957767064803956900685393097282639243403752229556306492118031399223868328294829783049265700590293580058187046298487508668088971472774342356274787658344639319466886185445780020901e-42
-1.0139681945503101382398309046195229187502676454023625303562218789385552793260749737177621439448013060673080718380007172738190109460898069090233476993586356128322687776599390289011503293383554210631637109298878244196962893318326482204572290048029273834003922701359118947509751910039626526386433545470862715869e-41
1.18747334278620937221600060366021996133749163791275871569118455992726694799417721295747651513809921760935679916477905266071104971351151096612641851411325016861961233189126638512329353954396234170904295651999415209933906289697219124555353568347816627677421862355768251744380354812010835774764007075764590274654e-41
-1.42173478172015488814529337068642286035944607561740247134236053816320443210360758504546917919092556480636231204085247482849617872583181185919552425949652842605178266022540429418984326665020726523181787794149711189172552588098759313686960948609148268026328087192665010529405386035545719674496253591297951866049e-41
1.722063402290128126851215638531233041096044703304501920881049775070299468511881069606075600609347005572728002112305599873858459075237524426355447103042922792392352360377372661375275695508287575300458542567249338417764635656361228917022232178471715472170810172358246636797015973099129810174073133713275673442e-41
-2.08412629879933530710362276781288446377615097363200282679190024851396682255452617023776710995723316056889852612199374178377627674971045377884491038856939018129834176743878616062342397565488581245571112109459914431910634215359893271974786883531123098226008762934361106305586206688324418915234887380967970758199e-41
2.48154565969508758196004664362699938265137012366317227895728928753980320296697888796398186981826122991921708537975344960076749854933133567556121397795465403991813445791567524934004339873871990783291646668194315165283805909906100637097660669709146521115848895198904887332533658109379730785166669932199501649816e-41
-2.84888554199878570474965051921870960623590824907026685513200374601133324617554475672872638565068727514526768396597737788200910929611203636497968606288598154144299038214949627002457365084298741114782806982409079026075833968851902196194816124290747445275298261328559562513211231549292255119933500365194070676477e-41
3.0674197684437798610166946689376571104967350213368197606173155016153131486600169813257764694214645754006403756566334484465614420299344939773064281474559680074568182790629604838538728976989617886562814291698317749344556493556540273323927614917368041419012363637536574339002997773690213196983369228742385981563e-41
-2.97533382749731119898958167064654233565549982184343619926735074598364192712010551364305605677977983821056512570920984433200828758400919733595253724459314617453213131544268747565927553192409486165593765037303835111912923269921097614098802774698335509809298911820133353932636611755374707783974002914358884207413e-41
2.43889153899661606146406318749460893532668597576543156911380592093940614049318705883097211800634774985628125597632214154669219333512665140930808525508187747168580381810644222660749567066423877821502030806959429068341981678558112014647692895622923208994047974110232280291799473345275468957832172880012582282629e-41
-1.50263657615112023011334210693977540140732577286753152855156042459687441222564571541276683971359732896262721870850038454951097920110369095526419980370129388598091120293021391294038693492049783755631783683844154448310957674780228169536065624447356640827006489711750341821536315235717474359989236775628655526897e-41
5.22208434944093222021908491233262837652670294449462550424786710417853636877939013521562884284528818643402831336772826122511369917789730138165311989775407446400125238892039455208617626458304260907204139285909446753036415957622140547843780058757832588700842048194005447783186626665345519403855007929786128972538e-42
