19 1
6.52970727652191140422495284732202604352969067771486986335337309154911607523915166543676385051255215257635088252658440666784461314010183235878455622612329540875442078170350534517627437229498042213436528421966404351319793551048149730756897732015662111648549325003485362638642356052380606786000886270655052006439e-38
-9.88742467445633255117235713239027510534842100779485125575257935052523798011969871077365937962975803227450194724790450080691017912692827054391225573644482930908830024488766860948130986262456751797046676090291680033303740491373742495723309048271422523322345385275526941348205764770551449462893974128314956179376e-38
6.04507217123009560036084925161132138774598506285308050550200954914110486120058302447262026912781706378726702385586281289019629903657818126014730465251371532372316170306042856921818677121190982142523600841965903132737232271255245213609553353718379960506533686916517093978034104377744490425722223037367547262164e-38
-5.16427330709940828953457662163468169726520492791638321898615234374622788720182526426698951829584062320008773376383599391772421224285898179198859601113889946007925555742471389491739161094840125236846143736343691741464854421368336871807477161452372509112120235248913265762624606332606311890588623841507577689795e-38
4.95686766058113172329677252682347043469142115695730029354283001603396935598255738817901017032977504008098804568229409967349449267862896296174029266622585895713610877901238099239104441568816879351525163546686737615088583269128068836521786850133372875267026500740105881946073882559180108144150149152876799239508e-38
-5.11528337781365188073354191637946945697978423292916858497294108764063821522800881816369813532902130578246145147231874269142314547049797461259261849801301052493765403641277153090885096312145917686278650660737715987700525938755347331160717772050526697323606203821275165216088505766045661238475389305134386604065e-38
5.56835505265802158574184105075912503373119578442376427487545009201687395061907904269305472591989759724819691124598577504892957797740166913409293578983813035388990111710000834419602394341194094475414209288592957833658832797823433735544744903168853099352996877267381214295814248233969410706525786319445106343578e-38
-6.31798586613755260979191898839542545628364054141978611475022198828269766089575082203529480468308242563917786739153790300214323385913648661336252045935782741090945955898471993931479546833318329045160279154328061099731348941577026594650103324933624479028172708235865359273895168867281333471583486598235305656622e-38
7.39908819809268317782363463940086163208526592499949999097766120398717740461916299966542147613692689175959975607954359320681068485514215291053473300799314655192457216321304995086962442972958149594950050391304463587040703584346617726384808708138618895651170584847200265804305930695062168197876299977309916211121e-38
-8.85876015274767874466830196715884657923169941354317416711100548580172858600952983425231183859194759190473930369228892115623293800243810362388730397612644446625158295359407381521493057186650224693820655133632956410619001364731168652840819977978920057424017091181351079188758036844459567616508030309657126166823e-38
1.07300937116844129724307364834707859124443843709394511714159852863343750642510820125604156102358922590458516003595899171718434818685938912305942734232171549990227893696121142009539072275385138780788791292032141617945708462173797318669206435953558998090617310643802727493263687339297168184463509808879853907339e-37
-1.29860908433269814233218907841508597970629370729912819214667355754119004869465638588931073882531410177666182028129922843920077485102201711726822260358054984736521603321197769767957769215593736691684988700806653919428683178487823849851198464735581017040485798339586429363202274704850073338765885031127629527962e-37
1.54623927651514516137483235997255495882140195286239190174701867138118234791619240869195046041579234172358096304419071852974070424177406291358761945344739819608253008390495201201985447192813956941496633873475677955315853633095640776451547730551533371167510189813462573476622200638981709321456588824101901255267e-37
-1.77512712897574760810738214774173722408455038519069878930633875262603877508109278790651739312556352086952919627098814466572048197433701195775552393348058002194603638737690829221511096618520589307635328937208054955010672459426941941212756885311010143393572779242488677208325416378702965987216735399520401617779e-37
1.91129491576112191071773701543217579644881838184922292276645488865449406096040473694529480863268847978789393792704315701124183786597637795110031426426933850989515461144498784100042067560619825737513008119043368050268968612204880076681217185435858915925320637923232742802334106748196896993026259924852210825218e-37
-1.85391674484412986030517194334052816060087423366573128911561368953339652640815363247548047130805165978207967043639886039911777433341352240699094387334738284204295659155044765968609249163037974126258999597830884541263653233360227694809573657706507527723557705109300836642317863960213527593443531655894449028388e-37
1.51966216643337085858193743725244294617418106530643417698772269586821846680959466079250332723638072027389179298809667457189002347938318748443560064982358787806299146857750526586559350535446523308573495190039449140496013484936758711895266470492140631779784660034366533583519338402704707127808900209993464340648e-37
-9.3628606541510067237119076477298847163370805485965871469299367817915176778806818502961064366830144258571413297299999679806839764800432011045607899230666606620646792407647356722942081489797949125311357178633214524739936666043619567038068017046669055652928295035864050837716019927123682353969228388543869614962e-38
3.25385749286338994898517800917000137105150100245615180303160470049343244594944087580119689794929819973973541039247064008931261364113571072227584146106618713954151262006007940725777766494626243848285189074952968299516664950713816843692714751929742640425341354675619212658569703911803901029774888871804672178187e-38
