19 1
1.04794801139289891313142425334743261895723181570532232417134220596934612497798587061281193067443701685800638351891066438451267062608248875507823079209933284687567955174611438053702919433231434147350882314357926062402040435567830013512593762323864223620457352305596725151226124273708097209677814186751384855493e-41
-1.58682565274718809657031742261756897455240306497896355881596285660621918025426011351220032628289394509496376733308451054176696406197757405945395677613729104469302852822766207834068041189914309451376325022799721811955965634446044100884937615013911706629733879113853736667760807094211134453760452510937845958167e-41
9.70169264968367744573139250435966137789544035389228888326394620085944741683753238891104547015034891120973561418820299329041374925762182721563835009316121670209686828346844106967551798002831389804487382076387098947683950351868243746102417354410283900330711114140186765073084196417112572813955697760270354775099e-42
-8.28810481539109634877267564749480429251681051006756654411558377097316704222550996578968893388585155857801874068030655715682813876199340875510967763279902935930531134048528890122167432827328237194509993944821138632673800104693089947945970178340009990065771235704885820368196306630382005810587593970824098444642e-42
7.95524085542941810494311096579864605938035538751429445442096016793155005252234045452034961930415034516976707948775094156407797350305881282081190803973874284968464943241468903566478114910759818837328091363645364526835428068181855850614867054971837106374760720243878324276628727045942248809855699616228676931899e-42
-8.20948089817468714026201354160140651501405227291490416148477999863824533360534215017610457627092238544608881999402964270924573711396275188405214710743102995868374449223502983058805993281765050497139521706032648150438253418418558975429963898115195830002709252009957038000906185131052477006407992066325428293806e-42
8.936612061993187621961162721323519859924334944870000327651311459695715552562928050178910000147879294959383452938851014922917080581564511943218442327459160081847294199869230127241020578431282891709461321124598341283309153285084559465082279425353167501226166094720395172582095951585962469496223493749714751829e-42
-1.0139688695669467975038106527832518309210197013522672827520451830617035796129394949988922942117776867603224297375609473088165143172030420706108133191174353626596310700246623465252761821418374195766292368393681172988695996598273937475474672008033037389709051790745959623918850771050512303946561145456550618789e-41
1.18747413485575642359706995574602223514303073539512886984584062571086042616264527850415147853544189843487938569396225818594487243094346824804815611996843005872465642725098186506046688099767769665396613192620815632846530747360939942617740675266457358613927428001122762648140021117723346786229408671732532401087e-41
-1.4217357321552580366901606013142796059781270190528746293493029575250083273633915369314844338939946866116569968305486224769789859313242281875234590171365179516188694964445764948458588546246572821569150518855620888779052043110759395620679924151295540390757115871287811437728619137850729853911760564279681343019e-41
1.72206455635922159224155445531405009773425766877499088219990776308863796371048177880524557790485335006417668221546358448143832401417882504639974716970243004000978809700592000479741141987706367410906041400199315363888683546028804184415254785278086087308991019771938006276858162737088467902880064235711518367684e-41
-2.08412769935058869742115264541467781584125420419179543070382897334343927942813310088611663165745620057083699991013624549709809421774419921792592770989144254035297733671816645308278845388745584916548167412559057338371658450565925148447420125796420507078113998218743906267669174752108724973173351589331305943906e-41
2.48154733233366276090494988279243544791166204704892212104370755089662160791398704480875150768809789518206209103540115967771126819508991541138735169691499516874897694039898823185214754923197636163208057235711104217999674114410444646951802425396796994481540025179459843566145753009388386673840659108464924806442e-41
-2.84888746850870340514422808224997746216383696586313991323420467103141930818184603264741223532224627086164660178966005057711088357015170043654234005232590414431381405790263478236992340953530517810332713281666989005793728593000507614619216373928892848805416925979851931281212536786621228350743589126682203932023e-41
3.06742185003915381366523929782480529227035057228212554505280392081029728410515269782989612954965121992906513284779687580193726657165880931727205112256808649752963377571090642861829074965373705403863168283312771713170292228425167815878761778917369671863094512963577346114265003793190369451176758554956137240033e-41
-2.97533585422277001981540856563882458828160948547173356796404818856757766224853395816843065001312134577079334271510557125056370895183737536800458358362205615517634965140965886634350707852991261063439176942664981976157882372098313831894022256808582730268945601908691070439964175198202833238514700286023650505563e-41
2.43889320699585327626364864330565439155936952794126451203789952598124180870331637354390835939652274870976779818318583316123784876711723859811338543558170571395750054678453535261729402823312880816222548784761499457900327506776287435941233008512144532807396516728995395141633929060196230788461697081447922108903e-41
-1.50263760821873313477816379196000981421805191135179329377696867395292532289533655245610838315411691650631009161345500358181360070282817325889711568463747294882456553276022999675733179157125966829339591939435782105857147109326647052209827854237875492003175923597298031191976957990066776406271926203670790293215e-41
5.22208795235759496738302416166519558186729145537764683991714594627970787859245572750494482111689010923521701620991145351117440382765507690545704519129691143868879623936148267692857591042710094869144254868367823912169254561482999571679004189668497172132225036169612478555875939805705878243865677466164272700214e-42
