19 1
6.52970467872275867628613939164024311972137400654992531464363912431498710688495034648120657557742256257033358106984843840841937772968900698917434541661843050280340745676715445507863419401651147826871547235756240753228719257664241338265238144585382982820822845842225134108214591153866790999543620825327560611288e-38
-9.88742074002461056175366334056329599489799354114985370385369515862697655398580542153610954876022846494262360626881469591626061491127068673786906578796009527573394574460603811634286382131753755684750950230822469189924714249656809928790470446748939741504436975532903198964158405714383306768618410953471696329581e-38
6.04506976334982672180584804961487923481149830986732497956619287983174458018309937923486275921458061479617043321712321838201659874711013337380671404782216887906939792675710052328229628356534685565190814328252874396322331518024794914168158146019379250126517164490499629300667798392496196950308241920104045588497e-38
-5.16427124635679033762687814955065905060181393673742791064744490630707247151121000288334456946305451072412282216936300981928595209187390246901045555299162858581526337476250013051838851345012647257540266857928844570149544354515276858256985501195837299865367282790440841929551387608006380857763342742676838617833e-38
4.95686567746707458530197622887708539993394401933880783603042103070561312980548362667488715837566880338486361044300926706138899730198643005707628156192832805344051270094546147366273408842014091533645811567353773250737479827324023275465948977270257797856225579960673875312088970606873553010088848363539655761262e-38
-5.11528132439301742546472407966731766007084033263994395273253047158512385681662461657004417817937581593390386005380477112012149466849646768433486107804634938276412448637960713105313312193989476951412670291667572221736995121353760069516389617511052783845337294929732601892721453347592372936121141203427304453905e-38
5.56835280804460869532240877881960463371898971599532005874139522400290240993090613853452726035383396077772224197107560599572732434101736549019385170938736496024911166847468390059201532014844695425195568078472396261103409101171382076420139840445589682115653522620394248488921161219263926895979538903863944378733e-38
-6.3179833067619653761954083594600128472034387063179830921814727226911047871455144496207406248345478897506005774028001387371237809772159609158116884566953345748877537446835867819132375545151931056640738547147025725332574091541267853560941993191193364680502803868948046344222651219244631764399011207791295390948e-38
7.39908518367320858745775688565473241367424454144256332387150521523361950654534771807305960428760124816384939664933778907061772048849683926664331989168295267458598031667009685939267175475821991055522830186322280225628397751074044488527478274725566490262352448152769893594427361177227038548085412303451233461153e-38
-8.85875652035946480491062282770694479968226374988675496628558883538005535981741249904320193799282866826635414564708883645762733964740533069242241331554512000382891851952189486725364831432106859715274645737636581522640203150328235663321527435420225573247605557925916654355677699881369230688608464628285355040022e-38
1.07300892803545083463220532844544165751435967453903470676760141377332976505568911854402604057324998681164046704728965866091457093218966284074848075882146604191270874873640023993940441290576406781391908624980036600553117080040196667634527249367299352940840158925219776816683091387761629470930754445416514496e-37
-1.29860854378903737840735581500738439621525606525947972811541154550559871711682243069102075450134576032309291226235089264599823667105357915582218701309771483867849884796522770090499858631470013934848893953667933465263621002024188346240850069088299490675795879140880437127165843880287544228642225094718225545653e-37
1.5462386273519723874545014111528688067609398706357156369062325069078058745648726579573079638753903123012013684686270933306439869100049233167959030814789860103075590995658718301257002427698773332024752129740382593647428137465670924890570404761633929122370579999868317130659312499580270253668601593603132268487e-37
-1.77512637678747251832814775137823509664811726723281959958300334640411246700022831241933192503299236459450015200818911670700454490872877915332956161982408503523115898883216956213596537776217867171971416588630255264077877679589500672403165426570528845486700872521514884505620814521321723712127349356160308528889e-37
1.91129409780237133088974385955804861594780487210763076112200096805014826136723199975452032796372974539396156190908303179800054296978760958365722881472139273761911264316345720874047275571000767116782641756605977758630936284993940257089671131955063016596232830132447137521262352662347765999138652580785268155664e-37
-1.85391594302136028971251283619537071034100642160337702323962800370408940177092163297914399660830203773424134717501469435133517969645717352186463710718855435953468914693695941688105846280064686163296234485929561849599303805829979914736014083470312084088478142709363685966069891657651785777849466302186864344283e-37
1.51966150179047450235036958553058804076552729572405329557194680741124534831454725869941712069060635292539835896886672146985366541768519430740663702441799352266932740567349111635618064120616526673008671207302953189542455260005975046501166173887988818709915905093918165751351584084925688519725177656864076447476e-37
-9.36285651069929218273838982721604981403358677997922738710427140086774650563547325228677707829057630688643436171233246758430277181061627368678459597993744062322287035878186401441632368383873832859082546166742179728001689240530807966815500397233787528205643328898194370529636453156119222014170324946491834696229e-38
3.25385603500877060227443932467848235588045890360479010077684385442918450637444486550527026556975453328159447224752389875151571251085202759485135770448689774204670986535605301326418057850887356094073957858946503415279130552846517548030133618409612492258751015485983577807406292281126681019517028233616752733249e-38
