19 1
1.04794804669953185022355714731093680776376070244367449699223815434795255512870966665643070125754814260815714513802457769880803851576224589616210944839597808036610274622416204320408974976850205560100737890254599534348749831609673818088718361964662585887054595468520883719509825641185515764037464428935381375847e-41
-1.58682570621288999134326895018357519183138165038585357322776377361202364544134913913226299378619875168502733093561735043239491895084502054129211711180530871786472079958349951557534638269333216899843375515222922780953322129278598922529514770076402649577390646877928623580355484830660773658275030372350095594411e-41
9.70169297667860689015439200358541375912972794959497172549201242077241433901850327739937707920580926782999957086180009884254049806322924607019143796413901770221359009785552345595665331658432773524206404583380518325975909717157974300776005355828277428229678583145912654806633466150510016394139279790754332752534e-42
-8.28810509491182417925024981299398374141601837495068401931330856630089955274593602583035960411085974490675456850908414313641746687030413792139518292579245742021236703472456769676812280323662357560186685239621914564395779121587249671717026951146877219751364989327172750461323204185364165317773896824149372261377e-42
7.95524112396077698119383446527970638402842639365446781372340333099346196698531196670892991059862296976814422325139266380316380765653834569859468754873976477026448988392740935232931198555089582387526060640430086673232626732458672844741801896210835668627679915352792925318850601387587510934651098988694600905354e-42
-8.20948117560733732242553319910351553569202806891859900814225828486304992208125812792551941692033764064541508144749451488263423144445740266455695476589972914484085552698518339396384817633637946036724248605186415934193303474347872224893125487868502225599481260498731332925092161586115957471844837180216836878921e-42
8.93661236442806690301456965376676841585487944964633976747688843968953398319162746709529712687661301483077727379316647148748408352224093093113562244793156007006908419742743945825342071501655133009898172726100443600204740865186830898877119835291529325028782786198271396443184385070718386933256204901880681251744e-42
-1.01396890393991924607050597409533294354076561401319820715530854474953168038675032722357482015176980225328028117643600692593446398915356248212051891142168622738234568695175077835416975833897962037375680360344244676079179967444662153166130109635891965531540025348510763765927973501395727180303275129826927242526e-41
1.18747417518925879867695010319236438076730621635350377367640996225600275327447296694694322659244122695673809823573044554976267968859139450603945307553695323665722548000983962510708883600311704735252295297421132824595259396634991961047248708486981007531876003592181528979016695897864791833001783910586970522593e-41
-1.42173578055299946166891751149411992664287648573204357756731637294708054708837588032390241750243700344693206499753529442255226292418114925422832020971739901145376110330472519864017980596887749313233333981493326748436494694165882911405603556958709573681986005898085904808225012083943823629980597801155146329367e-41
1.72206461512634669816545323691031828191904781847980504313922974848635152490205915778403885996011760600915066994843976870575328932248731400836101959593552541616334416493360713640872302886491153053922861028644898439777823414993311577126759874176492044989553467441806725146974160154042627916064765096118754303491e-41
-2.08412777066899838590219517250718263340850002332575420861150805295051600730309270442193361870003807809349656719508074002356301624776420646489536569715642903715951282851324705912567254547825502668627856490359456026492800186942504721474873218888750192375280385360771996539305161073616967476992661031172354825731e-41
2.48154741750721535740476781831942331521136765704110555031135482571886711421380184476572362081166561898090116891696573793634334773888349509146992365404724414792194148528307999250393722290105543446700810770141649958210823009774919709299163200684946678109389633367714034963734807477666440324421551741573337734396e-41
-2.84888756660981157822166029827936502373633163947790662042587799943808672453096148067131785600408509559314086929616327328873591094307406554402610171408004578524471792670841914372927670497763611651814476018306054872776964014949642639081028339273975485975340033090467782009763705402134799125660148244601002171323e-41
3.06742195603747566411790314252467299945222101283178546273939267136472623311390352165523420730238424439858859356925445316722865808176884451375965053622398044095427341132776371354227630033952910462679847813596611776682358993995297441227895325042212669109624676517288825028297409586905885645283978478943080361618e-41
-2.97533595742702681171856679641789980791789793068271879729827167362787170091202450332431869872413210211228431383360925209794450917460443081468239689287366448364222616072270039807148810979570410378932074518296595808732668841106043342379246418789953300846264895470468134386011655592137062897824595771728260264249e-41
2.43889329193317223770038716754685441095146845056552896358837666364703628715439523688029011854990242678586159631161552524438587844830278928709940785307453624708539339930120654294182937984140873347503556267125122398249521915949107233925837217500631923905038591114116457763230266805029556401163316517564375437412e-41
-1.50263766077334877384066643944418684267454366534402336705543478416152456738362990604926087705826762793562653565105705624248551404833663772190039606034729663927152514558961276081383491526928897241614618810486003732200571504734211724016942740772719437353802286534257621145352596027252459253275379089714766747114e-41
5.22208813582416666971557592586595363518431626220075639982697155201698324910026255964786118489853776571053378141948344409171477486114014220608063089831223195298002545522781963175153721804506877038852570679022877040002637384784598020420194086817141870497716615110837361031664744091742078642558159891661282209727e-42
