19 1
6.5297025257196694279037450903496167582182134544496509142319970012081420580632125677179398526528567397123627642001253492195167526097024208379750848995855069309428189997337895581083269462312494404398616887882247071571147133318053935525599029450372990730213008281732327201535875437963912786356683095451897198929e-38
-9.88741747924767185301234423356550092369447461861147208362056392151548549631286833967355514507838375691231745143380814982366088430973146396382200540372585669046758418828177680776386746352179728750728794407904593611883744197541701429057264021011565563221658973821952394180069702602700076724637088357033095070086e-38
6.04506776774776236276008671385998496781943295251355493114654206553243229960852530357480519317005878369123746965399617757970957185723966498856850368512591404081132276286289562968148514166721024517318666880010996889004589452913451675468289264287637683217463373589974914758342509659960116640424570545604345301859e-38
-5.16426953845548260089939998213569252329353658654681630881680923188532712220008203106130682368863198115570577121650716075274216951963889268628359393232324853547780658688928469030222383655067358266188785326536584287625464053000628358857957498846999084515496915253176208520032354582211192929417507790113978276207e-38
4.95686403390293766550894809162390213122930815134546981696422807483929022533386359674680304370376776764920401074313063815204476272426257163615449739901186611116027732386442121802913464308459964991452827175744046077462669350350454094990830177946074150016028996395008988713035652118820805024518385037612180133011e-38
-5.11527962256051590167368790166311205618360201204370253170979637153694743262191987090836745208674896385714665211024905437879946963184249792488893093287319375453661432888747540509482413084889406366580747903131691427148933863181314882307459924225895197097374840451747964588487119494575717155116238559899911059931e-38
5.5683509477558673479977502151913773243081489453823617180025608248752535481475567284355184972165357425585010881831271626661855011577833530026022463534028337159602600726341080533260925161931324088967325157788285326730344199098229073527508030894936812454913193246284680721841627503583182007677991457307396357097e-38
-6.31798118560541020274662781697827416838461050944443157046672311508638358235459348978575625900166118646902095922885886860638556843367166552903325658804909654256065539838515951072438384940004592378560915753946926040106063291516838239897300896753404316280712917604159909003805487675272697014149710191103239021164e-38
7.39908268538655219600256651510584524969849672611273062291927485401879903049247731790416515965875205820307435031247600124825040797143451894264592791306343286457646584578106024033867643072937574656940134440821817724223956012665987656649383519948547282178470201057023677554329527439523845189271307791655632759172e-38
-8.85875350991440609188222167559259807459395220603534396158459214881163354901928216204746507739761664805724720351157495540040024622198113388858924056865999752346624683029542862919834536154309832235285717719989952656784681136870793233795225399655413829348728227027371751099528588749735411722468658655429131045264e-38
1.07300856077650478200355628375017937238171924169598443487075971980690945933731211112185079671214240417619601411605255591948142979150585693912025654762179579684018312832110540409634265318146669976272233583499666812820605709678984967987333748179724281006832704449112196199348078638858055202018548229925883545805e-37
-1.29860809579842151074336509136449321948874950094586264874867538091957711316038025629568231435391112817819319517432796896054886016142095592882136388903140656803887509447175900276492224447928496078244205800525538732329104056423025842250353711448585190332535384478606743814784441251358741723432346655532990961529e-37
1.54623808934012645881140999843167006222712363324076766622232474984429547250688549010680831540304907809417854567509067536397768084878721587210014843858764908692139015851928088108985289467022616634189890474751080620817858905663861642371387409336824530563325328713303812998612229665148821126395711176467918630849e-37
-1.77512575339100557698238987079351940148337544678953490694072830036003165831525910969351007832665664873110595828111099977886522049127676575332506651790879070265167213702558345718128321967301555610879234589493569892309983761111509281930420320015841457999295497927030421229727710009993389362570747013086389526178e-37
1.91129341989714553648881585811850910363291820184481833618814456116939506106336112931177792443913041525355745562306594421623585961015492323649434856970107163289153763739535017972170859573792082601560271672797183893630585515202901239144793071701566115148597327553438466654580034043559121465683901081091432398916e-37
-1.85391527848958079837598269271909533449727949117658984618758657807552094005293569947156311943958436281579277312952370516479102187579054744094315158341784162136948253262396965091007409253185747521134596439487853986666291997198206984220878379938298269491746269868938939466092254649481775599162472610451042644828e-37
1.51966095095041272421895381018730393844722117248556430206754110687726582374234862243668584806262793668976575012664757400995995410780706869712836542683233590319281575693418555765318302914436632737760673959711981919053563787298861067607433686998003744684696771907682717622002004052993607548549319036453470600648e-37
-9.36285307670787880403202898707865906960329624065262883658427625561769979037821500286262901050038444770295906287193454909446115151561896713438243907752276252398130502821671178029936527472213710200175487452936852550666261106930828298935350362693886251211492928036902497647919635392953892723554241306671718947308e-38
3.2538548267751862334129420177628019587479958888872559552166138714985266314606925587156577666142020138002791804991799844697854858754933358100592461280272412881162807739254043652434016755296158164269664752327632089917502966928967553209170659520459426834787178484160803855005971149113716884457451698981663361596e-38
