19 1
6.52970627570673311477252658875381315313758466482740550351466157477472645549610302900751015020759055034570863194304763535312812051039948145420586126154460121128268943592331545710484982541792966174788901967933493102560184231939442595779480107447994710753054068394111672501997697541930770502242923137975554108197e-38
-9.88742315869673497840483380779537615975917093637801976982129777797438216130127551351525357959682505622301967903050216694721003115298373063177105609311229713425391709205700322742747683268840710151882373455957894985235636622037443826989609996118158566191114373849431007297864224715216308626962011678671760201082e-38
6.04507124358210334956137525335650952696207293302290268475537477725601046576111554711592738969439460180600586286918516669976801295183028842272184058676635404637857181422504465990950755965151850070323560549150499088877355294666484368189739541180594878897325431773963656439278827930336637816434367359022668594509e-38
-5.16427251318791967003310211163668262151070334615335528095351778626949429853247819336252888113410132951321890099648926004880045410011952448092699119869035524200429466070629432345098548408954960069114247389073590491288088645301599777413730318652841731514713623103050022405930813586204563932839865058848115855533e-38
4.95686689657640520963168117308825029306547503351402228791722347942141489968587459358616991779142016795549970237620422761431552360035603164001673201090217449522101393325076546659198574276568249581199451688427720243117854487755588076235903520325371195547838315865836315934948555286598898288457554446495907273851e-38
-5.11528258672291685968675643149505718401051243572116315709247614147218671247344973154586485561787051349945382527671181846640313722953653062632959467818782885319162805037144675242274377976238263189957515616138701039992381382935686055873777051549408920245398500281113637278308979183448199045958653024306009870067e-38
5.56835418790923831853975499960631862418181359937685418324052200635799522951266449596615709772036580883710859830598547408825720423274293773370312011674152372581926358154387919876142520458293916942973763638867655707509266592543734422357025936702239826321056244157457806677543791655778649972564967983294246687935e-38
-6.31798488012495482635620801491499290525697540489097301995788612265055752441729635862754126999566219034333063361856895829680257516173359132509696117002180203247464722675527069786344613423069988296762156735919453525208207743929570707800534344691836947476661648327950963672751163901386869310280002781606935766661e-38
7.39908703677198249404340205305757124315474626466903802983115787234681041405949544407558936533955477721437812682442454372767594424543328222292644016815538401282456519333463842234838362758656766725247229584352668049325060206070082372270225779096537431501455636816189158049079166536187566929936910327338745097882e-38
-8.8587587533511788303704898547693076746440512449361808365482199296105931785172889625156052279012884452876866004894786265806526771430144531804389221151292858678772700748745183900545626605096402587269593742472415778898852327915691369438709875387431220890519715260814574937176290722630796156524187388703853380959e-38
1.07300920044912654227594100262863826126561297060756120392154725724939076082029663540677690906901051191860893327780999021808264477750894977012376863253640233857448345761875971758106498466900190557736316017083823567611585482473859175285129787520422766818403202271964980391921750662947610552410478955019154720706e-37
-1.29860887608538440636097504212670354262705827381902498763467661279505483442767499903592058004859033799818428616809964972303246211329359324879183241019965468511238960741054659143078953572518857169689298437702429688146472395701043079110995235015388984569045040661733594234411256074969159728308463024466372910671e-37
1.54623902642155427367412028278317583674993870150823448387023252963416829823058390368303540942065561098102124959408588936210245759606209422658878677010241036869222070722778303354089743683028688292924475495764814941505198455882740337357567593465323734857742411966547074727496897991209307568002348367337789610855e-37
-1.77512683919114213227434786926339474333302576334349216357336137187494348586856854128101089097022789620415236833902896774053245010680991386655421227414818384985661413593043036258779730448846420552296927972105882265615370575223089050941964291794110211934404409928702131270741868366414464993052654746651859936626e-37
1.9112946006380363362854461644231837010824056409425209610075888149945290897534504307675595539345376078521014010078628349013230928141031983637239994693925786706855958248374092142199875616832108209012249723183515999407885443712299506718741076085517959850216230438963924623056005004403752765682519786398683093363e-37
-1.85391643593746934625611152155460312270652777705928409634287035361338644083182382292960874088488985181675309670472241624492391965101903142394555921987514054396905531839353785718532095860107412250689422006112275304638795172579087245111143212543868691238501665847912259277480951272401970844064641747776873012836e-37
1.51966191037597249142925367055347490762469749893024761736159578536046876119530846309847428703858872085861335080227528298334928679855770507623368154354369780531231706056566577122190170073845710281385592635627122298752303105517405979872780410093428224339981099844097930150353375994822687022587864981694917786661e-37
-9.36285905786274516636273286383003017063950764016907320145479107186591625960222355390709373215867319615446763672255574673967509136548598787608661399416705757356926169257982741277089145462625539298448488077239327812121152576150576176706855260746325597329091130084415727847029081903498456316281093150406616509492e-38
3.25385693121653069470439377472601097324660959444659366804148662373106953448382634604802107070032264302399253778811198369478062418802063754900737739021239830536184441814111656942503586242166180162325675676412479848792813181495959796120043718341592649080654866221621468133518891509854346785400463725157621939113e-38
