19 1
1.04794552980540931795452039575620958059453908186118577871123175269032208486340490854384341690522633170013344878311564157802855029908415089816164894611840935338012954410392903403492957915687628079807923323317779634185391120685341653454057419102381866369080024682534959163647878203323011475237769688229689742226e-41
-1.58682189481827582023008888620261361230932168311636664448095093365199042667911994219770210002968878482310341898092202067053150850734479398368607288860403947019538124403528786267527215624401492165016047849878308084197568955134604470834265376274471953569665824209305978026337293073515162827968695433704783315857e-41
9.701669666282261277995533590170052183493777344888894040092240539152256033369890631332959806253932220164090888815372839405776856540155471667693078051187469713066232614831602341534020099720392880761362159591183120732872380970021875151143959965419010458397216748567424333328848115157122217742111901468300940697e-42
-8.28808516879596276013904272985297270982339598526527856618968809549226944994188679694381792057444366388949650914913999259993075548697284130052718735826003659305784819739088685972775009558117193565965171350191027114376153768818043981975813505244760280003768332914173261015773791236212396601684294059996095906957e-42
7.95522198124141708242215444353291174441641312625314425082204315244464340665185079872444841291401356347984219182237219263002331108130033548397447380992930842838251847982128711993256004604291424994181867073877073108974647031167255541959171741867234580972639171529214496564898882815538585643194280514306199673192e-42
-8.2094613983447159963191120626273571255035809158372868877602973887663565227711743956528276654154626255392251686660160880002791103421145016255234376405597375279894071526716750145722807858957569089079804605173973273003365343705018356756984819047461602766930640498047993485863214654009304726253007806519747293968e-42
8.93659080483941996328339061203305317853269867940926739562914590101172643032404337576052759804903235194782396872346290927980631798289540233971840980772198877469431807122113184348315372031156755506366426597392044661992976978236413594551664895464424292837382538125449810192565785333449514796113014035120235932723e-42
-1.01396645360378007675515056929080316993609965597024811391144784012574472976608961082917761284132326642628479606204190437106971600794638261505302235046108468558887355414476176006334643138685764159930958715207189298011140298174120168894236548623507622422698048747274543229769011753439655035410422554650013382584e-41
1.18747129994669193797568873483094848048213740934265866909013278776887532186309360166446818132879313724240682355437505577667487319225485675437160345920582851846845438197637068317906883642698687232250887172480196166936195972622639090586189341170513392112200630441230431712255789759566799272895334485603927984686e-41
-1.42173233043758237245488389877916319426910675251658655803611604843440413018549061445488524610895086672367058893342019999670828019156584629619411690778766691170077864001985977094655770917174226431612361321567489069080989163225476081759627421881606970140444471262785018331067585366976682865339700115450197272202e-41
1.7220604258120215050968791046185806778905680954929970612502167473259206495306629850389174195792563100400902401889553737899985728064964614835979899029592958968998486623338337435715049833977079449374084844843438550561436442562687547670653185655038219193800558992340008236397283776321986906246956640705934691387e-41
-2.0841226866153909485051429869445125108970609619336700772652947180726956196090705783489947105040928799475301062018226009680388864684321874636803539188352347746710603488875555237618953195288080345574155874678374241184077114657707103398455974466944944098934098042172085885286677637588980753884557768993963515629e-41
2.48154134576674867080637869992872785208861410458134573281478558345007877728408532587366642891120687924458810514776330434568798213354044708640050522083171762118157491828000014366215749421309148203230791871276237946483844338533112503564771168170331325365192650183766575763197376901559745223454774673533183111752e-41
-2.84888057330730578061092744499798416712857749407509711050123267762619587845069399404731516526531221905961911333968361758863356244272324148740115849255388298983700512144371730620786661162548857872223916143010116671884909435596146968465934630987690543395388494314118425627832001106959517224504848832069956409479e-41
3.06741439976948566820315482745220939626827280041692720958873422550670501855454844415478716183273829517152598135204807529755029064265711208343190779296425948180657509948347829350373854776422944078729180181809664856582733990851765378125040306491181412093028088371128755843119540253957531915359768904626284951906e-41
-2.97532860033935079092743559136770206930099132937569358659326983955929472822541691937030675131528010379850543106653703976893530986444031268685152416721980974372224993006176467034759532950856786245047931121856985649711801694604326764702628956733632265589160398329952438177433749310674162537523306103252870790153e-41
2.43888723703526086786848719069568527100124595928927812799537120049779654203250607869850238141093907958816010968176563361812862047072808068226725586127406665369270434631340880439943931078704956395088550848509200812117172300570296059496319026334170341283162735299598057519909539223568138324437228471090098265278e-41
-1.50263391433065420408745403785807622341080368449846806078688602360203651326651369849777113051303501943248872673160873875056291959033564142406368444444857961877996205072951071496865141271065389116683632322454322156881602397417482902639947988623617480035966821121152705054261913463174977861702182878899582386256e-41
5.22207505710766140003871839974148965774339732893903403691505420799614081147489621714861331977396248765441904249759549637421304239122833693581236342707141587113789666025832235281285424436971965501961531282872887753362173250263218186101836296115228180846608468388238234373577369296554951113402630767520645726242e-42
