19 1
1.04794556085283934030119356916260909817478247331031365738416513058247021919872370061307289648816163885833824913473261289026194875168839226942412098959722135502106361101014886708888315383629819270478742139739738419709026301978271201494872882635894940551959672218226798340338520635399286251046811121805118099661e-41
-1.58682194183416190928885342803643697407052570874035540725304538442529805878135583167230057632834584765591037299684886187581135246159628087189805889957116526164170400139637072199148046977351663558382551267200610132876828264991756336687836708168617094494089732173277063558071640228282661089892505470945507349049e-41
9.70166995383026944802864254141066412144359501230921791941792022837049758819474396026949877837995060115819758827662230063436666645741700473017978939260787594319259186018469736132372457080565147924647080323665643117148539456437880705741256763293730219379047803216867859168982183020053405291429602564132014570397e-42
-8.28808541459679561973438655107931612515501420293702834773870867261917176823841430847385248640286166115676483218081754460846370809220036003471468265889746007075206772915619370276376434992718436301714937683011013964397695058190542810709299516551563141355002634537786244875683497638001918300047302619141231471592e-42
7.95522221737856931907769998803481791107661517621544984897559502054039583273669833807888110827234626509217086506228708876485970759898042177668988839663352331810517886755301887625068811160565296098258504910288011060846914115316096487430552013673011614678366583487312528633883606487089471308448081784812362160168e-42
-8.20946164230934023241254351434899525323998625673052647239900944001353204738669755150377139036806989943190853731256759098647509850842885720063591640777728845121025764332985727985533292085883104842903685567857384249086450505902777142841359491053747764236104225511899748984506416644162033379593876194918070615734e-42
8.93659107079011550194812355138680066658063971837538387722031266923492167009134219540610725012719199854382540040344036197829014897777401250945066729700094909573517865159316974905323450356650189798317224924288108090184201263671876998500493952020610766487533202875014777218769465107346718122118000502848906070884e-42
-1.0139664838301718133121529835806232249109857427316585783274358492417874994269495318800076940518617718550958119483665353276253345618824137681136781999372975348869349694101993097868312099153139006903501973671199531714915510988929018219518441729613361253070293096433320932963363374572339703358843412921746452629e-41
1.18747133541456199600259912659366810154933954650496959173437773402124057646949356885366458561470685209486187943547398958635670351083628031841783487121307428704011017430705963406992456189694236346644577585163376798436814261645404199190145079211278758427061360313725757197254875143592094054953275384028822431325e-41
-1.42173237299685709616599003295685390865314701686383575017080547853990410286642297063437095017746952054766777256212239098671718334157290807133965928876463119808332502454691466875899133750251439492479638289538828699988867806253977430071357444696456633384712291996005772414498122118065945897709005333044392103734e-41
1.72206047748976161577574615906126987864480218771689571512971197662319068970915515844500711244703254800749091485537685489546929303638352129799210235127552230641981138485464973619027998490077243564568659717013699214711123760881628170199062602499856735969899360787931785424916179093064603724643623408796386243296e-41
-2.08412274933027985510421151067087462528262212206672017396649273527875255451483863472359995756517520520424388337798489141310456993325220323765660622751477054196742575062668111825669927650382775631602988310044737389333818740838318984681213270589696304315163931118980801521554002385258450206478198219767599565264e-41
2.48154142066534905518115440548253517621039202766175233438177167344022047556260403542821741217742673355165270231083333433085301868011462075772235096800490155354778460214351714191748636112205543388591918474315134797796614766091449463586584041658693829516432820389158421014544028285050277177603908292869010387192e-41
-2.84888065957392551546890984482973930986200496095643740154898285826971882408769042354211374645872730031565816935635495012483893021646194145675752924496406892993490738636286055180669641486360370519688714641419053354791229080083276056270420151360068125738117267297960457161373781305784879195810311933639951518663e-41
3.06741449298061705014001628152934698174656682930944359757751801914700223290752661623750009875179916254839743493869424463324034230210526563572603968374834924844282667059597693368135530109570956023198574749915617772148606654892673055098017310272481589562657459712672604407155406493767776646140927079942163704351e-41
-2.97532869109346391373078989646026495599912340391749522408311972611809801622507099571062738664925072571392318608066070865210484572410807923013034548599223645526724653094056730033533678868602734546960263670922848617396268789941876934279076942116589685515422681401702244717544254427463228125092809096949325650731e-41
2.4388873117260703163578610374038754923340107710042474733578831345357667633354499890069648446681983014063228858841877799049596540520909248708685344157983540636824671362209681612903608137356044024649976872949840141316139231112227112238314029667244543855399962973602764353909414183533802517253080470211955454517e-41
-1.50263396054527435814636893488585359794628207513551833013861832108914513556630659997097149948531285141382642198002857826764298212752710752790346359674838740665097768996116955839619162055110558217184363453547939287511032729401889790114570416660752132291774491875953068949990243562941728841713085290962071252655e-41
5.22207521844146401745757659785933609347965596824492565335145715510265381299499061676468776476527624627027156434826642357355326266462213199190967962910086878116712936079839416949294121348554455007836493662455629701799189699150731225934966119700685797362443350163359810700962204223604587986426482699475839192902e-42
