19 1
6.5297014738037335600960619645768336258110699953439677223552069147503626974627496905762341862706840876602400078683597892174946626741104656094056850865678559998313316003331996658014587012347903162772303278199510753328254032864395155806027570236762788825294179652006097970148933986345389719647237532240155458689e-38
-9.8874158860947314338932828145647422352091863973105634700638062826639316930847581414416782063921811075750124959587057346701695684263028622820151637867972271479823692317443287557921649093801406789270122576646378841450142462758036577862674049652115501225916022763619712236636942716464338600079649731958404717651e-38
6.04506679273498133096301581241498480097693320199347190878932820899724724459615544107236375139958804739486693715750956129150226346415471106371576952272193869639793729320748353073371627294760981959104756879369083736491941261583785072376420135514399449886338558589354085326268662270269737931749963625701466628045e-38
-5.16426870400780667354281284659644176325170595934226166174685735329937488756810273883169931469297113586619392640272856330151260960487544744397369849693641916530245985179304428455779552125842740239424979938505676418122892678221236554746668471085839912842254956516123755346650628104979270086974171253142638397896e-38
4.95686323088923266758169620917948130282057127836774305596598033213744866402017398176006966156450975172946975722605719852044206028991849361745601572657274842475445659905318153389825219960076676066269185871306818748452331754857173824012370650697853926961414264899344046292740805849211706849495452110768717492201e-38
-5.11527879107810547727037185172613536605161345560047878448644354106824928009048256043721943288520876343057615067490974144748718730139287504278551051398836602041109433771018195292009860130149014401252416129313033958434500958563244728735524964427326778085989575770881984277969418277693459293017788794368642401283e-38
5.56835003885493010806884265791964339369409349271060843357846693583228881427035250539154694337256692066272450217775714282127542916445936965451979722998990068746567780535944041608792043521937054523416042838444203708425921721250635940416730780020492915744882846967145085496799291286577205685140833272570319702665e-38
-6.31798014924969415760562818182681179961397208318050528828249810144214817287226542866456276502426403791880493202770124413513339634293581039371001178848879182442315959182438880498543300735857859302064111628578894248955490873076405755812731400064748029932797682300981188816095720964938271508130446436679438201656e-38
7.39908146477265091638080463004455039466476046032613721796546582091386546869048132457253175835112972118719081860644382390234555924253641938292959474962565383001096823375406706260063532571119825417014645143708854504139451943710847148480765894769739371975535106843149899003488238884336400812080282897516701894871e-38
-8.85875203907025200852154075518115665141200137086723683410261779762728591639476521477585601295329752722466909651708947163762649485449680892663826739267111356464454531059613638508283140262403120657541208820765506664227913692408933085232754935588227453082997126345314941970372397209925137594351037549400056473418e-38
1.07300838134105950906191185979198297607494720972593199544110926026418692000489641666513373788373305810445695006271636874151758745566244316845159912140608325915322517093476036671021630126671038388148744775118583115196308417353618303157960409776911545222246399049349391873788932815835411031774568115072650985506e-37
-1.2986078769191367219425917811188115544410361874432292883150975129305553811184625758738603664074929040799657029945419994282153989759405390561901251912607086398407348507145796288053656620711471146980910179121896103121227845044518718332914114863486742312709623895771536197276382658632596640811988183356337543646e-37
1.54623782647833444017311627073032629268194723299264392751250328939617088852340996341635461123303513619905928907003572926408198160671952072964670667267620957952865225149751821505791544744831100802946920960077169308258769977292150106115451717060757413657817652331432935334826984398855184490430058237779196239104e-37
-1.77512544881208952021555606918821833453403053712981086046048823261263703388069636054759058477392303415265840957743661034629114435151827710803347638027809077914394162793071203089122521199807040544979180071767931234001833852497369479715105922975891619501658184062810912550847471682039413717560371656172108181881e-37
1.91129308868645352406578143265015757795094187542762328205809597761026381387453817598550703409723504458185941771625689943351514671493261887604512383490002813645112436242409791680702600777115196941646036575406564128130010505339743607467328738999257420551342553326609231941942545130384844383964154995380001599886e-37
-1.85391495381298790117659963619712411531986638234959295981360007402603004676793061743452431010917318310158700211037841923357345807795448363358803391435874432826316612787668220606289217744694102225884313576165528104421577152523686898676643016319936914090943426594798532808979603488125292000610328943622464506447e-37
1.51966068182135207587037501988055052284844147977074160775203655701945890039432790020383506751315670454996152240387692399319306494575877082474980002723154549562802124971811114348059866661643621043979288856325649165187560556779626668277263214296798788284241460495674454962590866642170055288857902570319830500791e-37
-9.36285139893129807164845980406991405854181404440710408334863530124619084034017855879251234207177705252059445406872777078079868848846794643777890669174147927452538689393017688522171177120992547388660143957199133398172785591454359741634163538116419251459109109484534157093979260596948836277154277491057388733111e-38
3.25385423645767466509408806298017867846354445808849046199237788528616241316028265565696975134694953520458895330676667526219825321363161321515069069921346960619428508072468339582427297429238174561158007671859503037983082321132809724475001611807978474197214821985963471422207929851898963831124591229592284863708e-38
