19 1
6.52969258608868328744894486538948402047526853950514929691363906630780406971293572883524276441380094216077955705915232525627365945790036767274653861586847367950011063523932336097542174992047573920427509791467655279338596691147937143767155240343085727592387533247405955642565548540542744129750721909564914878046e-38
-9.88740242542873092207594149181421104345515056490374272010836243776285297559958847880551206662113300743824591541343623752971707878634012377288129922403425179842480764615119090163166650872860514263136445770887593006591414740853846363864324255965087317890739567330565984409471037899166596204155959614562144834531e-38
6.04505855478135855270176124062128425961447358390703940965139316948704264751021550646251224101873236216913159802799525747412401542466577996588545164569952623225489943536350915198823923354318608900496137147047723098720905725329393931064839408199883675284276527261329595533594935690035057915882920605320083724141e-38
-5.16426165370024650653165031050762264256132258695994450031374259217214694241805686661396713441705654570453516551370770351265882279318505694482815786148783616418874754215599738074890383289612513046116849422843045428863342765236374484219693433674052595206462293808002869124143204848011337605734687132089656247743e-38
4.95685644617132884020384962920282030793201588921697542652119677771072695178075501915468352954973079446134148340228938849020062123689819260134011346340805547126698620763141835336920002003567816099745698380505910620451303179083279914359324273837873902640351352713639670168576380659497057999042256431266270945967e-38
-5.1152717658285894839513823440895195823766083251076108834508421127111630433723144026146031843035076342153654660897732027335548097214267924787607526900837836349628323574483928048291598862954291334486288222063670907605174823539613113181454081069227779184178341274975037433278009655074395232644082792689844035755e-38
5.56834235949445675568818785750985376239445516970462927276117412806397436754359224742340068751636008122181660145899032202164795018120502297746306969186828071402404318508733860996375609119267070372835101531393684657630924196642269893942938598349591531589841190156446156315141001813802270203953212806362909923312e-38
-6.31797139302026729275952659417480127305265640337661197826020470402931626381573030997360420969582095826057659000644702106705072930453536823877750235726607358290786864236864248540438807398065745947852930118251742464482659818123627840499614824496775301103049040806069593024349836046255261231642900290163233996978e-38
7.39907115174108755654677805899203176349512640869752233025542292044622854272242702256707301776577716491075045883701253107739448712281519835973486879299102821783689761835494711232150489746963373240769613905785304863221554849595402916860561407175252433639233802577803277082320621173583697599559103721864446535054e-38
-8.85873961183805925528328375148479683193117731760578660239887894760732443459507673661431351884744538585595863220188406301557319867993830366739230322344456538422358181640858015179890775385662486545367839998525582076125610427773363134901331984336961341503203842187343223660697944906924512850902008873646710433487e-38
1.07300686528353631520703489326381571964151113769271863128147628938682682584598855723816062630068321463250197923046012847875698156919597491189911869015371977509411530366766912915101170269686556873297515424594836963425820653818138280118234232034874496369570844621780351942246860401306882902146477354795788414396e-37
-1.29860602760042273655654923993230564880588420754475503465472987633730583954261687012239000301707926194597996678764804949796072464956791133717877925891091933925074107776775661905069057968026681790763890025078153061347594971637650746385594625790726526529160527184835310749355543965100805574897632359054522174094e-37
1.54623560555175812495571477973149027049224037053165593288825438543099659265167859813907581528351091226868755258948556862326548924945770130168551535804743864199988492704252690404197165893502405625437987911906569647616375730355960199368507893263887613384271588677213487356209693763706876656682096509939709848762e-37
-1.77512287541870040902347672883470244465607666860934816184859902416466966423966296033069762837317705616342499985833241564142652416496870694033133844359565799586169501102237151148741925751541855289476665154619454758073611005459238323659355587043662201458988956175861758930682061245513726007373519701606081906003e-37
1.9112902902833389795325879276255741896297449593132801825684916618037046181302983870923879383258574745627665795431367616981474787014359696595163052341195582766733959693938598767940534166093543280363965061975759504662821313675924671439080696199717423234403725986788409009913155056555377685563041912451250742741e-37
-1.85391221061933057151804166546205412796518454036334707852932315080465455822313726258497599311673000323865129580204338499438062406863756283128020009721145979537909982756701016594273599554762579919707114876428406892783800171053837684092700704658203009529735164562644938236281175237667445576287624570870293179142e-37
1.51965840795139754161244064467837124562038008169106906078860921647410305552118205721345506690435688695663856537435016080708480828479919045951172012172601088720217000313865567019295921782401095740081848099832662677268577032020053543334160075299006204863154631964198357465247719065560780538124964130118223976341e-37
-9.36283722342184726818201196910415464975424559832420230340015622004460251886463671930846335532422540405104389857450330600776708904360528448341334107782261047246639503454695107027148798267134666874623289072152985077193330900060324473533744283280267580900656773041349227751403165943987459046781159737665216723039e-38
3.25384924887948713368566727416445589470983480189986724983126750373176200148039141611270778919846464975085209734625317393276387727567334407983926628585587849172349184633423298908324749452172294797662737103921552604110162517472488301999678359353352779835053065706921252012126348330121816320528641440491894512568e-38
