19 1
6.52968991154459952669923981952117880253840557423463449354865685890251717173166646133509136203413477969241664804209237411659522598304898031588258083847856608812625724650428216708017378544022227908399198255701814801730172223397412542499199687597862947580364503970465708491572525161954225944191636355021432234471e-38
-9.88739837476514161303689740600003096206836895314628624858620075498811623044143130037296692175753334736623120506477864629400807749831336167290913534994608486416355690628767255789262010533105986117507026845611988728524215034391836151295994780784223510108880680256477034072843598313042997323174371178282492789832e-38
6.04505607576770744698270535206312550244947522529906130170924647827639878436389901249730000884293494568894758067124984223991570338120582439989050022163645545341421678345886399461786729508361624231174092600310748748202266234579662531641632121153440294389866359336797255941530400688040158660365598390482760391739e-38
-5.16425953208052091076445687606365787688642704163940799606593109384759403392510339658059378041259241420701868724764961124640286271831126548477878775441126830476514982236895903403713394973993481834297702937327169535516970221764593524926230013888125565041260945080338147029772373156326570337838564374891865041022e-38
4.95685440447502905184744825048217663058807987527748180765886299765170823692044154509137017654125846381004780909593059401253047354564035779645862773900873825912675041045121224080910733376206827209038948784099582622157714242363668543641556439878329792503693539857611326260069719197978046740819686274380742894493e-38
-5.11526965175099005490816644393966063171184512688343183290062983123464484839472961652266271070624972414838675858193112090639536533535748194554229404122501002075076702042046646722374080120432713332733514008124544155071024299845602981823700081331669912904024463617827830711980229093395837501518892373132265864879e-38
5.56834004857925530834060658684146468898660344713660188359953906387113943510980594469378093284321861445082840215884547060904850405620457316601681986421938857294632202131215271284058824292122850747875129521186016521810790892563016703447680029642466490621190432667509087464039204348854299919916237043792518050293e-38
-6.31796875804930653380923681230963895990402153686788871020422114785122475232715404419618328630743026287794248094711087200060979032984068115014749894211397585994247227696836460245993834872851052590256726144296511103891418486360653467875154024118646709844644977383837545024546290479987399198626572253442805191984e-38
7.39906804829106370486074774784307737440318907051467076209031901363289144420302978396416101197277130093928236995942301532903742265886479918068603448486129476567394395176112207468312652428690212664603748565267514449084866814283819791562124331444475486764707598319545334597708280675877779893101464347954110579399e-38
-8.85873587217483227978881006603979578435300219318273467167916749177192795835491341802877558210914352538360609958614757802099785915750319918845035903112335870465667484937614348412582455040593099149462996802640553628258272622737338188976478346503884832076875101000935971486447937329172326982769651160880222748336e-38
1.07300640906450537327730108777636691037874714951836238933107102025827826822478122925120342428428148122302900667739698734662194010866679838595199154344770841217777454338843518921833599423944474660581940598681319996223564135117835978638520277761572338684390140554169558120730557281982092196576933605728493617519e-37
-1.29860547109540347857873640208190814045663676786784495681541118536608803934926204787444024261510524045570482446171909400403687677708691710981087005625597550222217642809711882035961282455738502970000531632831176386190393688784822896845853184929795944128784081570097292068137950214943095896995487424681055895778e-37
1.54623493722154620849490679847176877608799329886627452244142612680983566802361716924878065133775776824022847957468708669175192946624748718635265129782092782232409409573355182526383192466974461188554101761957272995278609054425324076544074687575916373909732822597111394022962661965561961238735606622984712775878e-37
-1.77512210102356642575545020930835310403320164309145867333871289241893130563179056448296536367343546046440103355128191592503237475925629503905226726197156975073040994015984990026421169667770611558781153969753546280172865064667857922674811661508041241552128875183693489740777489244961704156430992705282386634806e-37
1.91128944817838314718174496129782959186856259255421742920082033506318842511044240948466121024580179807340900972615532843198059287185298462280907927882815555536616460520763323246029927694003641172553756504164030444130403392630708814571852074948100896313015530748222716158981085240256699159627809659313972301265e-37
-1.85391138512916716420073326465259079019606885165961038051922952390334879681172317641000224804232446599984625116542719951602790298936445464490209946444852423949067823369509495544295446290253256569481293588739376638280826941915947712404626094628450054898643287731225480897323549438916151385310236679019075351088e-37
1.51965772369239472090587767056822739005826452336539529089674296963651338489973468931933691391819407173633231849259889238538994873009988965607692124502196781788152644165349075280046028380725494187748174262173463754234706251833519469842413818464210335855642774258718219007646840357298148689094007060580480694343e-37
-9.36283295769529247533403371533520675059046198391813914302010539133843489291970761865794818943604890612910203367249100905494905771797611263132600080957811157193836051994412489462047408994220383485910901728225644749485744637623242911990826573027461509033128147332324436076364288465849683293499296923095650859254e-38
3.25384774800811964379043243711586464322112951643820006964964430369714755733019787159426296344907335432586759272820318224840253022109757087819864226546774774036287807421474755534570611397090761702041493090442909955613205294585930108153191029932186319382792122900870616859153475482099354573241137398149997765667e-38
