19 1
1.04794482984446149799984481845682457662665177718570323378072283727467732686216497961000418018611261043161533333177378421944209252603618424054818248530136076123712029963567385976569988277859562397018138939514401983377576625359439121821962344620208862582371778911491372481910642568984653073330832902887557392985e-41
-1.58682083485021570303993479307648761151707913584676663863487868842051458346767663154609543528719757502834000685001637773765097083250690885987123987980051723842465734092750893471642002810060938694105534599125679601946829179721185992364653549743574386339403170909912964570289995170551360014576892935585577984039e-41
9.70166318354357498735612135946128189418117929799328577293360017796769189308486842462484214678200883197626247097682640528827706873450850386502547031365705335451749538083450920004654171599725618976722320425259262592468845318032114061927376455074184464468832672036407026303722439583191943571053681330549429901336e-42
-8.28807962724284609699130629474538166467988264724196674386808738748357705642677842789797423437211495694362716377294550587667213086423788909678973374544950633473133486456198615230219660764434483071035741808007993439977450570692169701783125112483917685601656728164004256473103344056747532679381849468226358361689e-42
7.95521665755496776506821875829825592420822686683915521725570158808381698484828343969233629100468279288755436704421664231321679607323145170873106044952051567745058564885916267240093189091783542381677542866554796800564438561646672639511148071170230095908795641881103370670994473452269696730767467384123830408776e-42
-8.20945589818880898694861010233033589178715632273051540397550558832803961959547147782999727765210592436683211568472698273911188699420477839287497721010067439826999743687303344999330525111082514936094415800232844118896523826243159729853229659933908589584219263331420388259047876011306552222951285742096476460898e-42
8.93658480900999279741057562409671779621357054412760426689061606408645633273340959565637128638205998824955656471179739064198999820915457904807548518528459522731516612722235156739699838477107897063583477684239834683726388100028236826614294678718429323018756559963793063251284301249585050363800868963961369200652e-42
-1.01396577215308354706019164541916769353185278883028133812379831517716573998012326074801638695286703600349288641432947958844457591212074215969609211809716248083140119319576291848003945423882152919087021209106687914726547581353621507196910355778368608936224806150627984242383383872488400415182146027700942414259e-41
1.18747050032745170418877035565669195613295959000366270990011373691229007306551347100528072709622491090535895988000845007929428202277195403698171143419200001773175071624644842891569217617156441998842019456454547191266939845217284479671165822305299429777198525757228642223649793546326938335722338875666724313718e-41
-1.42173137094341797450158797661737134380761767705588675057496023523142070727834837092866288372835047340771261959957705001912542151766769347190341177976744871036524560282651383909304532162139158491444575169182361208591981045343175397921987189484426885627059172480296102307783641590516622098018579803477068208065e-41
1.72205926074308057654515293843341190151930112197305019974526316367383540554200615921003258899076727858578307555449252066832073266041552070483227284702821464367406666605422961582281067699068448384311529163344904336129887626984266714253950482629143515966365946360083314312145355837452942259600601030754180600212e-41
-2.08412127271517938631824710460187430952842350671787366021655157530342648524792016231618068887893468094163482866708935009917958349610839233303811690660531736414310436237099712562850918924825415151415123908731730411428572985501859577323753108313481604963953258910923241753325924758023021468079769286899509794776e-41
2.48153965718615222370105602483813722674699152853840075670558316240225894723523323069490181690063938052839877338498691993811340978948511972865008610222620867832180227940119177407443656973937135023453317907697439788589388784433923652160450903045147176998303766369743127566384474736862408907096624586932016314314e-41
-2.84887862843602835155927535798678006429183138550714676239388326340059507855466007615426410170043459927616460883463694618683371569146167331384406323116090708239933690981989697626407708070807195836285468961260388361805821872597494466336561773554121223704017283856193526592774534678534069846792268082888758773359e-41
3.0674122983350270247597320088597706609216072574678552048300804232798805904482628201444467307796956892652888270878153750359693502196417755108863159015521282906649494962833080146586848097302010560677058552276953725121632842980820026540969053497074496390605001679443196050634902413746063386488548681648542137075e-41
-2.97532655429815026530865949349165031911942538030744049640007124800730303745948081159513685270039715760849770671827957933509260733874284480139260305593210327231008345501768698750588285432691427986087736833633459641738376818446424845889774926209258128034549456190649439164081975346678158123287222361785229064046e-41
2.43888555313947314424999923843771769523830803112541107533322530570055462342144639405547195499483693778675052041765807375654650726920585830216913429182548151200726634135975136225702933243819599033625898413915842889975175925861464353796168773057722051686073740570737845993075489485451611544261718418371998606307e-41
-1.50263287242734256692358704464382724955977390549383228541083321259237524531551241422536362614042825553174876274284023767499652371054495662636599678884860479888493626552435188270900238756297201411983771917672235584604255287284191453871495454886212026643560048151765021727318181859315514884225817583110078306786e-41
5.22207141985570564362517944097820949046929286576185989068803547135642887167035368511281335394251398303067292730873148165379992180359211732344217843746588525961042263869970809456679181446111211347426676410501354586968728373234307135473115741631776172243487378114822120810323182078332923310328884356860211194821e-42
