19 1
1.04794418481503736977276806566864512701508369307805204634095502871012934940769095669363085290419320412051095262272217217068416052525892874527698274829711561467786007359154876388870972332256968825897733562750756022869188009344686732993042207157486149239003975901655164031986942339342213758244315275287098380864e-41
-1.58681985806631241995838525441250963360336300115198950463078606781567383383117142756186028368544316704531305154361113390183855289581338681407519807651398266305757408750999126508183646797254382617149890780373265734650782252897469832218297294326324292912395529661355685772945644570416372476418261381006319063718e-41
9.70165720955718245016483487591784632535680564562390571446163919251687954085228474395194006086609892894768514705281918376964442353541963434512836554550579358335077993950920374016912727448978730211019339267528415164042369040714413391908640794578570770981257685280882056220822268178665069561406633402875529214767e-42
-8.28807452057971657992168780546512301264567733022188177196675756383696656266030229957967299474171667195216792796217997744987614067279285291434001447423598248457575845087024312945311928578883961321919723528647086245555261240223607675985956891680590012969853128754922748063111614464780149843563412687149780719708e-42
7.95521175166082691127931345067519460678353412811085816795339658308245312172043502699173717596127372734221511022312526194694759801079413835963542595916592240929597237935666485746709497981274720521484708031950170312569492342209402392016009931952231567208794695285488011508335832411814090949994892816430367516999e-42
-8.2094508296742641555246552965747616890549339027493806596630538744895592794231332886764194180434134579646858485108158028553972559837053724816111414873976099762163877589951307577859626573490814566041194377098851363459803301372789784749027218502989489975869248092039511085041826548834368034941731582079470111041e-42
8.93657928372151621734125629629497683465583789011548638246264009419557199152442217801140088023615050368418047530727365249434031213047732732350693889041883688959728373204464977734204426648062754212781164170389017077706408639613449781027832044350570396779006439453637555381572832605626531014422538818366413569103e-42
-1.01396514418131796807111352135398152553075880476333851482772614860802831614999080364887471086361301558016922120193494659850586251421339305174975492378996743553738347662656580382470254152864772361984568485130920325212866535614360614324693326248758642218991771216111262286601561666093556091570461474251649342783e-41
1.18746976346080112588917562182311192028727400870324725042283916570527704394223416517607643584411756328220406807671822715256007403555997443025452001933278139660367605611404667755316967682061829571330935714288644931953615860858636015186974050012973587986186910813294202300377005402937317557582132023401563523554e-41
-1.42173048674854926713337658517641875580590482272879084571119298711505022469536636120221754179634786536824608948865828205494947716275107501581619769286035423554953153749246775273045990547744341239778597832776799022984089085263276250353763897924353631502515115590565792515996575995118837928546338353309921723559e-41
1.72205818710659417734092135348602382094329348850929522814181066028361959957160554238729517598733112535639814108112570073951026903794931460179628800706742215735933297611868116355799538252107341489314943673189201903827654422918190551614875882842626412109115673909688499177476940593959089036623440369768586835146e-41
-2.08411996977529010154894978559670738704986992292219371183174250053310760790704526958168097713025440408592565791961105145098653313423118291072084430364223443087778220217975719959537960190402638372912759377991991235910586067584889720945455446046389803865282580188754423594113379684023543879872904194931882375455e-41
2.48153810112236148079381632294330200383123691538068646782754816370892063508742431699221992432749014905472070606009259407252700506023685535764471952217067789095758344532183252739150045980518916653644835343021239069318727318624391218034664760141580877940249053647848864643447346019627031859257782441805233706042e-41
-2.84887683619487564198501729928964549666514883901264622328176072323522635268359793745559026157170404488192232498761336769062710780709712063834228144091496237164048997079948243988222761874672907882814019024155975771287080418324961982346812748820112114110678670449540982085004103679467763624520066084815048841694e-41
3.06741036181759496376403560839859261164707793445568445789854459060152931219963752293455972410179077909807167454631588817796381603342927786342773123697989442615856853975191668913901778364068038765849697338096881726490566622175555054285202108967852877283410102074438935811193448434093186198452454450386058659704e-41
-2.97532466882690589008689144980705033967920961740551141722058332682607793113967452492671161299093704851606294034562283542568231863186449616362073010401301613615445929865021033588761501263897854348962269610755779117872667804325296882865583242851533794885880046608653502220921414729997357251593177918980676128487e-41
2.43888400139315042172322410536405468248803200810955506788164881933344729508407882543267251767251897203686155039320373682714796297707252593823906047754674074549802097313167013340414244845122554389910289490957937147237409859656591718427410946824239193791682546981468602789353466306162240101238661841589365222667e-41
-1.50263191229100357526988004396700260283579050186879806130692093587852670714004564832145310312942888460449939603826646704287512154386235204998572841588365007293626222193883447962695499602304218921048514560337791920372525218151277476442666964616965045547451400039772527296917822719068346735228686196527786831214e-41
5.22206806804990950754263610774805403890044148209915735970798776645489269210904702841868410131234621819776887479499237661812553367342890268491672120176839496269747955687175438589175830763708405163418581247443190300763722889707737335966414883304545684792168607677950862340020093013038901484447808567044311828999e-42
