19 1
1205921061859643845929.49041625688315644658822023478486096630864311372515144571125242203222776807335349950019393146790455590513732239343954215472504717852281439469640324425140500071340615988333183571532528994217164483204732532655787358573291887879225965065138011550578574248169521078527987216521423827036874919
-1816958038324948736944.45061046949484314459655272848671271982829469454806057123213866516770575163638162406245087551202030153108823262350501639045340343910570387750990022823309932755877057153017262958103043435117368057884070780525436150176501254516678065424908784178599109513973653902869438484811750481297251389
1101612418760316466448.32308417022369796720502586912871279833155894952632983519022940676059545008379301378972939467336276926898224529448330971966280578317695407414752653234260951708859348815094382802337939278354033532163895280285334454541630649445454196373595995189035369565610876229955475662903185216340271921
-943728551456352654555.922750005571435340089171602327285598582477446255851757568039578159958328487527448584266864866255847965710434972710287533520656747203019270162226500766446530471366859334136098862700000287322152744997900348433116721217505749243253256486890722160529034460995476918634697043991725641896248257
904959681580474579528.712911661126650708859485695109761153516842891797627738477028829755871193787315519184057912437537118376115984501383103717238045362940353427209990325584619687448064472067643053964905435860769341479907428685229906072408922134495373440138892573422759238590505348601632805048306022788846730169
-944025697045411624133.99154334021463040820829341114903322427963856357013219995553167363513844086620016970721730169687431794753767422232102376357967567467509066888386075037430872509740675625105124904494737008401317035265966575994376624753746170745475207563860912936137066066832068009473393310365598545082448061
1031582356982020113174.13132817271665469603136936992264714911557300121932643897074106061312941140208978410427995324452813605433539239962967902037950773083948263659325395986647470406869870845482674815254244520202777357317316907289639293273060096857793429233530187275562218338193611244409246483831788541963360878
-1183466207650162831396.58189666557490607925644536501483524512560177924135014163415560301438491697252732765249015990251138648419100289282225451080027026801401513165090264324323622405659599091705677267527695257913154923520058673401829738336447808793428464866566939922782090901858799404280717511726304511093529568
1394776510970623436976.88996839640478137828687656492541180959649091337654360112742192326541766373036977025456810445948031167415237625155689107797167653154298538901517696804019270809657858093170143131347534293327177572092528125929519560755743497203034936500952827452743093950569086764334550426936218528707227476
-1689232374343731972235.80582760382006017577373693771694620825019603498064147399745782402733005655295164156334374912259173084953239050680937711609932853723327124687880174714202462385300085483183027199788721268239550882428549799900571047020046149934900550103448071584308173242707608385271606042576622944426961809
2066283402736789486166.4724622527646383150531219383413032803121924173030355013909346537044365720273138739209209604287982966458763226592370853972560377775706458776657140747123452639400446625675882849865942116471473007009935729638206105408548069645282672840749292405166937972177342792925136005412444356754519068
-2528775153632607573501.66927472515131022948385004920721009156131308015033553999069830680083667032154318810631758834122805980933663031778645222934898997129817409478099047146626053215142437394456166776895800821234483001212372013063591054227655325761608715465115638229923026163113623775545877991932849787358372647
3056694658682125860824.85960240169605701097314286527491286552703583096019897951720750263497895857730031754198600966913094154047732824036918539868299470160207264202120067066250803762107268027417908056628907037747547523849743877950899253405994295432893011686419517240268900037246634599292492775229737571785629416
-3543020834938847453836.8119432997681761801557160877396093663888080993242239058617979784641118360911117947872439786769881958208492036587942134319002760510290404258586679107084230768998441270832248437806287593923793393860628662414641435375186805013168539454788340165596231242037923853079256532104267665486047291
3914006633757526295927.84762931965312198837802936927958091168652380361851558073613244706906169566486809392723177340254004224196646003694708422703239594645124359424593930547914487255486564226467669094461249393841613694256770068876300723612272779866263289366008321355328691686989141461977347026309217461993752482
-3825076411733066609071.68288729362257430730708477339312481106007856017953921248487513005629434759776882088654786478962276227484331424347133756258173357595808694582410816019419801135962925887203012762888157560401054160610735867048409543200888866128963597999911504562390733198227010464719115733089989941377445823
3278306453809082999501.14854447451949589748894686422837107998847455931023913339847298442455493110295094304165687295207058800602175368282990152823406377968388916346877604899288173362755630418100275301790354361633107352016295988601836855302330437231093427575620006527452720382368737729541501713566482497307455242
-2061580817265759643909.36659378780791775773280368318918166923845264423751578621115499977466806685048029478423524035283834349754917594847274272243553606238609688665565489234965778742931261707256656521905714139543780817573696695637117060730733753783731527521765094187603117536538416638472430160635233296439465098
821322192010368310834.576015109321211506229786670861201386659529727406590135799789463819679493370737865700834766309631038639983794731707583872364813923612459064803267273526412678529402587876886399689607651706431317724904895050264263656277832480568312352440389978628519377333961056023439106498714646837494292896
