19 1
1.04794398441335278335812312718847021632205988110831056683297013346127917219423818918846621264072354864472032981324927892660993926971958356520266406381325232403700944222706809054872428127197763185116413091237929256964911065837254463591970733661604855507928591957093916649245769782043770472459485836582892851471e-41
-1.586819554593118400455987981780295891443344318598689958478295263533055672881587871625681814426718585108564195278495341964210648233375781493712122320837073531425965263975861267206126263341357025563812320210433780848258867804668759383348041471082286529341048068675451274767351559424881925894167392294367341573e-41
9.70165535352257744401820488979201291173369198516502210838039143801852320736225409868336248286856690314455336908234801719204345083782033695713899593760320722293204932066809639840305758730749848816467375496582502555916564257305059615173704926191758731480858349546194385500983166999965164176722691162220913017273e-42
-8.28807293401041255009957956363579658069264280647373611459849869111098407895528661721424656347560522348566704939745603957719628916374450730760303031280457581554349659525337711874814671802002465041913408899008819523118723777831250270372229997636262015927883431361796377464209878552283492913030058400097461372423e-42
7.95521022746767095329144437611211581827331924020978173030753482316286424991795691184095596444113354526445019566896082828197242305826365642790061691757601009523495622181881916184855812068578024872135216875546366195112996554386051572303097448967456121437727039828960147887319700860847636712627752382314636695649e-42
-8.20944925495722392449293658273627674899881058111935704784692384470035428183986042810894151609882639215733294511623509970447202956272109970308658520016305123621069507176279786296948604186637554309111480999240837816684883143460385760141356355784963679922829408596165877378321267451033917535791338727308650663689e-42
8.93657756709118405736483528643353168872221234943260864067659781157568597428292676792961640663701656806953203687853090588764072885079185386244074791913058620041960478946909718209543058763828124888159602903664314007448346486780821694817456568860431708400140091988799987639428765165547311754355334984023352970092e-42
-1.01396494907922167543783887350663386234887255445968239564491569258619233220718453330006211322282396323656916812914506052470152241543501179342073266629301454361383890950824212497128994441414800639660414645109962225796120222071588506408944053101101759754626708657032347793937761911850658942211858483744955380612e-41
1.18746953452658209361713924785252982837162510981553550586127284050084357436952804915147520784697837129291200531340094148355944551852751151435986147291106305697734546106041520622684685055439698201141762000758308732198457641457276307687599919495783552014226074025632391501538617198652322147792305488257387733908e-41
-1.42173021204150749039290893751534351156246578296304603999619876402708502720587166770342081942957005239897832543492801829137422793498206380516276763502265416479199927295660685532419610658144442496995536149266951689826613438948724836104796335222662474379186570472556279329914603548761701737396465576742259498915e-41
1.72205785354268526100662171217017657830247057417530701777353979328413837671418193724078651356321538899239826279940157791490879119341106360251646641704583808930056751352619399122606517158957860832518319546728419663613658393369982898418908453556687114674745867145838847747193635882375151431717110192354544036287e-41
-2.08411956497001612887556474711207516447714662577519233094559842383796997385323423339633613001462702908697987287851179630211921530512767881628024536681758562396317256452396736551179274745197902569976531610881358211468111993457288584375203223539039935894748882249946554188767690657977103811944282092115249639006e-41
2.48153761767503007924295566761002591425521957395832462879215252337032002948238488345215217033503864273591273790835513795444480318998617713052444064801271730486598122974185145320379751867084226665115933234495493807832646311314835961930397760626848264718938206360295073633267323246150770409518265956601974409457e-41
-2.84887627937054569450786559868880752890264922396219715727538346960209797202445943546202875710159632735716330818064311486947247276406617824940913622194965569900474949303711414849375783741090780695012253689580479317223022467914554438860078118649853541240092176432711159433331475817261488408800157424903343739778e-41
3.0674097601686558155273438607453865604375615314380556836696350088714646841769921361173416419227535481700797439441982142304060196815574013821762574140724731799812971882663860771676372734351387545363882720103034958757489633470343788047665023666780397366836085018630266992528483302261052381899068769920480875459e-41
-2.97532408303732419178990407011412155353513442129169301565810615966051217695258492045413894169206295817422743997697631110167232515039596087919946764294363313836334314156076765923941001821972370516315990696933402272624347943098257807109057159823132418365022330317849581624020439569506147877245832208874886100831e-41
2.43888351928725778216167264993121089887737430061668006456705419342993090590297210033131967268162779597759186989424171441468850108476873456826396796235163022014097653580396807551258306122696523079840427730282138567927290442817274254630259737789236860190557297984383811592032764152619720913839868145180697099839e-41
-1.50263161399007465406714657784145458890565005462414707299924959848626338187607124862174249905640062245907951097089481153830106355741566252339841121596227072392605553021012854790139593872257274553681051690212220331329261318105794792843007506978709514165387468147489336104649781080392801627646499881277781077375e-41
5.22206702669077888525788970388586203772357970864977021020541037879469762933908119393200837873511182788815179663244744090818948344272967300993772586525372595524387469559735321195808688134733965913214611499018999767346887318053628189738088981433847959276222580460680025901566217350261527343018851395271446879666e-42
