19 1
1.04794280199125720124222802419262896423235859268604223978502011936370694596758109561428751909604960039388022144815488336913275697715687233616958650915300935044689358618952597375288865764068077883347318800209642629454969741485041873406065602351252950155348403345276365346251657579849942598796118236797782315383e-41
-1.58681776402229355507221030216315288911829410166228679282816940455983258796555515724037402852824208749915499953846070417519610346617842945618622289375960337551387141711261284469220939357775751639579643076625805114311804937365486222092623997662379031474637807606827431889602210887843298840577340968370392076705e-41
9.70164440243542156005232750142816907952795137906303878986961639637715887105599939118607761909159233955992603506919311274292005427824803167020832516342635212548524221959392126632527997894231213405045909271893721095303122765444622454326194113045526546056827623345549118129254633137609033619793103499972209122745e-42
-8.2880635728387373205232374708141898561224155746357099773905185574286151636715928240806491960175764720334773171496153848959907360819600299381086245250085489959817759360403635858077832235709705336013111675258351908212755382123636453625912257795567024004666007507356455192488445871957865114754005086515774627586e-42
7.95520123433161339454844461024747123871216027318820575865383341561560372906267701141928654081610271738806039118866666258760230879870170507468748729394858300125267871333108584155184861184612914168136522724337964387689423243239072933102740189167804010227076870810850584890649585920093145164294137199580192187738e-42
-8.20943996371726387746564626215792888676239134448914020368766197459331169392294413976389196084007937957326520944095306802040710343773814986557042288730509827976161401447153656500243201236722015575778320868960582193056915051152664729045827203549550405982476971358265198236345449501470002150549124025311810346754e-42
8.93656743852611393660820841031720019343658535011825219441946205801388790624354869301160361575237770750111769122987501103544676873280925498536385668674875495961927803274116433278443449338535586628886833124021416643529015381243623299570065598329787390737480610976072247465445594029867062816117992284063416479441e-42
-1.01396379792617954171136093280672004344081943988579540776441220190403562581441591422895826616589953734850331285106922422162150580454726724963415797867423870158453091932359492598201197339232266618586261919810582611387618022226866684654139766543821085826355787227729582722238887863795628914245816296513466726516e-41
1.18746818375526693454403889727069206146528677676564886716625039907345094527520354732322563683109275686464058261766219457496977346923562505785624146156558634795995360431841244885729636258209104799913546958280031831301545648084695746861342748326373831895343742794231153026569653561642141628032779530234213581671e-41
-1.42172859119870945147734364042040264027807551435484605690277007607320045801786848942952905792662546008288502659956686857950323937311029631022678208825072057473119734609266500404754988339333330578050734358630087492708535341612523779669243164240389125978479453368213676598553924442617124999235946175729054838058e-41
1.72205588542917611152049358148523483923578682508428875479544030173033657889328765520977854723030619435564997370759563345738894437874846651956395417870921298651453336745757959005151175466752808710571173789531452648105815184197711918372076324316290981562186125786059864734064036313795913324893706954864402092719e-41
-2.08411717651408517653270930771676550408169977785551381197116754254306282809831711171210597407380953923696409803091679841548397542105149499687395925002955914303129607346429133943750676490428615102431670957883680699474350599606066259793212413614844826083762466754371053109188782975043331944536270720061965150546e-41
2.48153476521072180650404423106753711204448724618193010931390845627637904983673274546521025872562373271904441429547728884441159390558716397444645010304500230715610019626578280109036416605405461986679738107922807840554496906971718471656894586369931370292359972301722869386793542367038028609604430440114322450889e-41
-2.84887299396312038912449798452811073385382162283238749601696243301499944080096455436178096961592697283270883397476582056070020901864089135881929206742410445587247809395318839172704603805229064214552246200466434829509269338051449482499533376365583702343139225570238548473100726410835042538983997103041822738971e-41
3.06740621028463392809910325022683703468007992234001308112327949843633276684205433292256298081221066962424262925662262215446471526953940681659178139892866671714735232698052363822929062182352506184984714959600089486136361289541522713623195371109615308364277044087796769844096680228923306087337885423696879316912e-41
-2.9753206267277919270783100932646397549711715371609510891817419854529153850505145712019882810348295735192093339293581758899566070017756544862632086558474106849058087956679862818665477563516359993842543591258909828654727638684903510805402708756587738879745362562178674060325800519414297046689702140985350933468e-41
2.4388806747383819449797897981682704692424371810367439140025634947225749563826368455094868379869694433705159643820425990678432573295889799154432242517353251306212033671473025396501350824449841829669247137271447627501657465353867090820198117874971376917710383902662877311423753156275005492779491010898702609471e-41
-1.50262985393790957826244126724033163988773846435448188790651865731089042119089888609504081442663766395323719025503968486573461360061626752976564656496662569142688374455613726636799757270136334487763343662715024714926658601508284923419575279473210282271657627557666499424072525861446098397683377012103487278774e-41
5.22206088240460160346561092223028559935269111310186826947489422540464532759899656283725587355823111814247460672306566671541926021069509896750175495399749148263434523638484453077733844330330815550102246872190452293777230435869184499679204470411501372365790697054075297495801114754407289538784977445183189339565e-42
