19 1
6.52969623239841337091330199291233092009194597203704988227776734499927923513076840662668975737999817481185509052014336337795409409160985109068863725855599557456987897012287357620681126306225570169928711901440938889288802640841696743996869576180063451000911660540925355938132007495557116226937381418224993285033e-38
-9.88740794785565363322879316570471869033371777164843172074073313053078607823200819818930673466007000452196288327570220844012223282279318854509740730890253115436994737462650030663033995928855917600596235730608088435481976694740413414176349182753337352867855491978990180940320867402885813849693087468316582486985e-38
6.04506193451713026782976012244985823927352836893061041076167955011253952201284879250774992627717108394721694299651307718114815860477793895113260658566814339569260620203569716660649830114937583012927314688076446131029637132328639346468914584559329210656729024230907198797544971269171594101553243610377305681542e-38
-5.16426454618731559042448139025721044695284201224529338622637102791569579427335966588921648388537373888998898571904121637735508161091162127333892897649244258357078216121733691890187281824589833285671652184885313849205758680583372532563620374026613136914055851845695061092638853082233262167208779024844562285052e-38
4.95685922969614290840551516891793129368220673441265745130289340108404681179679443497900361189895097357995337149608788845961260202794054121585237560516550840551071497106779671841601282551770763950839781172998202523639985008075610978682832011156299122317154712999270243508165285342707244602807264037077274302347e-38
-5.11527464803431265583764837362244693537976591657144658994965294196652094103551023099787570042054306181805901499270635922565986141809174759852210058990287052532015273083819215396331057166237499726515832819711980031271460645319117432316545668667786000096290163165258737182019646723488012742616834230758171517952e-38
5.56834551005753455056440663937293921975286795997073925692057646778384402738028714437589367818868955512101933863424986212070757035861401964116003689290108476440138545900368638399691561161972458013405841877145090420513946637659802548261874930955612905845734635415895179090467243390883950758869436828511313985398e-38
-6.3179749853826678348286771152878745015605151007233002748034671719516566471615535911404070819348387196445442446716584449999599976489814535400122789220132169519066585962902419313501425178919278793928919884735078701248181772229636617861438820853091806243172088483978397542051804100633269349397566293657411881672e-38
7.39907538280148465556549462560572965249435542027929841440119493359412128672996187450699273505546294763224420010329324785135329844374120364465284055753821723188167168004612495092456781617930020904813722428937985496064046021282052125321719291099441704632559480669473943909220898805242138114312862385238284327449e-38
-8.85874471027605677259999118253423761326218727764890952995188359014783974918765400368409823010408537331403619705868908610499546126327343258963041428653255879616882041042472575704568766280236413128756005646062587568762762859488439366306837558559009103360114911757671176109665010606023585692725081013959985404456e-38
1.07300748726614978764261919808434533876367655312586283493719764420967285488978400585207814976467318131404879013548796185569365505347091804395991513816454614366645667437930228796594216534796277536070539201796931355971719202669105308076683165636150592204862031570831756181019358312367688399766140353147056565974e-37
-1.29860678630752581095587934142134925052546617563327789708248363067111328364465753861095066241597021047304562112544044089454154123270615069036908303074364144107807134292060627141317287672372886818746387531087809052436257672480969731895018366759381756465146482941904290495801974992260581412631588929484830559816e-37
1.54623651671542286141862237652784528364434774726662050289476628683270400830026780690277253054760353484374178037951907620211773398755670053396345692357160301425704963932236200166420464924105143398986868303988208321486398144018700861086970836623352646093067742651068582119981086714187838907072805091672815779806e-37
-1.77512393118589962435917065941705723478698453719376566535693638340426324057504507314848016276490501787172429217550154019454144249242129402590233918435572369885914309687358046206276021145390418738811829475158787436163365571997302128394248458414015856734219478365379654135232838661207291875970572293994241585761e-37
1.91129143836304286868339800886732491867380468077042654683667936113320053196665974697595425652516185038816080395855485667464872604448414576581756127039096345263913061261292235124797494838157896722770093998945008603661848109882226873984240015166972218556691217158364104643175653952079255620220753930092730945828e-37
-1.85391333604806580614826870794096759262495724875131737976264811616742153575894888364099907090759735396961763044749739686187693127439789883815738235571509818446719757401767272921159028230730856166724688686747958472129151056192064129720028254297764659834808212924455344773011556717120690600351308853934097229812e-37
1.51965934083382326217302760712441968986896979790689590199149871782701439520159525655391845042919765249555116105768957267268724932768030284362745914045532414462189160821358772446750672721913341521012973896191485221747473285472737796170156557318188764215276996199794313835821793116992363608688724062130303501377e-37
-9.36284303909125044024797945306793052641600495009714335493336951195139197609901543735987352914036519981935456630713777413027390804919883479129609239611925191447772283691457063286910473645684547590170558309657161855211003834970589407482012180275467513631870491281406414407349559739224649659871309216797837277374e-38
3.253851295090834945088415434546725682195261227173041808540022132676797831227976570822034363657222930369213817905076542102340726842577726011763438860872265077080490110808339385274177274877192227788734359795741959111174761005058699066231232430237475507765112195855217303375252452359011332681935966795821913961e-38
