19 1
6.52968688756012028298981369413311193177969297686465462057107455776993253289556995183266044275487961953031674690462769968004734598160693665817875286090515720209880134739094396815936854642971655283826288907215341348263496902571448858525915498375250382942968224592350999753468522071827130669107937929851346661637e-38
-9.8873937948654297712207152505026064701344501792579735028581199518068583695140053191955336409113542292631597008054101645491727023147378296332737692878615204210788661623055552092623269698413909622132586839961080667303399361966658269687442458736875664503942096659367288158462641126203351711235968990262452763066e-38
6.04505327286073200088696043096908838148136942391533283675795045054675293123583451802834364976896186307956488103307645437577220571598283510771363399276931566016554426077109192663755340099082702640243209614716732809612063879247707617869658397923765119117412420113290220102494494702069145639423379265711880829058e-38
-5.1642571332627131801782115927388460562516132871187070414062683733900567886382140149858748864999804081713231311572549873979404157478072928349013375506268832985102094670790083560159317717693618389765648629417660855559633838689020534441997712362374344747343056284555471285260875437713072776059977952043384872257e-38
4.95685209602331682040624270890344019485336958483769746193645035005133661927890773991318094447693689695656456821464044835576085318044590881745898185549106680133539606774737249088490399173318783792605451077334667200950976474002794795100146611864994311064725093186100913130275059159409197629544702278461966483222e-38
-5.11526726146156338778972803082342847869504271105954199772994337865032790265737596654858008148988441384062254752232056540959779317946557813661791485882490386377681753461886421470071895353695436935907061784688506952047525018770107664611123875947930293673173919553236793038741549330732922662520505033135175924014e-38
5.5683374357353283261732379474498070293219918097101169139554475562057186481490680984193256515094511769217818153563531608569964636843010693866451380716293552146633707645152452078812034372199321587482511747753369145441974633200521590979894760623316587246311799955179019562483814922677721357893137609386135578074e-38
-6.31796577881152433131368198395118704726161903820313029909545826158671330301617333136776778997619646031152919458503007457344565917820264876299259131879892144462772113521633003592363544468340723247456551361987788215504909189223189824331408456301083926804418746524463950278508348333861000639779297969945960282183e-38
7.3990645393671965440053236026395966678861898974502135027442840186804037790117924518579967895936829488975194301642931751609050128014624747267982826010851564781420849812636611258092620192528428192047142235561730495001564731009105502630211130028757559136102286775058704716453123511840885215442584608588184408817e-38
-8.85873164391642722116908130675912205831563698314474441774752151499633880660734907481736098814599189910368537088813380277185754633261967164949871027312533753005220609475256438487429758025157750590528519736394400683864958108959976788407397523824074653555644801102839243261695782189952965046293142479654767795983e-38
1.07300589323967373717376388395406863917970759860121639735602138861917745248460010907391213708700915125032921752075869613549370264361773711851915376443718586026868343125536435790391504142615375217477327972371306921417937563018910899113630853743501637550493346764732134493008785354704846252617772541169038328945e-37
-1.29860484188233088231814902561310564409563195032596827935357534685731770258524606611246943544795880674619951498427032699312591498363412286258308161688365663117742991660642426877339519821476596599396566457754456683733516044626754767217500894221563930265069216335943850114578427836364975383003075943956827150385e-37
1.54623418157355295529063403292952973260851013966067075871754103456017541671079922803177730421606102024611041588304101611874177190993129359187534012239857814465645019547828564774024237125897231514956989171962882319489193554390055854112374306478848979530502067743106391132573874424522710154508942665809976812379e-37
-1.77512122545365637193590582853331123507456974114362236200718354616761349032016645966810482954710888325810848039059939071014402309523080706756657607427413872234623732841326976090350499930440381627595502230989089369510294148966562825397386899001150727912542530266146262488566468019579276841876093126043370116005e-37
1.91128849605288612173498103450949270039745235859379830098701978301809109352303606825149814608045711662766334031579033127144188579016903881505795516792653634960009850324364105431591217604081887728833544238621356085771765602403018850221738637779231295142203385686798205317462471997884577908233965921627520516932e-37
-1.85391045178972119836022782863734052719959025176462299298892075172022358111607140950596959657973926818700973312076262762204808448707605309578560284587304334077094746288021670117377596700034847224495965761962898402685449442626133389233489129804986823778113108581385276384561134711393318946053299562451803140593e-37
1.51965695003626176509784790062091130130650407209319129672729901283594125617086453755491177916790283639531822431830569049859449516781705453451202975490233431940979832209168889835941588792617062145068232565863344105731738727802703882923151925508755738048414586184346910600879040804384832467758799422647245546131e-37
-9.36282813466279808015645870201815686023639443465203536985288217491601891919020452171612404360018836960302762872515092215023624609999073185889966184557527115159048397407337865981393095855986454152067728899110611225480558648950860409299600369819284017856030605435389758328589727337372420774211650260827030645027e-38
3.25384605105298355311621876802343556047264595065637757421238794179643044855256518276927537127071367376688225138177604920969163431718546060131369759708223772574470381780712316608144044020121518558362524179116529863665009295095730671056552629833627738135857075923088443588718387982031568357614848416587941495794e-38
