19 1
6.52968409968220182027767152975131268736551292875765029898552820806521636382425801848660561739320989192005118734427595708060968937424178675488680238075976547836966959584017891747654815002831325667773886083706200943980157921779892161501284812655825133875553977667805161333831154755749711259649679743369818169367e-38
-9.8873895725550286581325877964079889336034228200493409745767395710625595253736702006605835214211599924055264822138311604891629985748614270304383716404677832160899598129716637199004977104895362503609614961895816187724334361859109648853767494009551675868130444438099566911942889075867498581846763869478518549818e-38
6.0450506887992243872175522107588256281916842336495079980296475002990867937224544505427321441137915003803669145286762925040254650731282613185654682006097596840736965156794468169492766456691017276398150076089453555400976333388567646668616545723165749636701361683959229567513741486615467698366301926748681931596e-38
-5.16425492174012734227655943992988616485362450081250349805898861905703566589405136134052772945235088510588815760359880195017357010248690860705109781368163279390510698790170891705642762539672836648264933305434484733173846423919464801739283409941227726492133338127694861143990190504563881202280665843526875324513e-38
4.95684996781154529387465166885871649226585493020737361307923611517015787066303488208815651604404094770891237699332214042263386788519597195865228429820786588519732815588820801516921609554069271862306777642472245489977172253274168160464546215999507535490649222305227120109802002568709174703027517079709729274669e-38
-5.11526505780227652186964232988544878015108073406698762473160935802073158106616471110069683596897950644257795332627927444980352565949552429997775800013061300177875023719899955646798458193642241085620919347473779617801242662009045134289986809463636930573310347259943656664276164418199484424507683438338632111614e-38
5.56833502689886049175644701280052873971078991061329697559504433919446051136107518401203813292437378901936031116503602085754838138865047565264389246351595656042905108336101663090864114523400575778479177866002460220012518704245193023692983963417135807881604103130424064049067894519862318774574495160397851164074e-38
-6.31796303218957093100991625629411260151082044239176246468767870309120902739148308607792843798372491646412792747967177861741641206014175198277371657321778876883964420605249539867293435957760677826345297535571602783914277019713666255917632696873532382183939520058458764617267275376039553784469963383041481767946e-38
7.39906130441760409734526199410496600052642271301144205359272428499722033400715879813837503366359919239152535062020340526181625159405723933957856020475107858345732773248419053492256095735180923810939793042495347373430680597901470795426672638096507694235646836452070228890982989760278426771544706114984708686221e-38
-8.8587277457989154795111401795915922907435140153158649042982274534798022998787324905025190762125752434903290718565507892228236701570176776268484662137887459555858054321325565383757488378947275970658529872011920962600173480361366687504377763654448125640992333876579860161242364726193926156844822242218264930474e-38
1.07300541769046036291171832992743169748952884993184229684693336853742715579919643687000108603097786138914731677664449965143146422854510337707231216606257569261455832766383529679651155840322981322392792895282023680013590637320097000238287219533816513155267843847386027376180443990227885937115293300252592347232e-37
-1.29860426179850179492362828434147331107130014156328524635199891388981961899249555345897156946993747022231065922181477452475467737228916594255018339749519087120340009962017304656863608598656057897403920334286795305301686135957981078254144910584766098012989586350625384849287771024806913510537501298618976505169e-37
1.54623348492724709455443690144070801697206300363035746420002185713921030702019160950770144136573061274214897003702312093090846151629429584404790277649626098944168215488309399404110706414859314553082631266643426438194788638691247571953818815284035380566954082894684058162561284480266350247627509461162984617014e-37
-1.77512041824947789234683523988706754000272965652333028360034984820771957530777650029526170150817119972215698416394425500098391383655817861496378804129931071159445413332928905178279076691479510806134607814857440324731713448153867140896951079218283505039960130391765734307543753202938994654734212681873207469765e-37
1.9112876182711863891651082415270083585811785999000430703076725219983719626115939456571063181864991810358491577836299666241180916042245776923127868902724385854499721743053832129494890211935257430314601793895405917721261511226361833809912924343699639902628035554913320351860650145483485799472656628969677677176e-37
-1.85390959132773573116905230601162865659072910915541255213853577795371685638354073291987208324456445093412273891260268928382154550683911914693701307208429794280722258205785977074146775160044283091460772882394107756369735541828582416691162227623485695644349083153767678657031367657796705427066155401763948026519e-37
1.51965623678956663275725478159494134522271360201243892397529511786093315632551903637532804973674781452695367054750455981584164513373607112512600632180105111912998395181005516378260849334833157753898552042258909194886388459463728192993110119251336001994619494419982942061585356353904425952937280503897442959864e-37
-9.36282368823033895736347720421892594158227449272312531508998738990303091389871992132492607150997105636640868961349567830945534942346743499243789849320487456249636988558964091094896582815998395954673435564746186107271827655499147137963778727446210319501661788809814749158772225147783726976135838593286064258249e-38
3.25384448660337632051249219115998990531923098412351010136969855734502512449222679104995569000359456546375061102376493712433712546330171525973305889410813920274798576186177439790854729108785842231910722175045028772559256744847665513462205894207130127859727925299325676001653785226133347508657107386372626411557e-38
