19 1
6.52968744295254628653069250985251496947312012528077997768877402582345323943408785678379171951480149001017506364114404021207532343471238171567998540413402957500898163522026871137887922663715732460499422428101767043964032455693642835690320007566859759840612045314272885147104338301678301644277248922609761724986e-38
-9.88739463602106932582375645875385766432941543815454829144683920336987395392979492688577191816721923716728676809759073586200706065948842618273901954873521965718621105642209723318437312024493809872315738468465454349437996351553287525024868104256931690734057090394039060103926119944387778623608018842786138450185e-38
6.04505378764950400760442835869251518816421783486727196306409945510987437023602549632487328536329471483584610243793518743780343191582196876378216787256207253596930960448339932854736460359322526553873643336815487366105903562145984187762074941196164563765636195337961414767985070486100661466799961303235996464549e-38
-5.16425757383545676453072297256146992368117381391747583124497656870759728583058212260496195863759265046067077744669246129127642525699580247478978862498355830291388610163131004560823785846725987377570116063418585691247699485178035254337192978963175422472951115718718815348424900645517354747590274305351893635968e-38
4.95685251999917405614053922345899006596603313291869608971363851287126106388979438168332338837432602018295277977278801639324070309874521523389961067942770177218455120544369147296931406149517020093243413823542179234716899946212082315136112938811662659127407802723060632758233526307530826600455008163906270362126e-38
-5.11526770046789623580712066396904511771254911300589657777637902361597989829407515764477714384547288058931995882802272048400784892080419477247695103785600100868633891271872722867143540562090920805342349761346458563303181772164842787783777611194425130545964729415715968696885058213823237585321492657601188676816e-38
5.56833791561650748190520659767149962816800078851509829186073819810261570771012048260884833309228338631185937564385299329926787249961767889551498792042411323637142784653438109043529345470957056937795394314549828361725304467330837345000929791488981567601895963877668423263459949881625001861452511084502068694908e-38
-6.3179663259854085331809665663432261175002938733239600017645949548884743087452041448035990467727110517249261846080551245554677590142182492461311172651626443702418411855183631377965769048985419751531589758280257439742402961312441154159439713889350700648219432398588202388483861053660438347922678187076418841257e-38
7.39906518382439172847791894044781257168054308411396239217038517887381828189476209058421054022846323159284371200761988228338145676383376304296385163374297250445234667194438090135515822435130007594307068385460006994065093096374820956917455505241244359085066183199624288486999022485454861141135380488682895808072e-38
-8.85873242048816645589310927172587723832342916627273006334187082440405544221991226027002223878969403571310786095382003695805059310005208804737580314226743764249865534394815334208872141887847840827883510209282006175333852805107556550636714032635138514788072471904951715606493926427976836020821928122670700939607e-38
1.07300598797724093312433410486352786629874949663230932254575648822957092998791511737145613911545293405334563851995177335287103799151583578349132563885612298109053211922378957912909826507627066063843577669488757201616938360682670936050472523416387826414769860170172331318185926608928087686102212540983115413833e-37
-1.29860495744501885349671537007207784913634184434892804384452562346598648046060270167221381951071040296381634426877039838351740552527690441047548336620945107455333648280229260700062659083281430982358437383214576907889987301448624982936483496323017741552256215979072568959860091426736857301249694933083830245305e-37
1.5462343203575334270079565818824247408344791969183663013541457038426895744852184240068670983805804506138216006414703420827143864595135894991009235273082736313889753457049672077115074785477879041056661960182104702278802722269459408464520965362815763616095433264945749908653553035977153083102603423622621712446e-37
-1.77512138626272469834383546349223564762728289629132340443222791229922680770242243645490198161893944334990607585813451799068215890079734479272520911901679238239913067490435360044826575230102946485038421931602243904879706166221369647486792053759668413399159951744843253185313392695522922446917632890024753877867e-37
1.91128867092227751325973417158782681030899753211318128125884506887941418975554831986705655666126962678578183648626908281117359500001501845113754188301984611030215314541433346490634738408471128997193199044482790664162811532562485620261398566909274719153659924229688177597141474325597925620017979378712866800317e-37
-1.8539106232087830903344136364649010438378610966823506265511762619556881723983433572455467913043251982627799245901142006272659655780342375196753014212346039035093185891178920419126661435064631299671285299421390245187831842604719288669995147264373053683902290712403843305228791876832001765909299715035602738415e-37
1.51965709212751686480726035977429465012369206416472156305609305849327796601840348904470476886335657443717167990365757128693662215817177989480740670510851784293686293133057755640618331282167763090376688083189693314089918194063302505690705704007521190456678819938500409379608190807136945279679224577577753109529e-37
-9.36282902047048656405921343376417913314255455550040095740270073551137723587438666229417356499130393418013381037832432145113013253137450758448431570568069772375803596804238985157498548834471417556022495307662374986945033157249155504524560014398605156365786940754373623605442033012088020009696221465816865643231e-38
3.25384636271903117356321700014033450099779732939012186091253405642694636014388689546427987029101712057549126805985294775398985781814418279397492957408401619683104464931338243774663568656302792106176090076369197103482429725523157153358443413548199728551147340808712134401375524984499793380930342289999454110376e-38
