19 1
6.52968735002222449430087230095600016103433081827270239188981368999621834707423456074985429755970291218004105955277858259804927243549792745442746881136741049136134667535308717033084653382673985278184360615529751890981279039576817743533079751806874938703685489789046333859374519092145268237607289647153970463092e-38
-9.8873944952757860320778944443018537698585885943176807508466644765308351313144964209476604337784551299790671288389379841657464043067860629220999471308105236417917982374424851401666515041292211692919059026649877687493478689228388662489639111657146471706886611820954362378571256484923397028385529067746514147292e-38
6.04505370151313578176147259720113164300773575166773327068192000346779388514057997334280267139755688983739637294355744281288813366786721392420613225036981278795520399290906534216395038071155438407001263054069218323605883325348217313570044467989499457117445327321233275332738603814808598534112938482064255405196e-38
-5.16425750011718926209999055543548710388653042986928577503257951585706090807141991494821158779891345438502557779385945626750776006304321130717674812772364041385442897528197122093627639720180801345190540463157546605933512382850461651543125414534799655410208754919717293998955600324228628394119723810607175764053e-38
4.95685244905795832100860540178228384570583401653718908844549451818818774439053808665466488284288196651360796080933121441661565784307851185055903179576377728411406372908616177534542356998631704876105524265860219869745896116467944192161252065217475906774181431415523056544139308596837142740450701792660097286136e-38
-5.11526762701172427896249119801256025568712099341960951976966219987258026464353560124364318894717821068286358860374657821527477730675770294013741203124624451712101079072067827438350728714182572732052068669834364381504792102488528242026013885620837031450230551351531889728540159931816486636856648708250062696813e-38
5.56833783532100265417834373597241480803365274626876323819569525032690805541524995173630658142990303646620536621424112156099839491283952815781257065784473455677254713502049751918586541776626767381146811714741340814886132635536581992630000316850080417354569895658878731510147747477772568833316233792412173474289e-38
-6.31796623443023570320729285343977180152197285672285785512608225487287624328012010393885679566284325930723672528508053130851087737373942158319347798098106202646450583680391137283870971249758969239638854324186220552764070358396124179465192894666103372123250840115564704247204078787529081789309161669182990763987e-38
7.39906507599140995463879496330682170713213589293781827801871721070415429359562075038953955523871436876676214010035709210545067413928038813250456532907148941926570055164914509347238363357939625158269390088459611006181987038042474419648119221905646126434433712450878688484572991350625536009531074452677438829143e-38
-8.85873229054928242234146848804797923027660904420054709074345349782310198236227053611177805676547232049069065253763161899907038325995767839047363443159532864600082487504481761813032086482140808387091434628945122558817653014880174911908568080254786421102117590246390887465832173687717184754432296203972531344961e-38
1.07300597212539679589644198029861694828944570892065890185916702953536535450984504177540149172119280153586570026013464249812929519502963867149396928416122968456888985737217555335185524644941813436342118560901031963082458046239545879002285544642296173054888078891116522627299008826166396681114265616447334607238e-37
-1.29860493810863689508814218647697722231133993894910076886150239452909150893076624793578045118859849632206345193256689132235677011557669462454383911401644828832508981690474446476468776493746183673313403358968147223735833247316657245021774448957216901294873356382868868139410908474273445093541138550311676677065e-37
1.54623429713567687683057842997284518539196904756354382146100435205786838014814562096161847005500794155381019966498722968096719615475457012830792259481975835121761908628212599479351034831722425259524620608787472788652663190071983170711743642872235266206695561648259246753954593970802207020294307648772028374809e-37
-1.77512135935554663238475666762674503965891378109851436626384598730040961360810318882450159435659932524464787222636410723583556010024835015800573708003847226379703478952958590122925763595163567391285959947893954653223962665245547538147954695631773817985519657355602117649009887761402350836290830662865434072302e-37
1.9112886416624719960595896802983756142361082863882573244119603792962402353614306781903561807758350784753610573847069729878051708366334408888006306479108123016705126158547081070874400362106898937500524229232701485618807117160801899536883358371206733856048429631190523385281403830496885151200119810927151831588e-37
-1.85391059452629834305462361097069955943075775177377328637958356331120071850303778962334262566681899907753407431390161811956528239624081526240554465633324500577182287911981444757450641439375435514263192022981408706143480437687743597991006170174117289400030069573369436046717482497711103451263485480919839364427e-37
1.51965706835227031310301758020149075369457666774438869914389181603582026703419370898736508891596275864465542099805122990619649190652883447140396547229636848440451128684630902041101845244937853130106035707158074013293351425081707832732036305193493152783572992330959337095402438743888639420894949881213719910289e-37
-9.36282887225378406800381382622041329821961110446515518766910392665501417139467117883673595492602852165967168604921830317961189672696273428901447975050747820629465797236604982862345240862856330131152736059209878709895060880343639023673973689714115925563731548412327414794737984970236862583978260904770254877083e-38
3.25384631056988306202480959134143660339053051025164897799035281439068626938595059154374685782378617587047877632081429390494247644081565683018662618449211623620355507935142245821540498232640943355363600711678304211739878913243136375152219835691426495589066182978748260143200390085622862901344737754236731824207e-38
