19 1
1.04794164829513272011007151846046914269650766108254427054901722700639731701894685485907031471809984660430040951045389666379292661877949825890049565804954097445494895281188940258193495834970447032840495263035014856909422929608614826256572410782813907522602965151138827240203498356718612091100888827845140753593e-41
-1.58681601695191531956976923612276626597357471997798571270928086234530093274311021462409952784754464479008040576262922322294461388818733375981938413477668861366616995177526590377602384197612418795018606706654592020163634511793272772802108871015957716141226794653589392515469973586570275547804527219998711150585e-41
9.70163371739601770879119154736490560942132696734306960372377013022958287917656154469968178348298697108127291114641570934759383990857122177720685190394668149903428542907098943866860588895175112379956909048602361456563494721202940411334549869442742682722327947672172822128173607221815619174636141833911108781869e-42
-8.28805443908924912842838600020817480789166446638140270177282057302628018513516075957821451305310510276592246612949225433694653095300380634683869011179610133831452784594063407533684737212541276827246193455638838450520595889739349504744063244375327859314370641284883151836176461555990084611916263698143519211639e-42
7.95519245967680280836425254164292357781082952060961746011861737419162921032058624661771683599639522099095209328341054420481149107374994750852128498728574499809452233962882483496874174930565407104941904301226360056153646485315416299224241158808229830846404041039160617713755178793574390526048835815148845380218e-42
-8.20943089820101127591712694245814163778321959899640658396050695340382953916764077275212046640129416231293110083416260899910789182016711665560910714996489113029665230246430751142813869939982930418513691869718842309739852801422106868545692140359997554080949627212333598609812050888168213112473272737710440594987e-42
8.93655755602728366414178870284199850335635539084207057264098048365849318073909843592560922093469002756814666037237325135025235542445042765405710229641803349850202926161674755987622220458206533926664244060894606929712970165536710920418787089242397580105282979637995853755140726806671428680974335620476304832373e-42
-1.01396267473962355154374109059160852535660921018088632364504105091652934352178441237120931911442348874351536446691003436705990091795393142137505804803047238323319977617904537075781349140221696977134473921085307475875909314692325249271820695567419336755797194264831719361544073644354957605877708715956949145759e-41
1.18746686580009266877676947390132410360025052925555688417274193192929184199987445368511472193982168836849089144778082111458804408078603619834783282812407988888951053571595613835771037591972953933405910170771116996070150705672704865530856747775800153048738240888077395350059115640908233725526337112429985041092e-41
-1.42172700973335589869578337350318850807478470730140386302474357842932468851807292063213923112930042549033876707519225266932062684588034593237347546743627887955030884414143954021394623906065060404567186341661856792762207320542080033454666819904263482719637607559230752832228326733054722604786852574101417397073e-41
1.72205396512997121206952329078603391224896213076705753019770404383422104806908236111766323323276274542902287203864334990420844477577061185585283231445572327115960350797617611796393609246897104002335549645869322076885959075671757656241798749593072005870485477349795722993217678381544181068152181599261262203034e-41
-2.08411484608461839913191997019853291132572295759086719736809842688124721601884112120937054602056265847322165663488115706542868820087319794701658603972530550777695439303139164067056335103370490400751550468937813361278828710296105245106573518838934322154994421934157949925652510403249704222500894557767309382561e-41
2.48153198204595809327326978156365719201452754118927244553414317252469644639382822426076006493076344465448591507023717552539554038088099428048787368187298253742474833852942472126281418628385486385047751027841831241847782007798364783007867695037678435420260942438736509512922989082572265417441835682263842428374e-41
-2.84886978837368563203998565100858284415412334981793874472626570167348965399183317212986041322210373906691038959406370574715308931274047942348380637162456464700064252939251221712664308649316250076504864671390810999721340875865163068674491787767873309029990735443063231082742149826760614881281720561856686608395e-41
3.06740274664428039443243602218191061139542581216977507662258109253641105979812401801283509550507378330745793101184564025012154673219540050991034125222570237412831478664239883722278899010459337715682637776798113759724900786647856880333731278059184333909254912058132472104562707277896487855451067888470107623834e-41
-2.9753172543888663470920828409659245278788636742497246487959026545819033146506715555878421043374024139341500076889950617020055483606597526840661626480668666493194887609000220950758774814090941046584886455422299681018714256100067658765870214944231938241742760943678498211889994591654662809179142772394891271751e-41
2.43887789929773623090088586831800369697922908282199255608855296645011456371572012203408930876185615137402275100205766769677475879078608543714068991412449667221382488527096179488270753808764152727772170596578212953950354330654980524922581942803917033519983655910710858454616221978273845483547110595368425794314e-41
-1.50262813664633756329796857298753320892041472067406156292780172098798309639097853098074201193021058770870667468307817229821621206437964365752241070831485305376278776052449920756557465967870018239530058273093580575672312153801404699697328594415727325610298122521098422176724255824393036306025158668445557999892e-41
5.22205488739495204777548877826439507840466816190915834404674168900326480350739031914575989545214711145005460420340468857457073039531019804973198058824799637170438728391472789920611556996066311508398220294635268292588128521566537194223071798474661241524861288756870074031463611989594888325618068926034168152522e-42
