19 1
1.0479400061681971305671138238433418761705625103561859330256171559121226255681483835210403555600030893558092031496942710956477951674919085787137986600790503086049763471209153869419551084594221012116358893139104812731391406643699585110261477399718719543224075445885742443383449614583584806152015050606301681033e-41
-1.58681353023876808563045945182477197346900342810381997106588355141263457868546471063573995526981474968585281781282876774607766857291263764786624073528817327144540101894053840278915794010146144669739274457259860067425923603875164077506803918551674442320587799537176441316246179708280910002242823692320955834735e-41
9.70161850871980966259209410673113137598615206434067994947120491446814163897268586807163797148621662500007917326035546068160960215507888012729153643017775702074940969180770744997319186520271964354607407706205374289871934258146383004392074846329680608093846279791596591793401504214023978698880079064857654060905e-42
-8.28804143845998130931507907613875401675785797948408727349891181137073925360644225794748343168060756099875601551536269544886112277241893515138608912834199826382829700813716450204369258337560729563806916422405091565192777914239177111995027560008976210928049969833820815961069546141386228103979369405674157640673e-42
7.95517997016947666231021393922673363890420543804403258898645792175951314556436987185660455533612050481277247131544577664666634814330975641050028798878741835729375579267468907664696693572914992065665450503686099470478265438077666529335181462073366984050192159219305048820346110655384057012517159460826315098158e-42
-8.20941799469309997235386527595440642107397511542500104451128674529786589924402479123665307619142255583905266384909019583067375703050459525544921572623500992826186031757452760745904186773868710793275688259353120366296943039190737252530174310484842532853306403815766998508504468926856829788022745027225862379646e-42
8.93654348965832109239126415631133237086478011903210601289431973547677471750597618933658743533126412547688153509548577158977168405310641135625160425801388968065426489782263393284441622042273624950639709465721963445326395796159577985936033205482589573774379639031980527046614984169353923973979064665015358868111e-42
-1.01396107603913414787415285826359701806811874546142110548828865097389054893095846635243657895049706435635322890632569427370978412736449782209334987936722804822505711525576015490432721736396132905531291460700621992315768084026359590990169916494612431247524357817947652725442509032669288648878179744270241468275e-41
1.18746498987356168564591888694861928864703989869297786136575483244308329248901542672193859489638547629621155440057565963421558273897085687445660491605396370498705210508604460353024368749138777886319364161019312665774713907828634680766201114454148984212025135771432298853320538946670488903392535642662841778293e-41
-1.42172475873675386188679355666145120563984424287164248425647192399735402848418072769456485441323482557756654878458856602362107142649106030763713305742072603469361715141005792556732101040406733114236916268409479589452655087244129724417440987235305851453480292437813106472574401132601233084222639245225313231843e-41
1.72205123185057505974544774622083695837022918131400557231724702005837986074631401804198035414466291201228035314379667194808267590512824359388284350788639506733795810883691533737578073738781688258556617354284445836722544591384326973884269975446562496789035790385263936704242620876310205867609754759781889927923e-41
-2.08411152904198705695636885174910878068551081846907432221768322391050109465030405459798873350867121358113385855975843538015529569078225354639604814779961453128910609903079976104100094210766085841055138448072633602613602491143829865385553650468996659355537929848866121218813901801009091680832996181253789303017e-41
2.4815280205978721915942705070380205189023650661588609489269201980310276839208370053667220879761770256691732640739353269605998448096716291460459673136058429497015127697093610655577173763848449454978991743118352781706414373060250974303555253341670871688221605248781910324779827054077594665275694955553188566749e-41
-2.84886522566325171635620872913046917445278475837972488786116435672684029992585889315064404713929017644117950515792252283096579063241925218677688102473221534409232634476103233853067098109523287721700402677767183211179796785163951636703209025954903901257337219486553938826496759114360237751997872215303035580169e-41
3.06739781663478829526068333216953852993080165823617544434430271980226015495585531559148720404278000434955272969333289766901031968033407365371962662999909787927586920510410286551361834103702186962235248700091526595334805811080676777065111417121068167074742156339690987404968797874187291361291130857933980601671e-41
-2.9753124543347695725794901573054308746732592205740276600101543215544492404803307050918494772263334613250996655969629670729412905294184489955542192175045484738276399575587587346611521638005334976429414454712485810306788070523791636081639149222581149714182926168990460856647593724561175060870276908509460041799e-41
2.43887394884555376792829658692046066466855458486921260661138339209154271671667397279080686834841310335855158154219499903114955916343094247456465607140350252750662040312348505504933208196244054127718787443756311753549374710716218742627266564210912342480351713565496868345071770886440424778817352048890895324925e-41
-1.50262569232190192279945486335247916883800358052989495384837346690209041396456473977035998816698759899414384751221694651422215823602722075136951064186490515638772025936935664853412312369174271736268068607478426199703642013283949567930022251805263854204447985372594300387910875624719894327436701176194712658265e-41
5.22204635433808300589152718012166763532099918068341788684158266057911021983914898796454102480277990989620421255862812533484694688064234925735566344219840374180312981803493642202488261307183018763788434619864570911778271907691592360492890692632583305849195068758872158798402431651154871702097503333585873244358e-42
