19 1
6.53748253069149708586051380093577716507472845125207714792073009697795328862017415499128452864231260111914545169362038946871513437995862586992573994521830837010782408375902330446592354158292981257791470469936919999081517571999799045432134529849853899719737882444895517598765069061536213370272249400968365770867e-38
-9.89920067247595650986885304781722320089624127578538533937149502747284165027828270466618261243366688100069909995387466671947279998042292518796066262470287751018705918998834743499315066464993221163142386583010029446574203576456075196248462813750121864323775172596747062006815990591432456189380597624465261365537e-38
6.05227966031486980174911736729432891058099153565903011358350358420115192330208658220340256314219485780340789232746304829632500116431919076915909807926331377124516742622001188029809205919328632545984277456751900353154811185236660332274680313198190218535336355951943899501275991205278921936535376536997560153278e-38
-5.17044256319231810549187166496384248467029487512707619878114689123441456600143183549612494131291644615953342470450781638548292341731419949693135597520103771201181360942870584050342535212274267948571379098700209107434785219072589817142298716505812356193934290261123462305273607943519638860475967842817500458967e-38
4.96280569809862903490429066614887158223863142187577076506688723877734834586480998920809906637087621848567181383118247632347344437826475090930644892788250811264157341259309944445870172911499585522115357299035618930237753136755225102963507652534501912760336215334002204922722072183005904248424868394730101078839e-38
-5.12143352076468974548212220052953147068837313366811574699784614246175816752712932729844969323403590231212565626047451641069488867616772672538548912155779533393845541103676485733075439264041556158802243965971385510388016199798937460325019979033682978270572622069395470048026292632955145138454164579649794159819e-38
5.57507995841713148256816768993828778248244067131974469751281221228620124636584225769965369958423597251419148947059037929514226084100956954219182728721533395385935584597448185784632928476871600608545999705340989748107308027714011121597152864098266638668074601117479786484137707459025774451923295419488536786331e-38
-6.32565666695889983762637872254110883062627673490514669963980569789568283660698875427779029519102913768572488025465572661129604540668556312859780596797789386595098345832248740095699086733796244258035359269452986048416112183666412379765629090891066802612945822963278739919491910935903387298161698744697776906758e-38
7.40812669744428314894087872418769351389588992223349433947269272486007128225732711684366283878270472907796261795553517374055846334956668281342354991577242673631878523794547383409786133470036208011514528539151913293719880133736997648669094182527217555758076275268324521649277369923607172316441709779624537738881e-38
-8.86965682650337394699110433183149128101622328570233386681177882339842331704400403056179000338695602768588399769561596623159456460586471775788322178844732674291346075288605721489408513221865975054047734238020659248358025970362222589595993965054815225346254494468882045901303297521376340916790819442387027205324e-38
1.0743394181340928789251521937413773560624038675186899294160769507547689240308567290201435648533633854299150660307759894133689318944819917236089726803529220475463158535062892754857990603326319004371744281182228399939184603330708997932747453379609411497095913221832064182680984034844377346776980908167413780634e-37
-1.3002324487620762060862994696863231352968429362417806179902419010950343079937964225436209676641552671159204224221903302566326301488144051250079858862168302473615689092141338057410770982934663937399390930538789576523970815287947628100504480291391846608260624277551802920546952644727396945079954521409011141929e-37
1.5481900711693529545403076421534302706898245618116866563444316956790468609311846916768145415528339922356314416853925064949426635745701029288898827208671976764937546920337770813037101280773226171796725958878255089603077255695420255096352512737999162260096465264444166939665742207675199884389133625919491290418e-37
-1.77738904061048594934343271830736631927643844451188659731475148533697126233369928992040766846222587557798179089748633506949501980359145272024510529513910481739827918603173172732223304558437342416219630798793452549551457444717075477100250602698308677032138675401647437315276601553499568897210076280081106881305e-37
1.91375635805813456484965484512568329831854000331610989292074208692577854476949537510081139311760291933515486600262617749605104901488341641423328392714281802497918191299780280201651049177063472048394197765124995357506085473549472960007978346045157973968275908761555013565334268979043421738991206753199230756295e-37
-1.85633144055526807787252475551126535583147048137239249727422231938230673779213354854608070156466849993572000764212973806596697052762871120170059941365615203349982945647850139003198526733352355872241331529406100722887004402301044584941543576192329300929711047145046185611536783081700767524419920301692852098407e-37
1.52166531669834434840105268489928464806170987359167122884658486135602865764618723639445445237758164706577810957053456981087039841260945031171774113689090476715073566491365633268767196057820816277668842031413108417138063482501288335883324394964241324007168145143675265712510412901313301252983491850035179622987e-37
-9.37535871719718996599445985258479212932534036381940037508732512048741480841036539438397721552687159342626588962330090005941644524684894109112385112686901782971535338436754708467656852024596857201953655868460903095510554556310915354942864410460691235001367265542660664261443619394715015445803564006511052730261e-38
3.25825860880788077653517757033625187291052007757860661800584755087338575476193771601384492088314973008366524514627930397964678997408598018612726683663789397515333647379486460530251109541247857912121529134813954960942093507472066774402542850721588701535018662812770880797949287399591938872966551479565726388585e-38
