19 1
1.04794230488362539061537954290166452868513551608712667210511364548709706906880697585371161910772798925603096529819114513394934408253576617550171341943400861734352474107373575484370652688642982906933734552688510850984440150604101552225103029051971698822962749270487935237428966976568769266402694041789319870261e-41
-1.58681701123999645490560317020275113926585893836033804050605041293031953515837933850567739970784159649507790273833850880622301213785425799446830572640345620097095829522943126418670275574960293271782159078722561877092475375325688229620862209674795313727035889073926672854435116108080852712380243420388893208984e-41
9.70163979843742223369412652944367467655210280286795855349835857017177799405033811505725271385573787404286816605070623234998143014751123036954621865704620161576152688191089981889752408545753319563280972166671925444543607414601340194297798085647375363631456022999060606627022788487178481200433963313503167208447e-42
-8.28805963726461731364940568495167025827396768049424231875186480438979458828787455270756429291160737476750601250729830248452069822914741537958082093302550701009508589510272455375329279820854383272209919579338977460228267192875848442028692500134539677772154964671942820947494118193108889868542555675865752949204e-42
7.95519745348513393335779948092203068667232886988267748289969628889804518715633942804550275936034260212551024422502119460130070559814843218452416492458785679459720709209886468897186494123079214824311397107927196668297176867441728647452014128332707350372697114779989933050963200683646099654913717469948930369314e-42
-8.20943605754360542513432755109498020368865658223462030806545788055231925439002979184098944309018608071609473895922435873957722947240914901701647844984632039949692370786199063638469153535330578017139903864252336348255469557649252471882749966624925149783920843773758567828349678869298808635560625074506871526969e-42
8.93656318032879602184657260796199069740799907096454103554494144903761057904602108186271429250168713492543642068325654618584579409158848450914502630851860727555879368992353804755471035132352632381537089677197435692357146808401346835555736746935290289065765136519360435231196743415576048913182434753741624336727e-42
-1.0139633139645703809627153340062644694448391089428611910899519012975999737112496432315279684906648547246859418853049762185697772729978153943811418309621806515759170107824578964131085869891222753269956354359976557351155390566418293544222348961148062591309549232968240769855624001233771727864157055204111356901e-41
1.18746761587123003292358468758804318704192927376459804429603177932070568079395295476523619419676694280222728914273553184190130851817724921385055652912842047544558034829751726622348173629347457922296203302967560640328573711647985935925473849413904103454670684183242226894394239889777222950401349217863838197006e-41
-1.42172790977269392339847989009972815362813743911470109262811382248765692022919436282914271205513514578814266949228680460694848112806308661417823066456453496206553032931097700494362040353432781204187985156182427322098704477668946098305082217029324276440235110220650385077116960331058803767655837528041162900181e-41
1.72205505800551145553220400527606565902308353353756851477333161827779336696645195250889656811746734877466848619091732619604799731171237190566888777402789033358474187101527179255169361596255017062731258577287404004999789407311856172769654957316939951320298968467478470822225002021528601617184299240734697696154e-41
-2.0841161723723757074006610415783790632513198721173453079738077419533657465107572683305525041910860960862317076746607841847135337326572634794008722014857507931744792168141234310646661883868238626765422507240946273321713466282541622634294282548745842965554228533743141510002679479742384433875703687277523475806e-41
2.48153356599318636498255750943116038845248329986804958587552783412284782011728990308966062119946258601742789101749907313029506178458497575328788868703475656187102394903128201304844762628627799330237880521133551244602065483998864791654567124963056773218181186007221071889553858240034279792830718271559128839691e-41
-2.84887161273007291202282812843550461305062079395324396258179346071047557351442720738245480186721336168045179580065886121244760643640851407999267299694129784486489760909273610230681892686424420040589158256709787908061817567039105032399712693415258630337692729848025144175224685971830070504148545395643411072009e-41
3.06740471786187228505130371686584169328992277076958825152822785694090732017047120883323419805930994084100082852014283097970941464754396296367939827921157527263890432126541032430808913176351759576193354663366897004732080688027184425690065387600817076025090325914662897404241451108518256214354220948276541750088e-41
-2.9753191736451997999901587128119121607646038872858562230291164952589464367212284223745129137547687970219256584975424641100612882897892332780698228956067610507017853599389537427444033711713812999780804790801976346989861820872199099790793577155895273859606881614118816217127623817917301400586375974287473419637e-41
2.43887947884891527697339531975879012903546546181957866236014896647502740612566110928662210682591551302403851850320737612463619778018580992475142115194674209063479084936612123727234323916268156252873653947972111441708846662220530003765686610682648432406538033508177200456596917056824729629802229638081183974483e-41
-1.50262911398659214949407213049976701100425637987028109749133674571696211964117522708014476056435611822284033830286472939034506579914250047820347988654483903315275311728931143597115374436236379377289340693772463824393168060480173776341544971858719193110697156143336570496158567245064186500100183457201287163558e-41
5.22205829925826969784502125780281273694726992700044518108233178348105305151857947654263274734510557917471985417857777058263149479224102680408314123653451762840480711064136465578446647326889143972621144055298044344136880885005284670084186423324857179228689848564537038316101893001716471644948975772806142839287e-42
