19 1
6.52968028291872880300705750480244953835147162233985850537751453956276653727784825310585843465388818643803116066195235709156901156203806379872495952021903990089276785686641277385335865066016762579840877189351395500269678100284287385786884717400525312609019950089638763148462117252458468075318078804430979911447e-38
-9.88738379197196245070591913049698052780492557992019514929212430436247448484775960672613231942501552583509264803937029457530637136996084759883330746519234325968062160795048765721171573687646917344051456935111535578572310624611181837325085983692107102577741176125391759286024878552129558665880493816370028977714e-38
6.04504715107230848435670957854001487513078678551144431636064345569836980776074170992591809530548387753300340743035324676170597233193641436919043960872532007681589063587326129843120296595123213229362451723304418352447873071858700055037447670048078092794335394406350134946487114018215447538646300311520001577587e-38
-5.1642518940405247937277115047116100114305614395158106029168854145373750128845554569566124791628075800002514410056291351015379793160630037186352770482297496063510580666519434124178502892263101312594506682810124097650815637216370313410294806349218905355731303375202553690955898354079530916124901021342051356222e-38
4.95684705416968688523630372773678335600374744173952654652517642877266540065243868216453733844562604889199524942723507553983527233589712501912428208829423191606120310612529427205987587656837878268307440042606758196011811375795110768460366898044862054435716434340164666810564546173743942065952986643616727794493e-38
-5.11526204086922230977643275995355878922009865547830465891778998221815494297502785606291388729724071514771823315999456530119556781364744450088673864204525082651583799089419838013412584424368146745943498397472405804013457898882815186788271581809611502010762209605063403169979909623527379576441311206099352499484e-38
5.56833172906769239646395094012175026434459121145687087339670870319589398128445493658395128874919621545362911788637265413678933461970502242750837572983727279227069242834627892098093871573595906657757847038889169847169724342018400463844305161250634225711895980871863544388533629141096868718999608431040047681102e-38
-6.31795927191254758113591216549245200879140642394780974718686137991448677566971067744374938671232048887123082644692643927665557911188094908518000423737159235389335867125401771357982751400935232170054222120290727706440714745984448506588682948864269532101886198471294600779092471104731744722313333418983588847879e-38
7.39905687559481386206147500767759752415992065051878951024122158648110289623925154356140893184235966750683365877637097039777566629455010662223078099318499240501427754485803758742669067225421361907120852341750043463406703683972090158798559068166039430229365769678084158943098821899801929598845725677667248749036e-38
-8.85872240906532904113401529595672040253728382615118847878282851968576551165358009357132838921898459039504249296640816179233812033070667291531805383518067999886238323752727956010273754831257340589601913745107817721890170660334438493014985167620642156995962553364508359329083426223184182457920851081646647117083e-38
1.0730047666381958156207155105874020618006736209063743385974059560873801665909103201398657994886570954061803514979438978200767011619487026187331931121940736564512488150133074659923574254046189233009954878500681803119022622921902508141977370784383679213424145881531961365772992796428312676032822283817548161427e-37
-1.29860346763318560264648785208217484283318460727444281873024536158271756252796490787120061736806998296858947101827963794043069898837688952462400637173353303773494537715241802051226702547192770637748911601289724649125192318096504752087846683015924679747082407464562565503818853582313803308237353931548783693979e-37
1.54623253118230384789380634974201247803525577404343120161875380979643593070868265449347983367825204203788474901959343248661527387080746917984674297543473529026133535963355367193827398056083341628649691215168324810713420534783981558606779358348396512971201584149684925327778338291807894024643147112759086612698e-37
-1.7751193131457435368259524660147422554636702326771598983229313222870939065499833738681973415200483254466174204305763103238247030218372103576288515216165756141912235242030196173809076970487043180949436534921769470977728180241539862949142751576869212801401618430186599931244653366338979079746783653129722322362e-37
1.91128641654399956945127011053557768422578064379382587099599947245287721389923470474626284135301808820550899328365018597621359286111302090502558614254602488476764261439757247380032880733196987383958896999027937293384952692567063036398950626651903055698214765967182862586863353352552812623763071217845746935271e-37
-1.85390841331291040221613470644520422093789569744259828271449148383559750909490523366537970834188793927210879831426465477889994391672819667674043129983389245767189946241659181432137907220776023048620727204473805618758575498339095857507822323056295548115614742050192251314133938306808307213780817874936243840306e-37
1.51965526032042038268603693875832233277878146230381227562908820724674070980367393660058118865542082742120086129263877116690832371011035348086418652737639076866505093160903950117806464284794546577848734607470310130613537216188624104932590629237002178692527800217032849921378783597593827294976050266449390850664e-37
-9.36281760085425675764701387537913207403376899480725440402972942169215212581405373866302299737494836891186772203669531148804055102285140678201366537920880973148852815741850976529810132955709202825466153542972657881277309874945532733981708924603548297847356833034597636594677627614080071775816698505727555128361e-38
3.253842344799615396663004428803371187504513529089521929875548260411018403311434939261296759960614787364632687547135138240664214101381165748226120116899831570385562697297298475446923658986640532752530778590135774079968579286674845603015607947958203594924167581493646361019051426809461668895465871289793173429e-38
