19 1
6.52968194688497919410084247047737971182809211545859796306169207900760763654805842587417761397551007021719042678864066264125045859224570224401972897839188725779544757449333734229000771930794676374957779293261013824900942612597778833507291461211676311294238923407601617372115615207089641467315947365433007956402e-38
-9.88738631209016049615184253876143524190923437913799545173237707190759032583925453612950911740272974532032826634571467811559495027071351276575689985363458335200795657098770301688726591036063816625416700387316787161106483397432255008074754794280636156168693384924972616400949486295871425677854106777029427468256e-38
6.04504869338900487594106656824866939058956910018719165780545594724616841465534647755839655632953178313759623501895259869364249809251256834521962176978517552161585713333162183050931446188815972802912544245084436140464186047050525176404066545862125038108550003630512046984984398989091441040105002716345027289923e-38
-5.16425321400432335527728132403813469146725315309769725705871151827824452846363629062145547312461144677091864360740080610245476828273662736154536784160414381972540484178298327165604264714840135812033393864713321928324780244873836226244533233179214190928421541033540050115519572620513645445228733977798627407154e-38
4.95684832440849994403279927167642275693175064285409687655547534112141864614719258095472337206408293733742702974424538796753262438292694969877724182502153814414716338547809042398044751356055269677305178606414909533170809665042138072006228984085800148338002402548560096880064745512006039623753502589336069790422e-38
-5.11526335613903095089629563248055989292895681066097421411118803067771273431551005185354571536325255873863261179204656581321559521114074079470801975149860734897557230843762259582979374560967078725770778704660096265646737341939295948401215662097565808126061299139641570721458741166629462400242001078324426792149e-38
5.56833316679842282738141285272513276697137422812808015078487252871919309964257914181004733086476798868687055848658209797662650552851816632776565205560076890848695546024529216589568519557870061521911042716781213127662516611160496732430248714701692825772506996076672477887544130229814092434827080221057685318202e-38
-6.3179609112521496327847841506529129239706440363977749708686237198842416522077339980924254367036176778423169188478531767712039646835213816952895934954175203031611469192010464993256433269091268803896831568834710850238866856231179283768647070285275341096656361096047970416689539443138139019207319215576333414125e-38
7.39905880639502498677918427883313757867994095480924627752881056305673569358802170684251601925595825810689527520985530131546236681856694656421093743167098116601605701810435600570639032583621824503716943146437547208595085623381952438137394657927809321267257660011835328027548757923768377519947105783174552523888e-38
-8.85872473568017799965965952309269233318749285118421614617807638281172795118330212341192803802744107613281909199875031328413253963142593780774613560673996626228383382304844308945548180201241098639785518384847205973572704425510531563815002973033080231505322240390604618269458859185525700480908495222264530549112e-38
1.0730050504724181529419603234712156331293972366965232436722285683536771422210913526203474353552318103194044507172184506276374816221779360758517261179585907965032011739016395833101269892633434719650727799433901077801600125932704954219105530191574974904686306122855591286758163469445586116861326359872502655004e-37
-1.2986038138592390171994424019984303460422266902561714990813128817081064461326323999805102398079638688058418282120403913352194736743180607926605750773399770099837647183345132881516641791291025409195564766321779379851528432336491033180052527915615895669516829089856572314303798736876798734603214610081995458861e-37
1.54623294697896422292726997197724421382907184902076613768544338367108991557243538876354292812825489060484541902698125725160712957372087868410105221810763192551993509935155699409766797803141879761397912210748175401501536055310814925338608477319130593186143431701701121102607744018059595668643514483244076142387e-37
-1.77511979492900637157313133386050164422227474127814441844141097691323163322276714373675371380024971255427116090826363617060891574494131233570681477361502268721159022441212862396065035521922962833874847672052532682524602898177999241708055299094760511240972293099876633994558255958887713553945197142342824083632e-37
1.9112869404513077979086205368168551402303157146506687456639510138859217574748924150860893834645509961292942724914010442357218886474705111196279871413588941446675611891087736350852700924739646321250706481823411560122283013223319587150971499948826386918395007066444738619738796288248164436977356650553537956766e-37
-1.85390892688241726452284855656677506088119473806382844165290252285964997112423841812455444130903269925506707225419606576960939743490276998496092985187699541508739883602385926226056224150367026257435767321946616427550845867456035738534500308263394251453620563435246132956602165878193976897485883405762384660859e-37
1.51965568602360346335857211340861285179125030991273289395132301271656714260972899885140045932177827268561693740409994395100241841666728102513199142776588190248274613237064976561308720382337357443143104380324218057585283785067703112774976698417887302169844265065651005150931426306464701569655629024731171744098e-37
-9.36282025471664907836375860536327797810499342019701516252632586135146142026603518103924746712249843980353859574608953927315566322648198101014202186818745626123148296227975957140949180738967826266471961010356851676182311989980343862674234982326412567617875240846538846380667410453580058235014440479365094345851e-38
3.25384327854363620609905089658317833342944792329153621211284058165634676581808245463077441189334895826957227551702541031465238389927167946102859835166017572175507918850863007879794480957190506822238239012427380423545579667977989880476209563297110222528360398813450107227381611390333719974521254992828048128408e-38
