19 1
3.2340293562645018855805442608627279336583252611101886137245650143734244660224063378931838604956311823821797359005439726986183994371812876946544815180519485643844812367000018925845781648913832778244420740619191729453063074394260251944668741753388587118740006625917961855787647052984072777793438393037540740937e-38
-4.8970376772024958974549884713833415074361753830837687460086311481032302187973829210206393253248931925445004405592548723618537830241315135771289050885479136794939638403323626722975100087108445419835144612615743732492032165072622191948158547147821869421167139576943300953518584193595883149184938368047261508988e-38
2.99400008807551896493044682893331260575176608343149757949013572016604684833443072966487679019111285499423195791508186259092664507388818034048149908709089726688880956411026216466249794651338617853235840533050793399025675076748572526989528406800836175145983003983142674381272743025095954903060180783869131864568e-38
-2.5577591485233096654330767956978653253522289709629474218934649547255887212108398475497302439303470521608576419087043082479705691784034875349863118895351097444315763203414911153383316217642188162457681867256546297622646475080077298533634984019895982680539943962275733418149409234562817625469671491207497285218e-38
2.45503626313994934156062482142465811873148716372924062740465423523782689216403544089151402795644793171649902110825135090367055725703420757016958697839698559118021630419066401974645081410845176247411209054675964597640423708823994035211942252172081920725880153847293375267910342751421680436833436605192446894702e-38
-2.53349757389636119090288778584508963264931993485698296571178525631439089322049653703680584746599081445112895985068866965871753163067499984288375461866581752720300133830198056991573396205219887003622344948524986480743093841632811447530705032913945985068940373014999978506641629235447253900691772855336754058919e-38
2.75789654363462556039524300931536557398740461895566320970279891288934312474333653027843093991408338333350955484319796413717882603672790241268052843586726095577414324408961221303677516428646223415548815360114308932853690119272055749891665312013590638635527069166879491219809507533550630883231698646220407725305e-38
-3.12917611534690101202521138476725620296378182108205290684538308953648913330608426026321218194734503493136823291462910925557765254905979362699958257860413260606298840150756011345456605930149254536905972765821527406596288394127938621662120976020953599349665610488339068996114762258897795292722214109853775532807e-38
3.66462816421137131937505257736001110017811938813382135417816509352758658927873721994640972512027620359597267886647444479074511726097723195324881020741318389983413616875493416716559936499526525274849047775906207996067709563672590749730737847621883999996396922210272600661379210883776663300157406830245477758893e-38
-4.38758009268025170891937953418790209846633809581646714127347953171178580882049471498885424288014718130509668310384195560450505625508532481094269359833336316263992618834377889752100937505112546486997508437561268907481291076574997360503721704320099151949343594975595506831598572059445159966601162892952295941848e-38
5.31442253032539730170843063811599402103406395235113313487539465173315900682657858581028212879270093508728409681754872231006027575491046354401302537877696200024111407927691038751795163933925906423735639459026590125577877482478902910220766159899373297837357999500543329926813383135778299452289264534605323382775e-38
-6.43178477121054325786149018989527015118195841599883934369029531905395268926776035054026147431497937530895935372254184582903445184969051321509821282335781830789167797426912783191284842711352713729329903744798043611696737139746877523005304076211819548292659193588922537230320703557934489157745120381989290591682e-38
7.65826370406660723943655412725938376805955454962654667318491288340455609553995578035254336660822409362564590185574698731175064705537866394645948494836374621829613068233835702275936304002890916536553245193827330848115039987179245521328834863072099428281836914099501386542827134919442496400645570648939416045177e-38
-8.79191894853673600052862795598872035229037988055666345919592687809806700309189808614563562331482145043559821623506723870417306401959118052363520586584020036354613795549987569460392265277042427317437324185770037488565196446799358289996459972121504390195203635312297519195674506363488304879996228089991512502459e-38
9.46635018806497443619957429862529004384974534007428199244566457911392200532231919670753398488746683261961065742622147468471316340035004004073276929538503193636335116248565489123644880762857593724185937994169459520307225592854343640138895187500515465817662101966594543707559797648714614501028720393274049220449e-38
-9.18217963773749632804734587277245286734746218578360732528381487492275022411647700886050103236631188461731505487624786294279253939638824659855788248784535226695107859146801246822751888700494560074850038838216960152407832618628499477222740144024111365293675236487571813981811664261219141063987749522740019163106e-38
7.52667830217800311724088173157079138191753304927629708621248754740627465073071245557774288109790322980324503777051974271226931248064462039246261351233979839955558787714032129761645433591276142316262663638506715704009522375033712091308193628383685906932485965015509313769018957969962802604057609467261310462631e-38
-4.6373049552583078847618154580044893754347077094874159978472075769274723676152521374446023141646852057146006528767447926041661226478618324851308644542248993940628060873995550368188698087317731382482662394380049491489862311185954341244937510409109652285043468468555548858063715788601896025137265039379407519177e-38
1.61159706545283723084931988141168226382474171370255807477798634007662151604573376546571088028977442834734383229026843144736404872347740847283918355509663613431885612421597961983665198712864765708987712785011601042113068883575117323749710757758362851823631695584458048648920013619219792170677455200239735077058e-38
