19 1
1.0479407351083873086094799486803222216439767402353501014215016615327803619825508506682235794010944775245698796690201919349691789859487105737096232853109403912085873221364248777090187125951495522831810016659371957077830975478185801172836840584343250352884316873232513093263630239155118748134736760377994859781e-41
-1.58681463409079923699617784547872723723677329394685199396828135144944097641004629443595779701991992951231764151657865087488913092511661389729777947314563909013661697461995063082062880944214463113382011329296981050001596355357197352600437952967969544501566849343093896703999571490567054968987500975596193513059e-41
9.70162525985155411348968021709584411070519414891845663657781786338412884085126662611521462272337155298482420121484180923471041879658529074731724717469388929816480843139926911769354945108298193190116634001365010690541953309967144549715882864769110209815336571601313829310420991029415190552653054617006776768848e-42
-8.28804720943959998221994598631817318218963239587820614472943471219866185413259707173030848662542053324259501955868616002425205024803761402085191714352146691165396501493973345763378712083515461588076414082902010119655849345385393229384385664833496531867556411245510534785648984606433369205241776751444068050516e-42
7.95518551426200638092147334492006096467131736184545877726596569522136887987581054592471619112760417965983855685502981529203262198499536157354698276597317096971941287815158589630853962275250685045570232978243413386304332543000486852489723577385783581012632298113952464053752512502988744290836696987324141806398e-42
-8.20942372256043253935958404554096537874628580627687894041075372076612893508961724921999414327504477839649103415316782728411657371822940213075283565654476303030377743235498505362630238775703537640438962350696429072430205764135311291852452148688967176107263345584974718640850000176244764618739172416486504333886e-42
8.93654973371960307990915073125708875781293320686559707181076765315144870049430968943445078077501276849398138437061008500926307095785132938318207227107049440335788781953210443325364812401283368537008553576775900787336605059555556516923801710580715014612937941015036018127467977071463907599961154896988077168282e-42
-1.01396178570228100914988000654772275122997097107709910660742435679967047961992249829214254520628856480219878224676630959911536777183241684526840456581192780381118883230620426206529475401783205855997133487391307398263813284951928097576323258965758611671338794408085962465114713847649437335153104970685690481932e-41
1.1874658225973324626462448060040234193344283750607987916140516211093423358973094019429253795929894741601739957441539313154563663434758842796106814081758693972143025679187692327579821477698614331673121295960642226513127896032784274207682298833239215825981639136254458354111752423615072222019485708093687784628e-41
-1.42172575795410430548321524143846606217899434296161026486923649508389268146307573315196016007070986332231410329890066614338604562596835013018984982035472025612312908738713009261388790487689623533387426124486608348664116106680372965926412878187872441573602882258567527529517845115977983047462242085503013611555e-41
1.72205244515321966443030929318364420020872335703756399104250354047119012397074966356336325384456974669353680017681061425333016586156608471509478963169047620315431376286911011203290597226855269103307840461917570248965468302946548550537859054765340686275335292409342764916078921169181042864443861036859669192385e-41
-2.08411300147707553786883170815096631729221694009446270270990467334339330809009291553142242232886168051930828257185260219700307387032402158270503524861032023905641541327972061850471156547378179768143118651247200025564986897211119179864069022736810902266549447586058142080739097316230941095227046405559165179276e-41
2.48152977908446434418616006976483566146589879508340444860436014803267640907956092966642613947426026189374154600511585947002779942582762423761423664863608573118804478794445409791422937057648817960642459067029804311810218182398125349278814488168359849978024208190708855203843694896508928571916683275099990324151e-41
-2.84886725105010378857369259437596470821643939134691490599015939527470830169253814603169330153169877942890948570644895944265562488786397779734248251286784856059871372975178018747145035504542662105471572294337365261573659440915124899089005800195027819367011767592071843597950961242309793367874976573641981378566e-41
3.06740000506559293788639100883197258532704339782634241474894214970944070577150739526676705482375374073753200415005721688919212311374743668424488797629091362986294311565388033472008462494857442905643698793526562478836838909303733144101759189492082734154030608411747424735521075540222107635868294293934483396335e-41
-2.97531458507830747283574250063919059840474540614121698970969232874583544815655623323820448091636947364381242109591597122207668051503256160364934583107350161662211111653195554250526317770552087974024889620019682311256330566555754475777590622322276691747177262005253699125477350898061221959907158541928726055175e-41
2.43887570245081818864470564899124913967193483031762980241832732496624150438996446737117768849246433780045912943722312472172061236935579046130811812934128412466602952808334510120594334471504828141332902229674739945516256263428695436167024824204787360997583206288081523333530735369661054768507041530394678725094e-41
-1.50262677735719016167701151513828901977069996110362540241326437626235888241540117059509558844345340751709582893916984980692574529612793035214597990536437937352531902906998523687274197490499867128182430235645865009827466133480790890400833096064695475857267957096258484484644548908088540139027779042227472201128e-41
5.22205014216071565348083100394934697001237672983310176715545977707717909863328920931077558277135328377329730869562584965513817400551270821712723179818086784633785865366434283010727683389636223258654276393239331068132885412977504660339159660336449903846846081511561816248684356500147085495296376845147978132563e-42
