19 1
6.52968203142080494049852246438985755760059610580261912335473534270898665255563923541772393311286424876456501798772072832886564331841385042210373841250775813311872085129320283799621083356099608665470811083009541379152987178692218795578053463866401211320437766649713651986856656790377035767448856858995937795491e-38
-9.88738644012176786070073203421995877562062484077941575728142310841009380048078233507710585023397771381260742973675139217888624733807694480859299136284858661037125889876823118742470211139525908750924946015629923646750490155672540481887317274456975923384119101483202355724663319870779036437680347617963291038415e-38
6.04504877174457149315256271582340919735658612143548965332924985826379147847434611816113144086191916109383651873012027656777353226242372278475022647606987595940392571358236591211940866544150271893835661630928079443213523722195272370055759478404234360400982779691786397781582588553771319849448651049012720896305e-38
-5.16425328106351750165844557172983854226455920514982892552993480141423521936387041394463646737445823700599976631097656743119461821739863044015383930231730090793659753404670344227351859827993397065862045899725355496574427502957809571777443490599304297921917382210529213026559781286817106846651894894149422608323e-38
4.95684838894147829592165830735107828873418009115803025331749703398741164047145585152630777153488827443209067808614741633031044590519550896043006539833834850747244353358773533715764446535190485551455969596281853137811618350317514679102391474861287996539955684812993074116156245757866651963405042108239430780063e-38
-5.11526342295975983733373679785725059625635461521347502584608130188906314660090766793013928747658282751304885648636625760743688977982713666670473852040989580452387111772914630596663237782553640432741951220445834470290151543976855636995419324036114553334815909077646814635000290274118069626942352506925438025697e-38
5.56833323984063973216662578730792459498562766449842294857335125130492573628673525856859975600290263492132849959861748873348980702950323524294515295321346628850333428861667732319942840216999894768740779241403244017983321145342056906824643764938992325056826084480069428228936851285851912948419158657025838421646e-38
-6.31796099453687534481855925382570165555294480126445254632874170773283187408574531127555601293452953498029888651589243692002610798786541829603924835590542899934169914490793508294202458693795152066991486458669020468689626451074904733904113330617383042306394310161587672750507876097972492488103495861212693956739e-38
7.39905890448707518967035485419765822638939423764254036344800442887541995258566299340129004895754814265156555536285744464719084246831154846768399471928489689342458484920021019196927421525438988948727046267491049415515556938868153242940956964073174884578618841693627209533226368870189223879725729585667428137862e-38
-8.85872485388114238506823712457039071797029549163860295525137352383921803869002963506977889041599015586303965075807509445390580465306366760194838371849541549908530615532595312769146994573409169913861295965900994565166395438524535125296675251813265182355310339471783239477229010296454807173271219971662860699116e-38
1.07300506489228791298477200967018787410002048963717994883002941312606368955871831177099041500815248748156253494464982567109356539771507728385795586905274327626050755875967410511320687751307086244071366880123282807393638359168530321385129416008002628519798745920912585525068207203677942541844701585753794103264e-37
-1.29860383144885613621884507172171241571755624347548162756026729998943351923992252442901413168427685977112841238174019275427223414135696121842489987868454428554751573938435057889245597359600612659440077362547370838779993177203021156703960148263162922146249106688308642930536123814653007569281027353793420923593e-37
1.54623296810303934189323172891748937678613317121222082693049492566021296611051443325083535329692375750488453150929625504762492372605654995666506937075389607229976745241482030445686776204503941443929864626304748897575201379483669713648120732761533762375379580849308049999235972742905592497451015993446407534406e-37
-1.77511981940545952944299761960084678176140817355617924558883723012139947018193256802840611127477229750244196229347818216739448186719989235933581023533891849466855847811742151639673025782500342474226916073206289807323803483302296657569454051466556487894694600723398388140564430635751212466631106488960320809449e-37
1.91128696706782995540345014407438462673774142586464851134811480930162218240850588591272294151259397082140465880594863809849824262450410252130734364923872614339511895701203573347784819546615705183484543269508443859744609690010401002555893165754553950036362558665669651271376704009530265689093163717230850247356e-37
-1.85390895297374376101433244890634704591613959763877283519280605509804778419193775176252125119077121033266953698967809970979839382676929036704498394212941613540946452455756849911148136036716707183528911986611850229421100205762364166198051834606160347486678644076192345298569255185182959650841203342418961587159e-37
1.51965570765098339617698820465260845456567413591994800581677293279754513852124290790607674370319231945567355274183843000815163021370669268063463044478598826910044467236327144386614997890229417357648537548555825397179773880637757927664199213814928894867698942646338266372814338792634686104855411800457466721202e-37
-9.36282038954322278695845078242506764171267700752923494925195804741488490013558000239123950866936635442234892328710621822944017655118759979536007903633197452500629583180972053628657880559233528800571659002003974043039444079197640874314012556810677073416622495745627229351299433594421716997063004525628158282414e-38
3.25384332598148875352985269421263999384327732923695127970052996788843352448949571767226065407444723534498263829155153627419428065147779341772044417411947048077032683203340770467027721562357769099224855580038315359893234129896919572345132240533685611026272270672153856130176177792054179254731016533389376910911e-38
