19 1
1.04794162357052055107431230556348243454898915381618254969313980129499889876541183170940423284736273777248880678907619567592326328293667105390566030062556375030189328763624948118298187781419120315041821447563993784530021968258925011537313268936667009959958830680478858815414466827424235650900270623086383370679e-41
-1.58681597951082786116571752475359082334818873557118531294009762647775834776397979524551516271036354435521310021942862736890668281155079284599798079358567908612324224047965739250726074009330697256807665934219445399932534145549847784141206577441056947431971308009322265594908300748313348778981646996463845434653e-41
9.70163348840724994191596811912904282894711412076567804511978924192160603188641813310969686909740681478833266809419513699773824857082572338310644805016274522675986084327782205463900084076938289546083190639840203394578594336655780131653864290514738022105131604757195350439697365914724542893138685209514734939214e-42
-8.28805424334584142197226794862216746154293004464369324886414522621160097925612208460963184637409096062089915470286773493553550755384794266550927596692019987670513121759134418626350962010500804953048077904041927556250692124019307116940831063602586433043690936892022525691712920339030249292148397139663963724192e-42
7.95519227162907746529542378475153773795817999464441227142510847590531128783099398416146531475444417806112519303462648714951112618704599873230316909557224064176919408537449005205203668295499094787847761788653143862690876645675340803084808370952202958436619648798993998996435871654313828757206304073060529294196e-42
-8.20943070391990021404499964125778437069906018863789934876295166066972943098318250042040972319773558214585267191908279112383917431334079201883849628251906282923085055782484294707086744168908376869759263681069353900191635255479234415980473670279337914349182802456152522066526292389922237646684494846813285756228e-42
8.93655734423760007794212758315474596321537148930331517251978942815040046494009365685415012724191261901065849500363722155578468537665061525240076673669730995905184161528034614463251524950960198675615415405143286153709584449787262709245185105280294192064802339466822606644283977160874898100006797100261281743412e-42
-1.01396265066885720343143096455822094788410522068521563312345155524817281947505586560277118722319903265501332163460850410583853766295606076421377016546400212858747818986209864582926439956834183532560298254097953012536091355473326313937635218839120910987949909298331172020275562353920373669063931349468616714965e-41
1.18746683755528319083571220436481778514178040962023317044770412368437963367351031887956863651849662553793043919869834383188262448956805829925834914545203010731433304191082203259072717897467741542906541204004549456217409926817168938695475367932717581755755017877510937644169034839190837087631464078169680131097e-41
-1.42172697584131826232852989600932806524078097738964235677315464360989692514938158608241755455277247947542873582096823443691475911655982945808624585664268366172248006084985364586897372045587820039280892631995508077225609188314297699144657012844651927478473246360385190570743310013832438975791755909252019289555e-41
1.72205392397646078951857585996199594559279256058767841326548664202153436703917876457794144189051626608011548324050673710416812564059243562092551372733455577650586110245870193187209669030762266326219292320176237933221917931212069398521274853099085852463326154564165938355990748863781113410342518078715413031216e-41
-2.08411479614169813585259842335262850618772769336527666111450485017000627950673597215092827736409621117443830606506721260655704505832840823125576845233889313822084376242543041477474328106342593043721470197725004465106796075805789908696907662902725181249288648833446625738935316323968521040487664935099555404553e-41
2.48153192240056969495397411566471540557365089726879773968927851075936236808437408431942347620671183024711513921842771693776607277093511455292660984733729578398522216269768854871539524249059176198467944193042802215268397309875726329927023479742188581472262647739525803556541217164631426648921669074883968651241e-41
-2.84886971967541033341647319768474661917798367982206855508294271014612165569120669465817008601488403726119584086211839209932036968581500341805045432271550600880097415467367749329453129084250524955224706407185588647155132625180739080378250428100105527858256763189644613239565737115925761543852576019921524400298e-41
3.06740267241577639723754627276479497596761372503530804645269455541623184400111731351027907736042564809814277345352087856433682106214974304567694055104529589441369987456751402576333842252821879424839348853211556418090399315670550369460483317152841122086826768828361913496281335167561658314463105386197354098704e-41
-2.97531718211702626146080915717097930166190324400286649679742164944504731135486899974237215576506623361742194774497770491973733170890762641788779518767513149696173612201751734514093952307336416554626000102397069545276834029791233790378446599926221963742062847045413166328473714317731317439998112537708658481396e-41
2.43887783981789242307731404037349424176272005517117065055671182582787806602101107265490117842092410457691369058028398115734204286778141314768603110665200895241623338612444978475332471127708480341981762015879519685678418793676410544470007354752083469711309891741774152823186531060194269890693278559023611622015e-41
-1.50262809984345032999044264526304945324160597298363178316007019998986347079322721743184896033187735872418007425556460473060254192730976338201733929996701506806528134629588485170283238279443381968700873074300408060310475418185337102505736684781134381916998442013089686446105152114443159286175604056579908680551e-41
5.22205475891726342630203903897381952600843281686022339909940031270397521347823929983633057838633486721803320032790910073420210497857768176322428582888234865474034074077934761516472522983488841154363211201150782711724764842250504226606678928072960826739473736677134733130939388077263919199121389788368892379391e-42
