19 1
1.04794087577334856690799731075639287952673661638673977307410120333008609661265114965198254220666859881548729863048418326561232429959231056616232579577774133795246900179339941247816024044810158920996986405114338444581239323968573293800776902502033159944607369484978821605191853170170004995993771857056761005544e-41
-1.58681484710320462686063706638618509552602633226360850237477590271087135619012115032807666758864653608313038801677788803488150147758356432308849950467232114346616689665779282631999554350599549838781054648907679164718172711046527924124118528270054026061281130009669086277227932563580391698153894546139520192125e-41
9.70162656263016570265302358307476402197587795239384838428940639775039958478942711108342662128073900977847645639414288265815037532242778260527353556017848584180650931424838024885284200070757395554410420519627895177405207249153916127772521842371819144120672153256920768929244382718968695065808764149886950508305e-42
-8.28804832307641563584763895851898572551563166096659592374353482229218155837628124559364738250348173104796083539046659868756412211044358856387630216448756745770691353422207023374890266488552450660971939833477174137676332545415536878146952780109125638968466055056682270558164326547318230957154008589456826346996e-42
7.95518658411600157609403321693908768092672856721731569998042355829194835618677054372206549452065109511859133548226443449203886518133221055634887211756790746463078307243695528278610990363993193392513442202517403479374134750307517007777329543303294529844573911694235040018023953314976749774263128789359566557119e-42
-8.20942482787781001952503101745504573725368476681966176384353412932324736486182962236102785724662375923866159427967326923318710609670959955018125996437720471921289215581794178128623162031748038393840313640957197261048769163547948216724511564260752932356788736615348074174681048588710674330667374920551999297453e-42
8.93655093864791786630105863803853916809620311377462319485629771779410821313492986440937760551647253541974229910892565722671294040771315631280495489425969129627022480738675113984151819248241907817608297684006598916574826654375014707522925744813450141145731426899348521730573136663299429593548852459982869733974e-42
-1.01396192264732277525934975478679537018426465563851548457125635381520374153443621300691119679507907987521398666258479274741395949961821330512102088353772562004951234330935033975548552998802973220478329382654528052910648369720748269245405595084585589625219447049337454619108160524886095034663767694813435855896e-41
1.18746598328961886139008838847252633955968516051606333664130976148570465798702593240703310033764998783802310221178679929332806789825148320885167100231136776326071644019915783611948329185462386881099129700977860178048358040039758468117948354455989203539869671527565318454683889623921664317184743774187268034922e-41
-1.42172595077497672291546711663513953563796683291467820863025088185720888829509074654429906625580885488093846750976964167112341853083807557479697580697435670698471539287063112286823992401710870792016005775002022480959637299735492790914031839678523272841512782670871844022211631732122049580422910951342976780683e-41
1.7220526792865438376218949002723154181619504188003398553870385968840378768877772492362851806579826891577105684469665912329789564934106660423960026362303766370757332064905107394903709023694640927377649633429281671101687184077036620304819573850560800848585934954524868272436615671389085872003122877502574160744e-41
-2.08411328561568860283817141678494099376221077772792894711321426670805560930288023950554214524568929901596121969793574592035754704472086779737277129554605533683103390921366267488873755156693338539171987830114444113474401573582004396433796900583489799431876173829032018356658861614770966470308244664872277885093e-41
2.48153011842299219512871173134313800839346778898665200950042508761131542295553202918121271470102821424238512381928078992992895578441637572244000281731653227154330268422756612322965084797890162071317596254318916338564849715176200377688539759002631182226633884238090252864196429057490896923540644499218741156141e-41
-2.84886764189289809429756558318203672485645356649543919331230288081406717642339034991334515740224122649909734089919935640406464014540932320999202025101459161808219916681240160751701736526046710351641403183640802629835713831293162953661398865382725739487252403086551572014529542484820339343319202739317506753826e-41
3.06740042737130589524504993496854783135136313978813159513871738998342057976266932157836313352365823660722072603311503805739068320531008616125241155990610063926926028646954485728654810503612805053969599625759386236014899793662112204636341759702130136109959538745561680099850322973727450003437380590931560112775e-41
-2.97531499625201158173964188254544593785824634455474895967267508182804140934233534445436470972296979088595788441664275257447472877721544688109317919843859608081215739053174157293203627943966528901324894718967022015496520619475358498223196611771067994553973305405317926105362030319936673585155296952465079904228e-41
2.43887604084743229111610473447305428073757054510300225599591376848749274791476366565643369495752692807021912994564477924656796636373159180218690002327064047342295158130621788389705477442327695873949967911960679746719455978903506670426409172308592701028170649887436201759194679372317953448799116747094824101147e-41
-1.50262698673856551162229269588189388408000567306502024636439575954439393292422038560999856888451663452378210326374699248316309397984322092666537202911285318341224533105492271324952475692972305166109411680357608872354846812563341833599374621641844968373465381098144751284207224481442802391032431253591843094885e-41
5.22205087310426535157236667468801461651003778676916362487031041367682191008975224527611454900095033531242338729157671818875759573754026745821435164529593966378971749530328316235764942362988116660887230448669981198956868657122495688901536626775172829114389634717441548883057830007504363384844186856413724046326e-42
