19 1
6.52967906758208056863903925842795104874709322689996664147990341844243951765498245854374903086184804817156692573429540704572073060907601043601033629050091924907969523584086165776114995887258733545425639740248773480284812198123197345167550914473110848191634328383597979028360553083910559436455140928189298662277e-38
-9.88738195131444635445123498665847050481574242718682737162417652691917204752122047621013478374465186989890779766103438822946101020139197325894031720195307424716860120948606843364762155162867349128022029689801033313591948792204989848915384503085991390489479694397868194221341108560691038385453682621319059100496e-38
6.04504602458675901086630284068332732049089547558043132207747287572059745347339844477882905055461548277855533074175068094975402349982822677028356088233252849068600396899518803030159893399327222443556489045296321153697686276240861937174482363083401951753206417093974340421085791431001989471181612544900137903936e-38
-5.16425092995833129980571865669494896440420789489010483814524159253997215218887871827025716161894709328040674086578292574217459069996306289241283484312422651368821523317122863970060708822273657227536476210201425177530593441151326994854724411997852935633458917419172548914941784987214649560171875114886845371604e-38
4.95684612640596615443672228077594977396538972209684871283330444754580328900852701524133423414368433719028913042925607528924651306310549432049732030590643160836718999992400527903038841454278852344309378894291184032978070308102826031103791097730704611338038312913231340449170609960746540544924511468259321916059e-38
-5.11526108021562371316636323452626834178875896804430137426939047600531874840115867408756696172129387175306697941526002985734015557287598392035954431864094903214653997458674267914870244313487056802079714318149853533587869140219938876593767098313539524829563595802367271101709144749156049144812676872222569033359e-38
5.56833067897058075657501456828766267785955107418319538190515011013692841847896008851394168214974370961167669862044758862659018150172660043113064247135638036871364276140989241349015762832711396375782633462078728587851186309045964894007236409064132339312812825557921486560726685054578277771683544660485532997462e-38
-6.31795807456349580168268561205127458874578841686288618415895619794835480413361582075578094310740855678404882803048636047886134343775977567084471953424714750799054329530135395141904661334132801317715578519678720687307808413040166579175488592787190334008487480597236857194634989603735375020131484825865865210754e-38
7.39905546536754492297357082826782147663359361338983863732794466972503613865742304287807937953897966127909671738653060317750716979846304239937665012164392518803941942285452045596598165005811690797314214602759226374690362828088471578160413286228375399709504403028837156987451176028459481169839823136204612625862e-38
-8.85872070974135983520904209626520209869191029001094103215605676136257027015114199622260391188934495697566698939444280792672354244901320835354943632600739771134449234031019351018856930983694346204331140309277980522050319245456186900499918347486041867934401088245872464734328791783118802157636042345991737389714e-38
1.07300455933005638523204559006750359684181464003780680962584463444024446873178634287251854591441646673552813843839611511419672543080519788869692843036519436133776616707771390711531853904830670249582719409095030861308957514605887424481144465487983675915507175199726864734905616835010214593049481738105244026176e-37
-1.29860321475507307761486912875014182967711884052188317755543098950136523311699795241839069604030411195897987545348845853216705089546736712898956750767132171478036683760506372663428412881196925336824659563069132722755283290501218477320376892842368504002017516835143633871450489686999189929682449989440963865521e-37
1.54623222749098004388646222233110646248422886970433092421823289622421772030531272764865435238390511983573679741572135299381942712614164807415046507395374820296679041956506327962705583924439203102689275042518568925923226273976723425026858163807513739696064107388407963048623706768389705213872810878185554292654e-37
-1.77511896125893961408273225369222418573646174871123430657087179388592727044205236405418880255861016488788511072886341006124721312326788145704571403607373189526708490902041098799260240123616149666689775764032423636256007826382826093235033009821187897247763005892125486927096915317626630505110450615003179289585e-37
1.91128603389057358336882942864688461602946277269594179017307314011538029462512691776106626106718057630439024855568440117169492007902867453629160210393046292095455644253564318938580293003188668459874126502123184500660350219828052426981730652353956628371821985285228127207661135965527536308180939465875660349308e-37
-1.85390803821015920668803807152248114202149674644592801052670409298626850074697167948640454007651997132995669497023522355574888369087667887979480225248094005007807836893341628519238993845352277273998974217974684426055138223469086560713197096242239551842212670372753256716650650072627144000915282821188370352003e-37
1.51965494939388922403364905912698401061672085011856497038063796858261275173584867993000569363854253432460913373070008379217879916744332745568533733036018147567771208697535695081965009472441870773048125173402014518320632680894349794484076490055679484420456974026894611172499559353226487888244510366470363907434e-37
-9.36281566251789480849423187035883946987343394222568009088151278950283046877462464280137755405838507858871411148612176956076481600861287298383498028894345292042426888055569759786301724790139588580534131131392999957989939177303278839190777287300777760215627345175606862198557598338353611052505872027206192564609e-38
3.25384166280895060024644398401929818548113666162780761799797411944286339823333851375469540520013461291826496165149634048356963368935124416651128850862129825481548675478622815110671412159916396508468652849765137646508872962398696143766265461267046460405900485823925220636523804990416889644559412724851397143294e-38
