19 1
1.04793926908516048433554338801424878864305872235625460594663971744526957431060113301604424227949997537608179591697134255316950193581392544562175151976260021193434019285781654533379235434522398189648064563637113307200978975795416230248274976130142901644537874145684462272681110271052289051326955598306971365322e-41
-1.58681241405582575318260574475496192242631551154617903732121724825600450737531111480085489855691398432676127945174182626045360615460924300589103905559457625951963274287626977134384017499793363719971619053519983666801098121064670255004997160751726967180040539000412204613533832962747780122725105263609307214258e-41
9.70161168217255371056112259938906899991297265204385543535549995126770294796689970026089386975798942486097293693309582184610419175066540492972333619604124056730326387350135658696937557944630733317982473742488705804381934105291634589586619294894104831827884702464042249824356111360176276557711210601122850149612e-42
-8.28803560301398622403355642555062413151997366603849655727672375115809866859723312781261764435242436692692575379573857865194402955694969333285668002813020262892950833848151096188935584948940379050148629974307138462924551767277353985816366934828537263664466786417752370667370891061390113774849916664531452373702e-42
7.95517436414515550301147310100166781976103176625209476631128207927490062738946373954070837636915868258201934591599558568069155695802195895204055213538134655746454301128353546868780283385556324909073901611417161118421622964033416856260099539480268555474034520021538741382786996206086899669207090385180215414783e-42
-8.20941220284117474367410868365872646211628040280063119801680084811446930500291554803612291740133545632874765656110734754587174651704917406171942870209092227499201053671931714639787505743850775510372041439652175437055602594141314939677165917803573489360465064801344184860273940209301540211966510529870927816245e-42
8.93653717584631250337504676681506973488598782585805301018501923683320173477535202005265206426950429597751289913036836850037038816629519894037013975550426484999984448145335868440339490497040739728149123079015829562742025881933592921301746432744683685655314822489755644063152663871951829164036076406924601357857e-42
-1.01396035844855051178446113412089921149740970908395392544698117697078416837449688195158935871185087189144043054877544788632151753772779565371974437398828876489674765853201298961059907490564673152098472028082864792106144430562870677781351220312621316804828772874117065214094326801579678346449936873630827580273e-41
1.18746414784770625548305907398625789133719703290880399508298275397769146958454840844704164939735223035149353321475609729762325273900934128322425641012497286504322183689071077430185235870950121081075802783668339944395954465815161294943600505529725453517847828542139164241031233318506759703935656849764166276069e-41
-1.42172374835750873751026295744775589281864687443975646094891181283314732828325162994244143655133263060210037364617753081099230510938765215909922917538009025842092462217472445477160908725089136309289051017589823359929060887030111318502691229390074221686612228703843453505994659759848143136097389933072435027177e-41
1.72205000499461441085209747815715769098230327308025908764839690961904890026417018701214069951452399836252324032882932720525579476741434099176572801321368822573339444421821929391298993760684305043790615174872074052520950426746575468428902454510688554937405460965503648221896793034968196444110853803509227249127e-41
-2.08411004015898225184834901322713194904821810270975550671938037775882259962991212925053145076140322242923178958049365557416304930659470492750145837154836076533388053967866077817051733500815820806540120849532748673841965595875718077800325683844310119058194169589111477429054560768034936722284286996910246357582e-41
2.48152624246809344688719021747430872832209966529104241282954024910089554214263946746194194470443244811745544641387797888511978449599110232401797991331958412971076380728262879920689335297525384290661300029196726987291092513930888599606369291467869322972552661465490452777525813878223042600746977943529398578452e-41
-2.84886317765190626514177931091155388076377953295667087080985176995470657730583335026048522493774297824738928562421685820392467631219763026584800153928178099576982004582350728161844248151520553910348249665715557478399811539701818567415058205290143917104129110166303174426472904356603266311948107580669042491335e-41
3.06739560375833650170712344592773746793302456568553698764182660112790742592231438600881118133566853160261419558437328681173885408163898804785523434485865707311486199453178699186386269352745553949835146070696869892236141578639285233411813401632827480169838664979921428981947382289114741137557172651201398913808e-41
-2.97531029979010082756976393847579278796738539029686665644021761628057035517542729668026534472904309187789594370539224865305851672286908812396221609628758167301010607142161168226726663470501184712707731919280836909720978790561277180059963823054967406361227785724229375105450327325324628306393141189946080278258e-41
2.43887217565203219707183389867613778060888053769602411985252843667420431075320427744951222957615724320441837573008061288245173799814444973760834998797092174026611596307429770287232907243149095305347884575899558593030390635723689325670120180653109522732045583017294429996663483569073505908799301669376184794037e-41
-1.50262459516654118192572700572048707142950705626456829782974114741209406158147985723089263637424432285872890894062070282573338666056452355427900049662960326498929466818249077170336212139136213196981391799960647419342580275062265581439495311480085483823553237399445189286609206130097482886266092082379714487117e-41
5.22204252420494176815181648823460261678968568365440158692583116865373003675907909901926844447749567949662543587602774178297859561462051978310222081600934547486571681062894701778094065291943368595823360916136920195114681016818144553285502765180927071086276597798082190521413643346781576597896992582533647882611e-42
