19 1
6.52967764481786633614885517099778651341145986474530057189739913127426721785213119859859067948934625153099764772471294342138528548804906037560589198359750487690071784924778540346377645325090510912189767900581699255332032473358311948124899231181191473023474355611052648412252969138006841276046659799814756659714e-38
-9.8873797965027456300328731599958101360120714344950859746372064446902690563859630853856392329338899637192270089225388064638079100269457579818197739362704665049289918622446453451532308107205039462348222541738778638714467065119519085118076122361755072148835344344688393724080324923032822223004349046844054957697e-38
6.04504470583834776380634245857093420689572201228607012072869874256595265191166508621142913353888626324086047360315148721894985077179754370962149648181765924458392334941131041378609515542622764806456053197125889588456570447738232665920942689761907308433020462705783812582685060644794108077381005137261833252644e-38
-5.16424980133151675901152838870084807656356352123566523559620379611339392403727478183392529018954286847522519573472283713526931792379491404049577872237851675895070560062981684432192848217681820381566738177662965629852167218569961784813026531377409494576339896137915436165542107036876650425877798909367440333513e-38
4.95684504029635388182413279649121194400375791743729078263114777396708662535104226654879668107354633704363126017496446616962764667812737566821429993078390421622832797481835054924149580038591606396605045556243343141598328674534190691865553099125077473861102901939554352530072544291679618499705404239886647199869e-38
-5.1152599556027653887168773165273435479349536171832904598548550974266041728137023465471182911643566556642036385242129388835912323703029580296531890280994555305970378988651551823691665134320439023914319962661489825602177515720736407061416958097648965862273329448236203503028292971823125497384495598724975419215e-38
5.56832944964860622594090261595718892073792800915816697018425057778904513972376840384350332856276630698281222652980028286244817879127774315485043022329240493321342799809529232183999922641085148259606034028290775906723963216098523772709436209558649180409045685499949914450665738137201204700690428644262221465071e-38
-6.31795667285761085852582267901431927229250095642045643564127927528294698707743277462413377027047166000490820792805134568860176989544581433680649349701304845605960635537365883719441934740541417697410292744485574141836414803044839920869562567069105573671695795751969454165236732638935386325283214349798563587136e-38
7.39905381445083719523968257343244566100269407131939200922985119986765002484003546218577620301148807401303867936271778442883249453708871208505917822511085376092693385508097986296652979049343056672416232394548227412163947936630476334075723109449326529903218357348816990166847929281604382082542218314313932216452e-38
-8.85871872038694601118507351106877634951179507267195260122927667705930821181325799723489657151272814208018016989236049882686699750086609699209088076981130922332025437829275932485254985323523727063094061454159081626493566665314934571006040853668271889893710359697385635733957472845617521951287489017195615442584e-38
1.07300431663985141807677766832296517275044452086478414273257900781755519894474703142015953148370991913834626632827258910476253552904951728888875031527459185764088116166072494641104591158058406204270767767117527710817954055703788828599799699303119601940307765679491243019576850456255312493105110359447557501923e-37
-1.29860291871735762388644209311747960684360573903843853147774540524579516350859855897657171257705356581975003173595071416156501430691592019133559068093066373614113963921469190828473533209607288311851856313189299695582785348105110496735231415911575620774210840208910454895799194160314948652234280293817813675658e-37
1.54623187196766375415916188188880048402428759903804377537788075579233121827609024402753533831863208737628109002171245455807595702955422457263293901031634988803156857673134298937620921966248425555878175760537512460473015431311948935452535205516654561943897524177325761936824918631662643317277319936901696023552e-37
-1.77511854931456344799552796351712385181815808789535335116976500260515983005170134716607439730403311975516701262649317772125224301661480137748958373100975705330271318558507905579765529332152446030546345533610535629817912642055086551676204658912542916491722608818016573280434304468186148729788967556289747726437e-37
1.91128558592866020256232604430304305526169693967497109202681297030513610277279021041887826682010372116049944098490891239115165557920838505020304940343772989183645171396385894043938136491819542733345220876502616735190040650356168145592151993892794344869469902236666286909197955309870447701843447177652015621943e-37
-1.85390759908773460661247902403058097690330895657543431316924371670785159270335470278625827818512066527581289683807071399617864750201148881968253911135706622374407940127011287640806309754963953318601228890013719448078022466210606689886841246485682136947958908945592653312991561556125785863314875489307170400012e-37
1.51965458540089614111264538412531902435149439799808632803435989841816275002008958146596527121332118407081208286843223250866129737016458958425912712358426252464287787193275777764438902635978544185175278110797790325931694609444058100135125849373473387244174599120205340935442766465085774732618404151853454773347e-37
-9.36281339336241062035693604695747483807079335918859919517821669842974955916480079347885865590769296219768615784931119988233426781918408406550072687242833776541821459700377004602135002142639607180004268652319211113560589238460762116435504203246682715502611319311286635466264846904179518299195792117211290545082e-38
3.25384086442204083671274935197569772088304264991639860643230406535621324902035801874240004639605883784147060329238825782085575410767297791870115513916236847394794453509530939238907782431549643003742784814272586464941168164619258405078715701362910389577337332906287891568308561533568683724247616059683645763933e-38
