19 1
1.04793903845824503025990126878940876326018034306535321742074904796324414418205244627103158938536702534393969499898100859514888283299611729406942194726667633091283356233099420361718020127388733403004666738057532325684677076132673192413350185098995812846038857354106060475170574358567055832697051741385509866734e-41
-1.58681206481182461440474271641353530634051612934066268255112782332294208430026994384973604832376815943479555526312091081317177506957111326514324330932903427528506539877516817274286369518562340615115627095904618504255566673674133968824883947956823478127853084017651750346225307769247400037079628566375424723918e-41
9.70160954620489218188416747909352809172270072436089156185194491197028147326508155318904123200755896910516915869353447957328690997733692388320674353640527154440697323022500394606996166239194748788407800329957118456016712833591892430286171215261510021898437768827772861560041484773091444072294830451528527705686e-42
-8.28803377715335870422939323283042664767137241219911390037926156112610652092837792125605890334450846081829806171065826212048342856757408297833422304748101981003296735859103622166636570541350638979743185098551043060653635834711079851836088803913666189754335036107593632064804684916187520601804968720263009188291e-42
7.95517261006860346524519463792503779828610909593905466978310579152282403852990611080364850195052225201546765845084205332441133357628311314091167127383738773856516051579409389396144549629332976581835605079149787953956484689328526468351216443253831899976710489068505124535875602548509381635134176148415767797347e-42
-8.20941039062079346347725859804111193785491450089029081502747241437074381579564637856351947205993333095424737363192067844413064454733841821020299025913144960645992366498351715032556922288735024902825620527672312923888891421292653694714043910574027667775951919697340904385553695595236513714331955643636518794431e-42
8.93653520030916417598478364777009438451671628826025786902726371604899796305836570212153537570653352272945424590971411074212920888133439926783848167107305679156403212789621928437959849388272407395758322468606522271134072297648086937781414283134216367320537170773315418696129997875843966506176784653996227230509e-42
-1.01396013392066967353754096097678459319689586921966108812718944230964789929028623726995212550171108138197725554785994404144695704396410729247223070879088979327935267146462076426010470292628889853158734594060817485267274087200482436128201608864900426381449590165540425972944130095073673333401695278639551824015e-41
1.18746388438511158034508176364010332625338001232562060594304555667359336830863986205925351835620220553713612869069739928466328808355965658066284557071586908480206574097726028656380564730281916862692087811238786007235781163463780005482115196590653407992169973709844925560662776298559877455256305116472131654507e-41
-1.42172343221860438256311788614632671319881004114053632725150925879294139772224529166217088603603661975810385525351983744511428360973289617805755685807154302443238374838080497262549477138087539490068956484477884341329402869257075607319786155931423903748671970567903289526029968164460710269829863082380331354268e-41
1.72204962112203284634825446863172700844232135944621970753381376903929799346195644344460150971398493258432811812553621414760656080828320697543318757483361820738142286070418795260692815587275690118233284446383270198919013572098423519569267102207212639779627352231198907023395057916041709866118522125375917202433e-41
-2.08410957430042611987502083999732227881480479483337723764636408549511448647990935902559077904700703295639874344325455158379680154512547273738467405313633585785983587564291522278530204723802330594341451850581275932309901742198745115006878494944368603658791915625076855595518821364428391125894558521803362497464e-41
2.48152568610675218644078181679019228104953576819095955408889297185728238423630790585107017317663812563175453100673289601893853117580041762280835227976308129297251210243940861423586098461852722498193366969728769102749243885552862245756399523714142066030603973458763471756028540281888805852268835275254559742388e-41
-2.84886253684699190327691229866597324368772147820980593817786306953747664345603774282836383011468149048659036462516006377107529599016405537066513798099230128825577791095500502421104367294088347047462746321484438163200292247249255382648802561371241323829480220513067288484586588465409678872559630536143836185871e-41
3.06739491136859130165703247193379250810299830027671577950672445283472791086200602099481273142395128952462749906349191196051219690773239274553351310318836606946498536816200326729739071551651155766030402666236932763881150935602151467243663389037905878165470750367449979146351076893606164738396760356983438935658e-41
-2.97530962565188809598795571377249463242768524913081340542356558034055015803933519358560457270783138056588508363511808083644353808212764506744895878559845829555070468381242940283150220159393088306254164827269443064654496969811805253614732465433725597112091358152803686359098182372174652979694567003921214791023e-41
2.43887162083528630317268233279377853428406012271558333658710785283568301485069238849545747563269031977847993269196342155652101017668563321301285856494664792873478167051008573867450311987841319673879924461038363201146156618141742357462569320616823315510979844591688074231563484752301687687603439453761115646339e-41
-1.50262425187623874059047498572339139339171354422614771689333593979751243352003271850499654672620005237800655526638199762872105545171473479824738547749263903088464532445576746837201410927744338871475483306606104652278864295904096589940803241442786476392305600860525708888290369415157758639696235033495272271447e-41
5.22204132578988524395173397619041175634688124640504419969881059763033212658938945146247659146107978600522052156845130729065520193235611695299934604029928122837327865371554514931433212166661520502713846296297126589082812797381641237249666518269915306069288363067611043605599499961455822692144396526791303865106e-42
