19 1
1.04793950348733948321183431185111006730336243312140177465922244254570106234826282692597447655751138547325182112313866472861556719072756663807782968084919929251928645836594891548330751089695966773046988559371185160852215300455281842743016601437895569818627118002746577762756911924619155722504441197505778268506e-41
-1.58681276901680130103836988234006303431629145333459773698190984042573100852450939864080565878257708316789572094371631530082647647425927024456505089057144941274750678627135839348610116512824313623086650923457066297521609537337524132275425932833122586731117033947799868400576419392761275178192199697940844824591e-41
9.70161385310509284329968203102381645246725893431031775884260932361535463880688077131426952507730760660474534377745761100861433060301958028342687286015684639321630135285002770483200359449654738706491005851860539736362418338631806439744316009072061950412193823637877038484272510893466908959132217020672162530086e-42
-8.28803745876317745366695837734076119823426679415245290334021150875824764049652732538989726330201681162378082285368399496687237198406205782519648591706794678612254447258589611177432905693274247854493852548634495318027307798728638230026579486660049745878446079183473168896389122868291981609664684666161241799433e-42
7.95517614693520429288399107828004535720395378777361284878352796754376843326324414042045859845378474467264262276124650799741980178333600303566295195736830576836644319682092301342212546433294268269603487189940207384623319214064877024142398032234852661020247007265483607112548036645902751596215720073637860880239e-42
-8.20941404472685350495688165141391882862233306542962370778205968855322668093764898509742042007713211242125847232075378206364545809103873257920128713361782940766286514742975859935860105457371437152251131270958896043417955728201317286801611912653364677305684064263105728721123807921847812450786708312768154222677e-42
8.93653918372220050457668554880479236437402445910828317919759157057033801187278114423264404461066415490603603569718054308056233122165860343553660262185806511774800756575647375180116078691501086447384793945582011152120631078703923779184319498150143139411802762360773026213951558070128533567527025920397397229959e-42
-1.01396058665186337777979495158204691709670848006395464951700007390494166291312624898575439244568205457436816313725428684391409272645035069274503988087263943399571542683426551294301497813857607600367679943800618022865382855916215805614981981997742590020003575421386770583030051097176980175041682894903018851087e-41
1.18746441562308134877273911433967521172718721860887239163659357440166331566626162839628015845230891339195527879472696709990386445075371121351246015657145427257932300435417790333197338882392408437343262382316149572433846018697565739952214692296723443122950321018361004966427400026915747139069383570612104338907e-41
-1.42172406967148782737989491549573866962197599884646480075898606675614120313677809131965213274574242201216887174098064776580004422538854948421709365830902616561268890207915637172989207089871914821048196046288487330176413315288781883597583112616340167504033843870531256939246822911170721024969669781192911483157e-41
1.72205039515105032917131250294331028616203736267611393789538007008977897487160412688441862122678265508764630869226660663858007203861523664065366400583773477188366201908659938242188675511594694455509102068177841743902445833129662839034478975435557176738935781048407289543113171977497418698989441285222194529389e-41
-2.08411051364347977493349071664929346910273745678397165010207939908085343165395328285207859801597268349686031991693140809352383313554268471646224747424328135523926139194055574149496380067004825170573370268201095507449176867270389669175857208625579624328528360243766344718591884727970153483824454117939286412666e-41
2.48152680793688346638899714360167885913516062099877130793207775403073201492748972685427327534519412814287925393424269726922817666063049666351203631530754070071029492809032856803806652020059179270081426866302030890048503090047613554948026366278520934796110965991835945065685503273461811305573686798581489652358e-41
-2.84886382894659296729834041097000589117148591609467185781883140232115186235302348804567124060415278399897493892098372270398358219928851189748073373519583769714248868898813298647353083293496787968610020423777755167741542156525496336795530481279514959928927691264318199321005466041376377167254115607909711432236e-41
3.06739630748229359690967793697573097917581359595203889361664133436689543396926381753258502226651364013158179953219217303254088844234369592472181029812985888636759819315210680276571190758977266479715318864409840389241111551591785412193501406065134815885846713827956306974942721439412304675536938533780128864763e-41
-2.97531098496376617337342070113882799667047991695763505259724097718789681809682297793506038477885288370761111332688054741241039655681183321581521684591308838620459776466638146389492315777028057538220378278223847059851063432211759627536718725114884405297057477678450429365348196154128080067475366080205625544879e-41
2.4388727395509831346934516461209442314426547705962675670209186166909453691018939432843459491254975071494837673354836967318827178961125414003337332785507730897070182794104913973975739369475627015383706932667812608766484291609437701420497845025026293479816834643565515263767595732687467012912594110174590032385e-41
-1.50262494407642345896706796153208487503651071570002344190513396008229075865421720929284256445494283100004637180009070913802975933309067165857570877609419308964772277591489910373967057171187102768334307229504088914997299861664004553694201880721300780162623987666410516438660785231940307673661451228923298631533e-41
5.22204374223779214789041705229835952656640280795599862603352324537996740078736613808940430563459834323334488659010268288263844567855364840068173470938434570456178958573360000631137369188148732358925619384821973780955917200798393339919754250189287610868502275664947078476354919474138418788740532306830215387482e-42
