19 1
1.04793931142053613867018296632048674273221468262138997334998545034622682242714484523960287244755059288908269516655801150676625494592355242145831187869793771369992823991237646234836217537728792679517545070967251637789982245522054249689823339309581009144819086354229335851734880520749515902727506173055369386437e-41
-1.58681247816532466872523736450280057737824254095085794302491894833196057039869582256389861648775694043699756801760557740003131402011335686996298375482878143072820230772731718434918989252250086935231096336724013619057506900933771118162866830348255028868800684907685801272865453354238774362897997124881933127347e-41
9.70161207426466172433132284367007871709604773023222290832313656301177228503220913110944379926086035919570688586643081024743503778578437808546174289824070217452588974545702069439515218249255038512050013301185403449372034123534104128957659840686966461715938971867083827103017757155711070074270808874004165619862e-42
-8.28803593818083194397332069742626775867636494481884373233406956464770468280515428444704630347140043463099768368878899891793420433491224750065484191118427483654369941545735567841100580651485803609901353531628811808678401926580816067174020462868180962347812802796705116299576185139921818818094465253546384401188e-42
7.9551746861348505356652227415433919015205333410286779444868477506820941752274453697838686255516571343052117046699574851431034446044797615067929633173633015527692633811132104102355862041231809773038637599362800004406185098371449411038377847727669483898430744636866345961458172987984588330773566896422142272386e-42
-8.20941253550413019142043219598830852706297257210798730198355532457413008339321967416874975235261145874713624642909834328993855033662343214060088330968387770192236649289622783841796327652412382114455937437530820223291328401277564895492736045270595803213825112774228476775280445887710860836210378935778109602097e-42
8.93653753848875704290046560371588108669893592743714666298420075932690256774245908494599512640422871869355322699420030781801003740999535662839505219044268901489285236620452668681852587967192011451885297851222833114781764016413773844078563219077844251783602370368618312672604832490850436549356979115809705756227e-42
-1.01396039966434847763848055891461089623842935733766338951910713771953663454404154059512062418284372797833481053172810888275737009147349403896942724506116585989016835420237210234467486364861053533876020489543547766147659516268988283573427671507109290177653471223244695330911173819001235089518504093884657932078e-41
1.18746419621061377343761758345836236911535657190189427680699882232166787957297943001809947610219119799564217407678538786432574382028969920374457631038836147870933300453707984066989886582123166390301443036418222904438189492628414248362225167615084631697732904138919447768749441136631730161442251235809283556919e-41
-1.42172380639002266161606950349721809919986326800632449892027949371793569309618268125014987606548829885689279884261130545992240832997318162400406756576163085725451698455073734660416733574669859777959137805190007033684977356673892629334746665280381195858488754338605750276686908269948383816548462299931438310694e-41
1.7220500754607632788232809861634615965345797284513016390136408077087879217945534071754206939366690942996216004758426673858093201655314311774171084936341067220884562949240093990702832938895445244113931387269397316320572132335775081898796553938679530037147165338583551638353723786576179714868877937863605818566e-41
-2.08411012567501076935448392099403530000250397068178520757593635087786591127390220176765047839704317279918332071458602617430509616278160343088493758387368400638560808704161189927217677143701118233524988600043750751137810906058175733809193431573457029700243897873068954683052726362665729713526320547892794929478e-41
2.48152634459740312200515346669002064107703770595398983691182094805420273009670481483873482171044465166987753079637521291403488694139697069262273954631630651191964203237771098196653099712376107846296270313590831235578191351531530407732624735910852736153911408844713996142877480336638307269004868224198517377881e-41
-2.84886329528222906266246090654782520330423055098548876407978642506826040073769626277036490432939000479798950047566293462906582513629426911335756734096263667308633836310159608910235809394108896159182088729178988200361664980689222191103437676049559775277336618184351030686034550982797661645451961079458911863549e-41
3.0673957308579080568680534883201666369269007276675996573967813309850000167062556066632827043567435278628639837247759664817907562993731326983019024955933322424129822568637890135991580224689384790657799361516031313802712276933588863982403500719024095075804832537472741085496422648837570810275234635793440690485e-41
-2.97531042353930355954895469400168999117282113868981766024344117968723145035416756165061284794124378361567928025648991833355631963267107684425491734745009915075943618772632315458299438319275459663787088597286492797173903030194533741212136133985911147141511988743007495309818166586859679200717663076572057373571e-41
2.43887227749781021795370491011715190995532097269046825315848576507544906295450267795754534666254507775911181231243011680714140055153587691529989239496727765818405190768188829838042312569271487969353892888168984953114880757493639990463927136334263378811794963617023701650988315074592644423273732235243578578218e-41
-1.50262465818314735104838279484784530452913034749739189446354441809833475862976452583948920492696688761181492898566277188816422096718709367855005551738483750563893090541248851479803492593347496371161175446543806007230253201763311519118936414518058075487581315048876592609527609799697244770611635098430127471763e-41
5.22204274419382608367936116962635986214917834629460163648069132296881324888237515001822794550600598694370470883495425235473853377544652911931283937330224125088550858470662210591887293339520425301764794674974154133270779219370464425427108394821349233225727448833676411479931385830877486355057109743102488291669e-42
