19 1
6.52967528186680285593769500404968448532019073372602694613155081459385482248010558781909867295267401105582877703024317372087485644574892109792399946021304752270020096593195929749870993123506129139962320355465093351117510707295147724155830651977246617127810478678474613567224161687945889698815158936509051427413e-38
-9.88737621775476476085715961605015116578492147633105810809124203012500087981659551746605298322503144602434541316918635059993419596899813632286387037087197392560928394726677409735942545508646017726401939374288083167733914517685519593079096231514976548810804112591571469897000867273663599651503731427186406140073e-38
6.04504251563860865805194159375521059687972677928157195607473223277112201007248350174383302218840680196550287745513690956404829493397995870108362541832822822950777531296685428393104356888241956109877907462584660959270345644850062321663012459884408225295940749909044884003627324509711198431004363140395702089514e-38
-5.16424792688908656350428836701801061764530201558064843653748279638817067588519056136393089190776175747709126234767790872363506349980328857226412324531554627185747429471680162785003356173149098178625874373160190887565744017887159121746434406023573404991698152540625962197926697869026913975848995736696604701357e-38
4.95684323646739637796881343187494664685439333843401192638491241570835255532507563010318037752853429874777229601298075533794188245239252147711113117420935258422630438353192917674030216328741260311026402334403644424833110010932120805839298045216124621765011097647778107406596906679867073887145381185093031890226e-38
-5.11525808782722614819534402926057405995765198006701989970570349467918869540763363125782755350115016642137088146718322723499894426928691980515770042781135880810764283403526675604470730293487656562568186715471197445926934047561845675231284343366588015717927578931422245692059774239691945828029356687278760331114e-38
5.56832740797078096257630432760117210604072326152812320953961476532323450945052218489397908721237749834928294090490180695788941323016274275935623009104844057326443250554855743311251039200648993767701617658403672094296339094690468991896339875135441318594060920108629602030988871473956383307656724004231040423385e-38
-6.3179543448822515342134221264152570942496836349324065418627418987898868756915436878663274074471297543370281481634884523746736887637723283728898980737310412771165947014000201588288869255929143832450348241107485220539764070560028895503744069459643255645531772713992106643041701453332186057047489625818976264245e-38
7.39905107258280502983398403787841204705075090473779842818144238429546004055820006171710278462443475822953610889971319330883563683930512243582884382259989987106315748750880771676922186617374388281036837647105272378460982958598673541509575217965454131869106108354013659916013761237364131784694933642863900109901e-38
-8.85871541643716184322867336821688598173971149288282418670924257143121515466010945636234864599502422516217079711659263681120068139290617586016392076594294602159786914017578214704502202010409948426466254963350205174186780110929004539258428775992335033964856332030615869676931849859667858249042986067230998020771e-38
1.07300391357641454063035957081416277811480813643061503758005949900971447750102939424065024019575227805470639788726461000170205437727265378595276977743297721623885370379571355244171716211617583900099154859985149948634042733142103432096613093415126407461638125886481478418138435475342389272455851828202319142929e-37
-1.29860242705374559069680385863594106671062802033104182163749466615658471584487870346630030591692794687749395884422054178059435076226627598482856080247175886465042583448246610237906602443423115434874021398529503725483907207960936515643986376364503065376492059760673658751869086110106053136936925309393938859284e-37
1.54623128150972088118214426967023169138793060127910657504689456101251821104946005491969864616827058635092182822283587937485810537928192563166827652601759488864251111174712056969527933724469280536699611903876070837216867079678753075055890287187248258833383189965804126944506649002182603693260517541221106820214e-37
-1.7751178651519998352944509593101993034107418577139593278600919590769796737736370411905958093141471338859840429187390325071358838878654468552669440987647591534277457958898813717353067322040632310024714567973293492716877301330967372348787452654432093285360578673617041200664176388406838058751633456867583644128e-37
1.91128484194798099176780158211213739073682743547865202650162145545188732488411687872901128113743602198263620741580815377195687132873171776179283331523004293701510745349790832020474566714817671697485743350791793631303160454971005066891241292652256466237476699144711949396317869490018809542630031301310757135374e-37
-1.85390686978807426404260088642836947706495025707620382926443210831824076687656169912293989905360725673100453250728701358314452657433345639812724666637324491331263953923260241336229774359562267711112438337719479390513650057079874335449481755832213837699897290156200765306981302572504278058618759698073722679716e-37
1.51965398087732367234981643790176857422051113250335456503155036954141477955585187251581503869863512786512395499640089044128238986852668793070439419737950176327506357506354721232696036485545573306394620071549934738624294400391429592399212267767247904533856131450893799689494535642605667521112684883253190512373e-37
-9.36280962472560444674808455309973846245541991717484360028993992260411714144437781538951798444697803845426648725429233067218568978970281396064179829988340381698860100590096369519934658914005420754421523054742221902734433974959649569899988791778911316822648068987125694676385759398172329087247781107963522086287e-38
3.25383953845342596853073589128230566861438144446371295578321090036172449727086079098934497937283404429715589147009702800134009067019854432921292335798894686272853992083776482874334669634003357762114867451287948904938532864906540948907138761677740419352305977292136680093878836371262436888873100151158074874802e-38
