19 1
6.52967273978887933167774694690842642441138202753532745929032916682923961702612051100715036458700707442156354957283106231662279142919272847808696515127671871896112614182091163638433215835957914471987381163140534403947899563299283785485729357016457729931275252358712492926987602866796895841017152981683266368409e-38
-9.88737236771475268335292638674470469191667131876148746015066483339318677837246436877544592252821196062994547163692237159564106060602830573578229019219464464582012958271941150123801406667281744568263992921586141940775335570970666956903692082359526692239285799523581199480400420104295250342872110450481830574005e-38
6.04504015940781646181989871031267922423847962601927026220003999941352523210025265429065561354466426408192708534588697285711738215629318526143549207931368135570800763213379716661672185948838428197514877396525578808938847988546512237136701023616066394061870498348257927801030716255686373404988280385418524106567e-38
-5.16424591035220195634373745847550670781725752231963613431121653724656045205048057828879716653415907881747683118809146476972729007672667731747207012784901193579184176582600700205647811907451075485874447201921943567251334033453468184549406597208960248109956417722130710524378995018222495144378456611461472442527e-38
4.9568412958971885497788718521892040882778459923009956115327196403593270147445537036011617056798020897668023400327509481003761012012831026548070131736827840169537546052311341177670515229260823267985714304677262098906020648874136962194570924988332003276917516303260261626946908975181858084008960962782922001103e-38
-5.11525607846324709873512630105490275342491069088506299697875622276280948588028528457429118206257640383241498899090631602393544413727401975168024208281715402902268426119855720823620987974032395170434657009832116673240387700527132380811369886351745188590426900747841682453219678650980472533821368230233130165014e-38
5.56832521152216512216131834797018129006698046660922810585538100114095948419372514246209359019307168729479777360973354755416097374409405526922288365764707405651988747497537123504288239775229129229421651955707654159522778396488720427422273727459850760745953877437097773034671505911504643087837560579776772863669e-38
-6.31795184043375497405977730141262627660697128656332016334933118629462466499812117021073329580275498496750316015437515321912332283263153761865644248134752313830461789729105999244488067636860627431261646794363613475391155384108911415488391180374079880669164332416245465639468556277307793543133057388010580421126e-38
7.39904812286718813552083887738425686458723233637965682488696912491293285029375188467269786793651054527510558785600101872963296666044484689996809474947441092661551529438001338714660918024462444936209666262889117489012359701474441695435538120961069534416630141150310423747309466845259472240138848837930928250303e-38
-8.85871186203229153533411235517019794817454293318380934709359801064222615664670159775920887640888979915266036907199213796679092973971681277489922114515032153516325405477096172206566350154552640643980961174657683919874109338006196228273677909509642648212901528718263776293725056465438385625928175029186082812042e-38
1.07300347995901172146397434842417442201724839031988211345489765818207626191665842471425253112597312539402558556127425220095089484376990572524704831005417081673872745273160817975024265411254789297953078554034738605831644077764797675936664930780261111800570515802410265599776519297087708596481846579865428227552e-37
-1.29860189812009711794873546666816130204626819889708966029601004596315915445200545574261192799340433442528885706801908102935011891352803668915109147132066173114959010838086998492351992192647782116635447075147859092191587781780846809678176368151444345888594959723812095355456170348973142975799192998676448638773e-37
1.54623064629301377010416211447549287973602985387500182727537534622476409962045827690984986015546591071719342927510887932749365548148739557947664286096533971751627256227354865727344038120720243392642531285609544210061607391325113116606209627444550582874703622147799054588725665347407007425013191866640397359974e-37
-1.77511712912787237446521981329137675891118020617372166455883214680074098063103544196562114202776083027612286241525908626013472865760284450385710869749230738112194382578616613378566166764331237626102517424704154804221380492120304002076831194422837521218024254761914974920524822029253974847874785503788826163029e-37
1.91128404157173454602249761236302742863164639307797185071413689148772936442424529493388827943709303417033623006930660601078774817919310759205214979639766317377840318096750836348032241680147305191131256309118136546334497393163952576283239266326062098370189130721961280347033596922161278324319198856044280121678e-37
-1.8539060852061053344066186681410207933020361410532429417418368042579984438125579231714587339707344025418048214170560948626151728386783833346510807316854556748119618917641752872513438094208825557139530831799830834942532935850420571604069986755085417438102963338252804264586693265295506203468470366688828150723e-37
1.51965333053005715962727266140501344455591470610780664494012103333926594812985653578131206483651370222669539315285913362721695597586239567846694094881994978385151478477471411112501127882313924809015281330766406096157462216011372194323598573809449977329043359503475055772967524571796715187137821320269261190001e-37
-9.36280557042336012156520729806813912696780408923275654151968452364525773360441813385845758761103668163787019131283104449907154533942621877439990390893907979882509970563112268885875782201032938443798913833237997171079445791774367040235356341894268967096592290394231982228528587954215768648243476453258965868537e-38
3.25383811197624222215759743002443443049025452508934989151957600639835975451141956921677952854961792929344263939546109666989244136350942436858419838265336204625786512827274510137243453685498147941928969662452958204782258285567852011710634233277488517407340304860047156483807133359607694942434404121357847139643e-38
