19 1
1.04793840813282269675212160245427156127727632555638077537085156943139349322832444425254957306790931384043522873870547352004011303353913470650610943878682972490903272895518523366663446661639585724607499455008789790240549533965419070922891270263811527436696198963138561296006213284379261292115984639100888480627e-41
-1.58681111029456047676019708262257913837433587840613399139189053703716218372276577336893324155122124753896771412774344754858044703711826522912244738872064013860486953076948145117255726537564081372790026713941167929496753522960906187928552156088205512427501257649031386905851302877116593238363873246002041048562e-41
9.70160370840096294580919499171673892840079643546287419365178327572497922807116817975408474937211705207993994070821194206568724313766001384390084268831570151767016003728666604359781481323468708676161935491465952704538898622988068447823835716960810626839715572086818837284188009642631822211522483990986032973953e-42
-8.2880287869016443094418317561275803686841338502008037452011367230278814567997316820963589435435702168056227111168589914346735008402049167667472237114407977439864956799457588527647782232790714475345550334210073647876549589483248429346019083273130776348813727576172676250788744776257065229482483861604067724176e-42
7.95516781600967197406042038045596254962528022715144765601683407517167990638636926204503283124476750122150778566363052747018104721638682912252649048812595413052592553367163755253888240361331588320626051627834564275184556279118427759498173115307605768761468958330662665036830704871439264326513709742012488115441e-42
-8.20940543764927044397796843363942615629713185923621051676641566234488584426922325048818075021790910930610818253950106856675294604619464066061901939873480616496012094406107395416181042338842348523478746562518734601918173991995317016284515845619428347465571498290215309237621286449364376586635361579580598835058e-42
8.93652980097737765928913721289927599303565952652492507593812620023956779660299184773504958557795489273865636717883896590615867477768149647871487961509085805506783230027162142441036496518640639888805814822358273537833491446551240829238804427202761484969063209612620909459245982574561326086233323474659108639646e-42
-1.01395952026452762801445890827244258357407686428164433033437120304072487455696030834619057388440609564633222478858873447805174761425588826331340802881132322541534641947964331215804309476727501048559209565776333145853779875341910303721061179048343865800006884789797816192697150827368732523077732728060360812423e-41
1.18746316431669122420975502869877328908550029449855517640873758451006247563382995842162747424232841865950621614628750061078409882777102124910564076832931638673558484456080809802101287431137066641151981294633933659372990373645766907604746339689358447313241169632140153920494366942315625062616322764570689965918e-41
-1.42172256818081922485384058114448503030973042930998521675844884065109407787441367919990133802492461806052678294887450123496481013152700694737772096120676678755610313754614511278444078385514125715368507221784444834664895707474137677183957788920491576254454850223700422534481272209166870030262655200746307339351e-41
1.72204857196167029048487085661339585611345825635610049777118978891097422624892379131940586198832596971954835310346502686774565091720456325861577224484288585009368746906853843962651466944026571685299877534197835647116005799710158269260061587640235881006414020923403418445693358655998751756402470418521554838141e-41
-2.08410830106461120268581638809693715181383892089624054238192998585336497913811579368138682389157414606822853185491578340248920207765976585704770070834851688767181294578474474724984388534228966152226129705282101601688180656808376242757370489818101043327082959528699786413041020431956392839223467938420325814539e-41
2.48152416551824586707932974199836159142231297719903545730864935347753513783914437477396578180217855087510222516112315507155389376512891825330886098216634736184464857443389276598255653862773086182979096738833304493323327200101676093752857198233581364074346651086112074969936469852012995333019687802385580079255e-41
-2.84886078546621482215633593639638632363007485961309544071477301348670079141585627061689127156157086681614274489576032716813201899449459941554053257882147928338853941826189159289516191556737869624066232319793897092608716762094865616042090706434284090303619061916841443042768011916438699716827627149371409065522e-41
3.06739301900162677864809596125674067970465719446476086705844099829623555403232322998701081140421170735236838036225470055789640536599241339015798118770176294615321071076361117483141497269681724763318536564260750051869926770527627872172634949254737523560043987448203545162387152996768127151021602171164964652786e-41
-2.97530778316816002969997712805710389603221323123933221580734108527952985486634848458763873715697485437098041589223963475906078593947790348450504423590409918895206170935257215753463679074195837865732368208806891318122146915239507659943598158252182270005073099268326795579767731346720826676953820854644846176883e-41
2.43887010446850972737230237691537336591814086703471293097932966989536421413048133398386088632887304281930744029776488375534863950629965094808609883260535918821513502332558295285032740041704157157842264756921936360252780909171561374370894611497531811444213445816698599478489057950673557955863969282510539656398e-41
-1.50262331363132665486134522988274671041681022794302846090390438656033013493295577926585926115601020059978974182597020104732086619999615019031490541354794289928240415371447000674780326829844360008615090353736769499304659378907587153397065894614964554130321599982793033500412082481836450967946437412118040286007e-41
5.22203805040816036760829399660749296558770890151128760913024878783123832639746059560532404891075237919060905453910538796532619917418273373007182101817491788369193525038122187383643110656008917787592085085156170621480175736642108749747039705213603914277781830677008815874687198830954750178949466214671102653208e-42
