19 1
1.04793895551410939327824530051264966179078158412614417523634995654088937624358960277887964562118907721567512559598982379386141623246480683009471964017508175852968889995707920017281223570864260945207577823269422032672251188639942600691728733434443697011354874537653295271668565835041725802339414164730048667576e-41
-1.58681193920748334684424337973148864438819253140833230862315481566476362938552838145788182948856976246531401874631555303472059640591251804763830940807233347728252844440637727860202304417073251580510599894851445448505477297414129795175263283593913243333955747814814386226904333149346548071286222330613199628214e-41
9.70160877801185261313248778263883443632630690640137825284583477998132840461226052783667813449065621602653431022899918896348847802102694887221031351673109976140954537071617135480189036389096806350981976788711343234340302594568524392655848428035351868138533742203123723872705242988795382817239769482093412185896e-42
-8.28803312048919302481258345391273368487171966084885862789400094459981812734312792844413126946503035239092075881518460786551697330341417136783002985417349089469581258541820667235811176140909420911664976202371610228023689831361955323627119473510915021745635289604296778322155998716179067343001748289425114870981e-42
7.95517197922132258522054922950855785474115099818932243777245393809705335362665899727713922874501108818896032418214315909972194090768451134843883937052447344788499524932649352945430475214513787090364267563997942702684977676149387948203230241019741186482301975187839446517517320714072898213079900188147707074741e-42
-8.20940973886229746553250106865479480480651777574282591758481134029743405390539424886007627338309472902355876850412503932808340205339722489407589658744970451676383812557722887764321676785235372338703330601825464932870855047480793209131674078885758384736989693697724143968861970874680831142835401555995832523567e-42
8.93653448981438788793771456727024012298835685776753724290137235105058983948460334005542552713868266532326505386356990143960792344208521808661896780307665126014666909791132586830783713616994418513360488572743239340586409396823753636434264593514789967078124868416528891853472387685963092828169248433961458361433e-42
-1.01396005317003145378254923330030079086695677995597966955506246069100866143706937831416799217702483231119283959099222223696745282516871016233561247333495042698734899393102898430165642369660762611223575907810807374714419236803439186958809310870363716397509666164836330990828692038060328996439512153446210941496e-41
1.18746378963174533084715424442689490753252705901457241154857151116614227853076592776876958579649316870625465239410286367024444951420933868004831720656316181509910548985289300781303028064547344523412688827351599486904535292422073525324202403874289123955182206570545188536000716212832473745810017595581650485118e-41
-1.42172331852039533639114227977526401619102426715756653585491724493330128784266652347005795039847106371639175397414668852335808864046507094192253384274882673994917095584945482455855298326519338066438317601704099010973135338791484833016875008167589248654895224044846605540232290442370819438885808832960403914037e-41
1.72204948306365389159731435074020015866515147296510770932946674903181578238248550357896047344244093438651846664139003720389935038608942116506428250590993607041939316183291753547297183965846712736345626079240921810606415127216689673707353796318950260903915026305264663050920319386429442509851157642956625880857e-41
-2.08410940675609090260514047788532447615510381597766934534588011560813487665276513372953002683313426019449506180139795400869681934378409972681276299527792035854712224730724546665217019385715501067459261329959075207920166548183833345294673000298943951709046349515947542057823748497128983090152565118367944367069e-41
2.48152548601342151359441386280890424009516630579893349332683772294139405558473507306272955507689401139358462844083291505849780554906820081204644234512826814360959542284112422893494273380750575908594931904918216322283953971199488382773397870182589927645083163511964739673946827869595306536686895134808595738171e-41
-2.84886230638384015111553203426919817026988195924340206410061584871046409772226041961435169937134653540350526216842026836489801537386236288506270533844963825779783231475681053656373599974343557470343097286013324947847004301527620363672142638794247931160505527272359765138996621491412855557187416276527963603684e-41
3.06739466235314610181014453713058079890561829404927828109759404902070256605510825180541005370613778139956516594725024364318966568082565681744469989254782820022129240931950858923630170100387884760690105384519914439063232372435995640551333992334621398998842059946911709144413735113945265660270648480225537610645e-41
-2.97530938320054300681659885140258231001608153499163720912358399013704210725131460852170066386600215648357764744336453902728914481650466829064649754709803474158902695510466584749857084782519730114637284821324893954831966273393709819990908194356899632037486875923353344864077983524769513304850681803146047600356e-41
2.43887142129747347502882139692804480765791255178922323237990826761372023982114209586229733978999474981018307895951504817624701245267316503241979334136816335524875586072004373021704415581149931177523932720382517159026552966912230601716634773025082422626891597032670112765825526977793349221777635671601625893836e-41
-1.50262412841313917445404279900779961180077816471470756933806688825926949676419438737777182940976277745670714213655934110732818225800996661813057813223515308278780812736775940602649261495240679586174850432993797860374427416438909843051432255547953367327545249193324356560511773887936570425738150629985346918669e-41
5.22204089478430724924064977995261944188854431892218151728583170482238377808311388523968787894746460754407921681785692687981197844587521880564622384603408801185881277987670205411930560531979624580696909757366186478154094892775923549400979949708853685422068511272047270948604869593166528371507104892749556650816e-42
