19 1
6.5296778792987701386921248036547275347812027446023130834950634494488162375570635747146834330587088308494133964132635941346415568028980571107527793227119361823606663045103760679512645673396745351406015682275628799489851605486336857005000813737745626984445625657721793389953302057862054969047404664851729651814e-38
-9.88738015162989093206194891744251908026164227579253260825263290875764717604517733667268296424629799209351131811313120297004955842573674390645773108460819900570446782312165087138346593370911699789780200956418924631949362802154777229054826724836399404793519617605938606697158121681059925785841491246597320606148e-38
6.04504492317675956688735827799926980280368021684638694515027348520142970401856613653863022734136986974798564153955800549776415877050846136978561210151923950040998764238244689147308127652843591456575240549953099478505941683169573974121089445712413678590125743191615738516316639486311223636611255047500793190933e-38
-5.16424998733663476561845792888137752375965650480716360579938387752494636032561893774155140888286004214494347963983510826948176651542355826607224484105935160379484904347341508267317962896098710482014328991809849462598857456406442782268239329523036180070702497617515107709939611847145365318538706146243030697729e-38
4.95684521929435166007923080049199393980851269726630991020446919040355336207952451005030664035108698513782379960277629087466700782202398870662260488162398515352574985315322505778734275488660920642449074231557963282929510689578998751389954555400476873333679070154472329522845518912270192879894421919973447593853e-38
-5.1152601409463431882150724240791867860100448408280993979212048815453018440264394837070861027207804594545042139686710193041565572790055352273221298614924825414174558065005925961153138981925033795386656150340537651310822222277022506453818154674968017152395231811684255246198598308629216748583162259010186060366e-38
5.56832965224892290412772418044645218011830283252770026941503931620000740574676744546098878771725792967110829554521252195839448184693670137838194720267907208312114464005623522051837847436499159907109786572115798103557110384338610753358937985194822777767759535232717573321658706243905604461189600223090465572286e-38
-6.31795690386791143310095646459025462245302060636994217917690773837990303299672887394305583474440466688798974017842711224996946274869084072929428709361180164043749323341474115918060416130479475232356710271394118031136191033724637183619819200116407878029309414676299738541219212765891078911256599413438162508344e-38
7.39905408653269276709651744872116364179346625448167990807723650274204411771941304062417007046822959731884864542801877834711164425730888916098598470225645040691219307719142110468817136899262681758270654731104700174083870554363547649792191008765216405196256049037376892953268140321622117147602401558435445859701e-38
-8.85871904824552003888891963767976063435233910666544975725048465855363876668447354133692439564501255813716476262390340573273569376199394629558872014425482179445597818223707243180179906135713816179383566928923280007214874349058017835136870847181984329160254474635077893287641282552169314921766576719804498543584e-38
1.07300435663677556482697863133178052998921559216703371544526102750899534785673706542668446464987790930770521112769517555615240523980174826158263230739116403802612969420247887612781209117255349261583710695892153009421972736493296528119249233827034412371331838738925751670182369599658307049190031442032364194499e-37
-1.29860296750629380437375152208970175310405320556187544873239166108450234016209745247689939613772598786274890297834543063728654461414400688660664616703453434717701232869529529019929952810684061078988650934009877189488012384929336577315374569420682569221202732254295147441456541152724275917273048705919170831678e-37
1.54623193056020686311566333597640748406417753970415808017185748012374422601451040784194490898036582920225682490101067357124704430588514554151789675627049835896634108055052521383245985684101078477262209757609256112911873032779762666472428353825602628567243031442791550730689647001699637424793101036461856508647e-37
-1.77511861720565484936126269736752194820853140720567283427880992944213597970429283940294673728144973604630523615554343024549678837173557416554904030707787929654111446457394344840577937856358664414227224457504205393941417372685495342873636004596285530249937554392144199395963387526338073865677161020746684099241e-37
1.91128565975566552264106030671931931988332274364232667288514715756177768115477070366574850817354208128090752743323335780559774630962604557772013230298204955177796689139809585900621020248152840826010032661570896026362147818015677708986714397026299634532966718741646289962885465056839895178924544981876512919611e-37
-1.85390767145792638767956633702494010816254237528569418138894265939370211635082723017116531748741818049050169232296042207976114697324255892636217383520530114733257426879872538018958978217460012724583313835542529836247408453501555818418170864797215835165318260288620934579667332934637975829076583927017740862589e-37
1.51965464538926803727782807057152312407187751688710342932889103012030025167410403633017863925687508087065098039264656794442607059143029710638093480603059860017786343884077726908178586520918259641714389538025988646827725806575983597965192702917139708306405557848623622007868953749687781122876208816880095171197e-37
-9.36281376733368848860516826057108557498560311383470350755139929482789622062784047828051719797418302951260119040781822810189763510867731058781523506031856314100410381252360665763104479459563973547807756532709074362593235423609088375002815443588838038891474816514511657494863589384084410762317387986033736852935e-38
3.2538409960012707722683351837359804416471689986943919731057867705461003146990551880694965698081672822157391317047026192605276982685460693280900097433544460512730660102293064941918782957274218408221196189133463330729650134479286782429529544587313786165181817509762329836131897842409979992135674640958207735149e-38
