19 1
6.52967679393908694484074154485057345332100605086363989683291563596489146355550962222633831053955460562518513438431140840419413550018389094021766534331472326076091213492692241994184204436296947141143210581354912333634720292262731778408350177926467336246979018271892571475329994866378579112519342076066910192923e-38
-9.88737850782573045487098579325604623575066306255319787686873455743133050546091018812054364572470987690803398205841065859675427226664382326640821918455426738962757903715333009695567843805737953234139440233022687696472985822243809113647021285692127272196705492703688864556648222061099452353987793867051851111527e-38
6.04504391716585034678195194027840712235592171352466578946424046211568916686402294582315822858052523753131208369188774909888921242024522802812637905847408883229616854689696459401759799083445169421252513143102444676660756210549883219985490871056451024215762846588760458967655311512850769080336674560279267340528e-38
-5.1642491263605500224722023803532763339498583399608674488835683363727692992896934899918562886969466735361956658983007468982517491258568841128767513893489708948853313598844015848655808133183019269178445764514543577869571504064136133175350159756998864132330500248589619722756752476740369014157378327903359520491e-38
4.95684439075267834445880700894241617644033227521551470557370378914379709356197899766319877225254959280249392121163087662128899048498042761470383230169857487766652869836793388415120565676852050975397247545539404899835887247904182241812254399165429060603874518062728027167471857707633218869971744897308407380291e-38
-5.11525928303242599689506393339319319160821384831271275288423873892179986388223878571289483565309596274280759879312137135136876516360767409170877728280864172879325928509370526014110817965074661538936504431382014467450302434075087955906239488329042104100090835091037942570296478167129910987950154108973911554129e-38
5.56832871445746057083765370739944506357721042308466655951656490648575257309394467451581913093439616028457152269948275755160392376354599659978422018832247364509791349982139009174686891891423400381886396211800574057567376338238069121811462471009112924263214615887678860828342555479363909489287647863249919612636e-38
-6.31795583457304723770065889310269307340974859710611195885526930575835321702786227071486977450428963259632690446592323978658520263665803795699902022950201227317804601942151782178213835993447425562750557827900820743817232264065763252943429285057298434442550339017467093658911770837403943722528458283933628995834e-38
7.39905282712687639608383353478834068403297014419565392445186157832005286073017044533002951265893893909400712110691730541921549356821042759428324190504581673786645232318003722912302822703401937549384673680991375571238554128058771284765618241610359460938060424851299153481533432573057387767781990573199919190797e-38
-8.85871753066188375384088907322691127305314297848311458836621285937219880036903315553347833631172319721684722857311181264070778649292659522929544952183982765616767756942122680791606523818868526044091862509805246878170139765945590042913171298705537901738887973073730675569850403516537594669501437040423203340661e-38
1.07300417150001660749948112568483033261585926066630268717201218298364526800324448060151092124184161728782248499047366020812548373313329264669881114541885448889887496000142126942773766935687976064890871855217907659057970221502708644729695907690598605033787151130084111771194892545097432322798339765452928460424e-37
-1.2986027416733055575561310740864401762301962519861593001553615844251622200609613497862393492149939187888594019657624946588044834271625166235932623472311467479530767960045423912356005468278670999389585117455921920982129567555321696666424893830786889959018218898685759270883445925373741286151310910760399776931e-37
1.5462316593485519392158111468709113182001229451040745092997160034691971891412927612543698964132142297713199256743185134776427344886729173537649968834233389000433814651047741665589345931833648035747448427594968704913283226783236621946881195446950137182319696420134640967604726420819445060866230933861711519567e-37
-1.77511830295314380530879393323664113406481921655136658269102669415385663607614928227495762018125136312656783145278597929386790553181925615628945144009911945027112385019313531413995577525209695302692946324486456860852720307052723287966649652236978271339560532101063046997015459427067222751836995756621143893284e-37
1.91128531802717976707845428411684284606543795490203889415530622749739305164047457368848455401816150970533747443890534818066779069967355097768422798809076588938282985234494962355508971409009919820418058522940053234900551232164601257627791771516486932016243289290160844615931054216336779184158886583201984810834e-37
-1.85390733647273012495686138693765886070189948731665533968981393438406599434800799597335222974743397654899876533759098335372184391886390725413626442375597720362139494223189393197840163032732054391110305395088065472489580824909259141399657940661327050785236622372625647521424206364781827210689292313197811996852e-37
1.51965436771673216848327088848612549780891469477408794599209899449556925620760299525547039025886049203475548467355185312400066168671610285312802423503096894842223975460714106453664673333738371061550484851046556712179696739246214966420653931254970126055428479791667888299843637904384100411746166353000505145243e-37
-9.36281203630582809706924827772410944339767350838280275354776929897970182254528689826625499733558067601321900929154888711964900032441126415709304655145683674186939404599354614949514979556385470589149001710746391262309837991708411020187049037551506158306366819563476707682991474602798885963504271489248717033173e-38
3.25384038695104802866080223922082001620793586749429140599247367681304020542151040436990963329225683140999349110592755443770550635361369476967402492978293965569374715491383871898602943399719655017596415127902592026156005009822995072059807408502774663302067125561299256594141477775515757714294858772727065232585e-38
