19 1
1.04793850788550768121136361407353489862725413486553655045303264108394705044060905412854657883942511831748300347562769023177756685978994279604590813489825298986903937869649958355649382179747663260889540207549681536792502725674017901224954840070776207800690657075916192279740427128835309594666379541845272153262e-41
-1.58681126135250063091741574687836722794550290620647213828092154227333912465581262478833614789175056962134544082303855087017791910127896275651282699550845045343261171993957912724821929720822828055552345393375937752403670068782872358862451495348381095452190757816713655714473091279400090931028571414065496292472e-41
9.70160463226757906870641435708428324211537596811144189374030416610557567802428856310209894276433181225365777430012054138238132873409084183512930160729608195282486396177497884392713842690743256658582055558269424363928441485985333287213270120215058173688140558176324600858036483572867365099586893927962132679425e-42
-8.28802957663816246714945695557948184508954834890751872291502291079441695794184955573139941949043350689361298100470391554547353567772393811918217055680101458522349612028349348400005319318594199189218729155341135072000576105885238970928471868026196023699620481376970860164314407795489381222934031438252475425034e-42
7.95516857469753099771044490350914796887141847530448009652029574887699102302648020120576543728965472238334669957514202697902122466515894860605758195686568025575373788889071938173544592371302902901265345477639326161717186371632703418050430537059702134411512594499260045540608172562282059085213461896165451522461e-42
-8.20940622148597111906831186987333658613227529773205194026103977263235754938814049714270924568706571545517505798109795866846135443464026636295422496061309902541394118284892963001430142788912485353252181528294863413331580319465321191089148332584762055855679345517867216112801555330389061697779803487672904736463e-42
8.93653065545319266111010967119408846151799559643134694168702154897111438950003895754535201980235879767841119817979773273441984924207911067627622112461429832213504216506094796196680245208267139127090091548679651029932910161977781701166491292957373713001032530409292075595430242404311339209679341542555296651982e-42
-1.01395961737919806294436468890103549179291940443714151020128481801418454383830634399035425955077625594924389877975295200675874972045441949090344536860626042272794566905868437026469980457326112178927149777343688653847106158077173097742856289235602604539170575031064514009985644340123193342243177123914411475936e-41
1.18746327827172525231517465921432847717656898963954861793580257211845059050181377422577364183504482017063740551868252552352910110158463961974148430578995670494214154629245408847887514248829283783913012301087247903846135315100607147305203310851201905321384883741184508391142144809397702244176414310705216034477e-41
-1.42172270491984453360691452244888373759985225453600007723224215043401802804316656661629640425007946195742963507346289099544427480921517009116775792537981424540547366741962810418049273040138589341114239667899503719804814642045638384208094510366877830537529096819521821449287128370835506582963153093380102091634e-41
1.7220487379974221882955221312229554194113540560961693607476166794870856388341040002969476672081410517969489532541315035700112870404445931913235773457724825849590693429148889531729111835914190972064787629270049038126963119233697488971876347165532180343650734807820287475096852937889965772392800936311491926454e-41
-2.08410850256160832226485867042481027443002262157624490391768830995489888169389932140738185647656624454409483485894618285214182097182467174779055399531169456943534698585007701989788363282245177338677229223643313405125725607161210023693702346831902635608107731985137861681173004949604666512445684465484350944333e-41
2.48152440616024558731098808387134449254109721398554048837402725251795199939870112057300201472976719897619589678814445195233712306393257004566053930729907889266560162345754312810622551303623094598615209420299420833896735087705108568649778172882392399813595376366740867907358746656767117651531546990233323720266e-41
-2.8488610626324322920422805991993330603900410804433553481115925746673212617368527608221496975747391135783517421375865809650183661746960106160602064824730420004033938225216697585354950474697752945142430835722734489923284949817794627175402693918646641720497415195287187711984165663498814683457827115745687410742e-41
3.06739331847972427712011617512630552042023370529021472238974474429284937908951465807665731512419753568186097516987397456698123960799767225730956283962198880629553990822673434819265094417370200346987663796746897244074730847427588217371224512716625468732255872479762537129805440786962855573707306555498783349668e-41
-2.97530807475193847951885804106498114597382871797763628628835091590278656219052967288632752562130845451153125617539390036237153560992271102041911858308777012762175279303126308254880187204568639581818145736944433060883474037202092315839378984852287909416245133029764020780474983616248725195134747017107368186185e-41
2.43887034444237620568375518684364017607617342185862947879674066878080797659772543333744861163844832947439724687666908920972427721293559502580959494402518211077995851231706153024933462995952332413075324682288325400461179731457652730900342802776020789992777965439569033536666957034352300039333683349208492644579e-41
-1.50262346211404026794217323418471819057807127856570277375876012238463647704882772292933187718293740929288584564419934371814706448441218402530200128214781507558492705871209162104537644221610404272537301742261411064692595696820000750003001441443939261568482651064524297984120634255843206568731147635645852311318e-41
5.2220385687563527992850414007904998521713794242569298069796436676725201738895127674601137836968925253945139386332933700449574899320177210398554091767120558014399637699234651412460762406223687666561622754527470239742423420420804984682492487193082822637120695425997849681117391266843112723622040128953624229126e-42
