19 1
6.52967725633315695722471823482404800893797454385482608744736922812595591480043317341478377518520107321103600709425185057205003261215470801331104070674223666689683774033125325416388191601495576958212226279137806090207390843140963288343158200353289514749001737280641124068120969653895986021418215263687859387784e-38
-9.88737920813301736766606491915408065372558746357753186549716451114983474514152143963984484018082789656950028344236075877162152939974498128901209470556602136651027946563839029162189679923817292102393459002235242234809207293360997221277720651498236250390776432003854287823076413196506454733510125387018774036973e-38
6.04504434575508422914996704763975097135783922101006386067460714436435643688552481458235523552981717524076416171914293012217800602138488887546341129005521020716226952453702859959541843546147452606970687629153917709425192119003741922427050908361790780617226086171915604210799119123152784795932363348854231724934e-38
-5.16424949316082305934155237586036927705076010371689361387571140812976173486781950621421623830744214214085447835490294126449742663257572457153133702536717036880720138433263702602131724918674991376564256542290017174785742088169550424873944578378618387142856297760677898931766813934662925034961964305299696734928e-38
4.95684474373496461490363011688020945316404309283605057444220478323408455404870766983184041688545050690855552531232428897660475820106831885624277111692797352741985690249213999400588183205345866465354878322506109324584626802070673849364122092927549419950114375204747744741476264056896197664190635841630490162793e-38
-5.11525964852811433552880662417265931049981394127781052749799888743043157199986708004813288486314435487731089863369102396255988289854250189858533588448989059058416617344911321778652349811538873828491408334582066532898471032390015391575497595369777009562537545484948339874976068685365524381049560694393020979778e-38
5.5683291139832403319135967772956599811178713060130376612739692300137838276001558268025343048936593530178361476155416558883704042953260916218017606173611645409289639628764003510459672620514788899949415226774205401563616678080381252263834967744874693140018734115322483038659368322252158432732200963583633154782e-38
-6.31795629012299397868148721952774929922467831017719805715783738651403305004167567647446998513438321806173921708078292410340477226995688449952965124924171281619133780106132021113345141324419361467816110613630769539535919306343546721757528844066834589779388682887898306560686106969416145883783352552032596066124e-38
7.39905336366946223792095931972299439058948485358111291182298949522338969953031593345893426304048932694215809513999695223412996132243709058425358123481422048591063231964967663543511587735030479723502065063699672434378870031303309580243561928731381734876827389087578262245373927197422951643861469341460316895963e-38
-8.85871817719551426944639102965086997419317856275135158958540637476752157471360155839553736875134697858977760633728515875076914425889371866811432409505838150427315173000287179419322298190047542648176451657020983230873354498596086970683311075855522924282435927528774123845881913859262069076129729664727856331389e-38
1.07300425037351825075993579894428167730174117376642895401763774097342493018431051256074164310013446734731810745808556462452589263519289756244562426646029017615847448086510260636511560764738988138297594232394285260835222232874172235570032711191041016952720799654171726226659459152468650990557662293410088857725e-37
-1.29860283788454842124009791380059714286157652378138774028647380357360077607148470339329572709288456592345599236571316659416939690870201626652708902594522590083373051596060997523874067850546804316633637716911057601874289900126075822603871188270546106091720013985211617210529737253479197817076091485723262239417e-37
1.54623177489238454222013090138482334283842644879588230121339274339330398307458081360328256681323736221296510143767677470479154393518490787251898240887355238120698439657490759514177349223471641909636476517236686208282754785184594313600119788465138791674196492041571013742565485640595071923486462861093730453635e-37
-1.77511843683359021507812378645030769847925279343380078257509819022641271636491567377067708872834458409995635768923924105743369483728692956286166064214822536974144868787232373341817760682953562406369407364921471793284325445816773585745646351817487009979768326061553996015342889443288071477990712694306710761687e-37
1.9112854636131585866719573282408523602396226561890523398100152938778563355303818638805512227108454734804557768505253521376414196570117289504159570490050849190291390582172130467856335673405672074258830973380079811918216624664712066879420895568236794634353206937515452581764870824630061153835052278733339088705e-37
-1.85390747918586808737156117177494669288020260537348905128577745404048645691085888392056849927948445866217769844273268975978444427058043443276008388571465099181966063158504334154763446805161310910653443509213067781757147897467482829930070375854642580308224582088091471260881334346237081492981673026653872886935e-37
1.51965448601305294920884823768125104636436364804189239657804897438871895715828833111795580645335859594858632846807826414108149447664475902122617556382758261062404033757122100791444620589919641222561140532542152284434031789449971324687033388429145603709968745585270776264334846270084591832166543710724825128407e-37
-9.36281277377239802151224019796496464046898138088325228044388736840659207032206237264992528809926270969299493588331429464093433766381072881863533866536043447194416980959570090656675436063651408851394816214991329439818526458211188701680897904863066837616628332886180120372016365618662981926456142062125262814425e-38
3.25384064642355916313062923766101636592007110961957873608359294643464150083974540083849129074972739289993928564889339393342247117600884494551761626966811609449464872100557335411011765952578295874120489073709864130187464346216369136038556077931417892524149369868382146128863237100261954019457350996691097989492e-38
