19 1
6.52967454230844743569834605445179644997867552641633608326971835814556990646525082500271119588204606144281909065647975446877102942124492436173816320227760110658297103442875201457324863507093231023922041892840988445021581779377219887288568188484683861562711016568440404534404042989854161895783831678974326510446e-38
-9.88737509767530368703765064412497846721573196454799362890919701582092951392086815583175638339486277483501645382617632825312682751990879990706409149084988176623033850166694588973765083766140289588831356672997642713116796434278154867582831520560919127721060276649806587642833495660014547073349411722676677711619e-38
6.04504183014813107375403192295629866454722723844828316820654367219279290278245517782991824257018581074552418987380238508976856386427407416393829394372188854107578664095358533778171389350667553842408803093144749677486568435544242612277347471315070891955798140945388650742581584718763362437631480638261965915844e-38
-5.16424734022462043764905340829639064212251187035639877823324866422151014605071231977006886883258809304777754220746639978571368975425364143235538514477289971999584661945843888799664521396107134622507577261384463740715787567199757829514698257023191807729304752173930277219495192857211313738669747695350811467574e-38
4.95684267190363852080113732112711059217825909073042123014455691810328288118569397409353447362384149456846756721270547812945934844770990983121283894775195862981590248436648144653708093688310547777418492093877064363087483497982915312838365682900401504854814613887938833763551170048389905242233022987090734261735e-38
-5.11525750324948322388066309711334881696392548074393917132611999204209567902968421495829328741765039708508560856327058661392513559290886917993084845072676577367562950474006395983889084166752334267964145241724785601023691205677167677297342711069634272055021303216813494553757421200887297413750161975287663198227e-38
5.56832676896506112740926841620869774311504818915179716089078152143980537144617168564896975826990462142126498070389105981509074533802402305766005975952889550759255989365177313543284062511901944512799257662449784004726569168221500472347702161145577939990637578394125248587199851652724505695417163622191401934064e-38
-6.31795361627105064486061311003792300672956568670917230394738222459177724342347831587401800434627208617073029782191409248368038231966822230282037856672358846421715747592954628178660710328835313853980656347694028063106858248751869230231688659956726605149248418760308646428400006178443043229481197792261653819036e-38
7.39905021443137124446546452269238093704664885654058131200004793831710696727427557543091403109380125387768334171260041141523213884002169896700351072011351370750869180032765184362719239544457063571529411776595542280830429341875159851752060885903464219660997522507138219360531696148009471380530537093774913638001e-38
-8.85871438236527174750790287896043622903853004616164416675357330330500303740049983842420315747675152156488507077724558281955527801867050366612270426388535804941980488074829128815833748203729493245910917224299601172438940924796744415867879870978305831088677081301098331716585083549180563747750261486108714447694e-38
1.07300378742544315520534292458863005260354472100621752153129829513816987323889546976495799798093005378743789655536455474295957226012871763132306055293125794816816785654276880562604407953023490264163248910387746169826564824023599934657447336335542993097990267695996386439403444615581342402125973152981586694436e-37
-1.29860227317269092611145665503640815403990157186300444569554581230034534639554867669902092357286426979666797402446255515862891130701402320240127655693685558875711822413337960761625096546908496063302629846027994695024758947349731266936322441292121218828857516683146443749642289842153230598218482313666626473782e-37
1.5462310967080307587121750087481201046642330098028897198241650567351826512316900660175810663320551780294015283851146913326769455686321517332487208158365477672945548785771155913990173717687752594959577706653542458523357824737383644835515068030204130831886972013399792401556574433797391404737946832360053977681e-37
-1.77511765102267343265672614422128395242017607992463792329276724295097327848989285711175935646415574567460746165622376167139137100940846096245246527019318105564676431568599829887987196779399229525739360568189584481126114906709076481947257875068519698475236161629402073401914632093786089813408762452620595690534e-37
1.91128460909684100529845648107162402630384618969941094222982109294819294519955934070517431088397245018814645656358838692406490178684252652486107306287391701953824324966833449383553136957319367273888623214459797154929739838323581040382170231322819680470928564492387773850270042079265416566214666664710050901874e-37
-1.85390664153187463584014089984300266381993162770770259157250789902270721017867678844201412814866265989300605601667990733744950717322917090230738242273131464922661801982083145749812592304665172119692546776891259254336105840616049223733107087904145697675985804465673534104881408241261358034056473481096803936641e-37
1.51965379167360670324843719070752824326732134741298539773013786470888082497542882965010672642874680058906305079296330388742515041901444005869929481587200986964281582346151512797618894442757272395283610117343261750391851842774243153549607784381027433763557961581342508631837989588971676633101267698209889620933e-37
-9.36280844521851400607817105536708960461585955912613218693302707273878928021853738440175496492754555173233029912013019159378254841946491096841946699696569234142041091383491459665170506345420200074540969168201757852439766130229061451480611579610788897307228381162081416791912410243507833002956154698600022450982e-38
3.25383912345222230544709309138417065799239617563544465737812874073378121156777112480487546178131948685459250426795348124790467210341606773238757102978857336225329972179281513516463741912805162995839058475694340541754067604960386722560554978570022705869244546307582147429078554248216798227018576134737543925471e-38
