19 1
8.33299736632391892922523682474015507626625196555105152308432191177375002303536834414465708664994886045512095533884913620268594818698622040652323844665112263579610617567446142792258815495845967152146415982486944387316137300305137687949589743691672677822485563354658249028757002336062453731933424296533965257727e-44
-1.26182205086029727376932538457857053120211002195200673331210091797837584056383263367424791008720144963123789662114027227187659023215932842474176645205664476276840489289161452167004579387171386966391684692126851059488399504924472583842567731378390090977488968979588090370446170649839493501435802022473557265031e-43
7.71531001284083807964767086081382826191976147759314355851767163816887175908535696400288729608818898246677238311764071131686018440049671295057936107723293170908603212149628779182551810164378073496158791237266499266997816216342138895332602279644693750918063415879326056277510494092112595683407470956662722364792e-44
-6.59215883515539815069882513521576068356221624769202564167905067382372193977824167394466349705696051934420816786853675656818053760986705548917806652940245627011617185537535525247201517996570363924171235113954685305412155945548099645201432747878534464443199891591423200566337219071773001298522389721722364430682e-44
6.32880818946949173974701633792165665885709196613811092908648743819612886572596590291884093702534648124223350141123786901061134386792166707291457509812687936534591840999651408446381951586504631276662616403671829991146540223487089770176421296010038162531852464587764245577675199977998960493060018125464500660688e-44
-6.53296177834405887790383472223555742132846066464705638405765739721007754225865321173448989981513837710811128184961041546557962021468175559919519339834696792530757965182337635417134020735576179934306450866504394231101948285055569510402593586413990358421739919949830319760537969671025064804872115593715503006668e-44
7.11414707972666303224501379042628346488339499162732307501521460415994378277641779706992180567904874582289147664678610050443016912938501610959341741283288659467670315118432634419612633102431811949329516181087549122371168346345456401305029935781257728898970151449995821840833776657362225872255603853700761819159e-44
-8.07532143666232429731355894074448345298162789695830080407217405571121467067023161218791964049678600317081043991463335168912242014088921487893985028414015251290161834856667158509530633463918074748353760322794063551090584292651486576361162983555263385948384175267183958650579753280658995762462993251513388940333e-44
9.46181460589169539551576844997086210679931064932211111976637693094919737726386349006936856698169063766976820267502724251509336880592141712152928702347517699032576285175189306772050906493632823931353574990806258213820910192834710499214202436604960704470841712283155595751750232026671632898497347467460707183668e-44
-1.13348069285001168466966064748060186881380301771916496120207756071162176840414797661522083565919026464554170053824069516083449801414379553753898082826813903974685971760569074505596002771305438532466450558789043297161979661117229988104817080535467973892349439412739103307107510257610794431766273477462294426089e-43
1.37378772758095852944814553021051569170130510357417729072826314769662504781760266140039080173059709629908589918432228866876263424532785119176299796198827808182385978223112063764702870563027115645216105764604491561963691860125413692170617249154983710223861389735849268684657220416990948290217396801262494223399e-43
-1.66379405754780886458451988553499395844772292917577135174882664268448928728563062898838528073575457945327016441757099972473383207497809187973374721818827835204633493333170679969981814393813073008978661368920464727250978487575735078984863628667112530230581803735438413319105508135040390605280089354056569669448e-43
1.98259058658481771652509701775679730492143085733613814902563816083373210883824427073581527612469328457883616184965296100295957219240439420445656728901495719599220067922072473250554301545920662951466339533553377398960981286497776728327964709852939305002485000611021689451697372524928597890175260612450247371222e-43
-2.277987424837848024257286002013869444723852453687096453548176209568723300702706089641022954282824518222009922682922445463543515623773088802418999797618979787864727176564431235027258667900457088002867396327049378893301883171651066860845930514703444477437575755144708089600356163149319823079777538590621412734e-43
2.45496631319612824390645453259278903629724970073264293012961270372150610817858017456442484837836862801984473555452952268795333457415196754832399913088971586863774000946783199041621130768973738997548451819119634514412438838912016785395271509688269062132925913190250331909080487816828999106630490673856965486975e-43
-2.38360686409108811008361237738787969988034859522476708464370369305799983044948624544757448676708727279533148946061446056355880175639059538704775455595098955308134766382187743269952006047697233868265126490387260563293485767248702851180044072441624650081316696798335703397711369334074063411375785299177110511899e-43
1.9559095807684342947236686602224505357919168496840265843464400863885962716558717157619270960398805528118729697261641642379493133816999014012365819678143956421297093247808711242179018204371161600672660005857825515666552757413877068494203991276940053599136296870585781846465527225476758048926394058409066365068e-43
-1.20642000552216029451709715266689134881606673866091293278438386429248632131977277904498016350056065074052622090170393471035231761966887524733976567148813592589141298368660454341871342950626048021710353654550163166402612963386564436742486555510952698920744075312257933883605676854555561131661750021029237370329e-43
4.19766576602532913926420358578628968974013512663355696111111024838285763319060630677668370590867181899486897266480177980445835247115365775973636036405392612944523247860961112242756212203372480826318871859916905425722547904117881143262045051699722493073391421274704160086718610403815464295839897579869929226291e-44
