19 1
6.52967803620241204932941875157535667472541765066579747462285188214654013140762337492925032810448798174008972102258268954403715332188376682914239369177624359998179388579767057500542521064683537849457225754523292830650802813336756504886854770611408464159808926796466313423396429315140324296937511946823112312775e-38
-9.8873803892643489276544512708347284378866008642640327951568171384930688482235913217508507967318797667364881408628877722308330869368225387985267741017966513127775900855018412224768100130379530833259392749043071815255463989368464045494271288541983524582948989616340886121089679747678736058443699520402740256705e-38
6.04504506860944920390735412926253342231882054629092005763056422531671812750070803245993070876069303975799361018055964821846711067383939790296056713710129271533783905336199711666824946878852132011754137296188986014033622528121920576977619381005408201130052879143067887122487376856566706575718321563284948917835e-38
-5.16425011180255210937110820470768498307844505380936290388928054901207169223995071672936134492525342655301920756874276430248199489604522439873120346385140889866610756976539460892794441919311612173996906716550947939659295818712853775006438181347452467194396471358174550364139098770714668428349472235031686007096e-38
4.95684533907143345870588187494500494833718198508278939881476813091018264703583698171403093934296263154972272096419198141113669078707723742825184855533804011044603723653445734313306374082370867491164812790857583525759600256640330819166133390385958157394866905963765472833803395107113594499211465051252747805676e-38
-5.11526026496959184556385743667581386319456024234654942732470891740932908781774081926137148223618165344030867355606254172395303584010591852200307408685475813732682690597521465702770517000619631348899276164060346976233212557973145563665125924952120321350978979710391263301405864397790761382722604063135883276609e-38
5.56832978781957595932377515779165762708308641847978470946806480393055757283543767253175050915439286102967493350395898890987308422838710918355917857502747043048479177289550547021851253088844528825937652742030737994685188140707583206241605184564234449957535127229298794643320599004643876969749302028176634495066e-38
-6.31795705844919963124502242285617212837506999331212641572531033244955562701962376367076873058728309030533187137293724767475904810145817556157815698142852964044803323822847320591795327736041105063548316590608654465119288125742908993451046141230405642925303258949974033422386997135435701569549313590959464397233e-38
7.39905426859714875239035978517732647703355751917366605256044977543167342888718447700955800362883232545165618313915939058739323898995623052752736773829468069038203375792991505081702378543927340756322262660770207584072934559245751309474052596374576460146409707102710716962928605107499248894896390133776698743929e-38
-8.85871926763315375489857880242226611720111231502320493350058915152921245998191268938794008196464090830003682744601365146014018927128033905195004852527649148489718291763481494606607750903586548061124756470570337867563595468843027701813407036765160302556835453824053964845867361985036824152607273119608979360554e-38
1.07300438340084852735923192595538694579579218586734370566811262424256428700393488876886200526909236854438562911450930361591187834636398375099191962942613616805267933074793081015856568300514649828960798728556100033631586622933162559043620328622380477420073650748928800341493331196805249041957431808322636330417e-37
-1.29860300015357147727461807122135397981872279072244466404225551209406730750337434782366153151546482655456121240021824368183332276210704270083933049440607806620065414892602109646133128682577270559301457917870264885841773224390838522777729739362415907486876370798174556527184784014525952046533285571653047889708e-37
1.54623196976760179808762762434575180757963945718798786076245505484680762863072578677537243072203041222264957859461510693569545841352605892508143870913726656614115321875151864886600521960541532922765253737989557668673390748055493720171136385086274744734620506397677169238316719766692580581124828949272208258583e-37
-1.77511866263520592305197386943913783055468449552717802898105707402790003957874689817940235478220266635108204939687394181500672657967446029930748657019420286787601788008026605575725842641364184111434335445705372910541696157875978963038553523187705793469075678976779717872922990702735974067166286000496481544282e-37
1.9112857091572551679483754938383011653197263911136093710457575415931804662475136815266532494117658769903423465533357103765376074620663160796455335374061202842569902359501396365881981008571283190144088469721651293804415522670250797301568770992744551680295383504935346804090511868679821340004794528163300057957e-37
-1.85390771988468630560035571792197303724851463534602487693805041367338667599700084407403733308992472635817993129889057241943017601136539535415928432727663118902082298097893844587107748379105060395221295824054122383193382177610482618532045772768548372706291909135973732690763815356107374200584312478936270163685e-37
1.51965468553069278400650733893659859235384112589002687012997295076722961762165947742955374683878077939360476900267159412580342575542525672219202459597975856277937044390425578865587725232291005397244896419717520032331052571572488682598020892918834664915192663799909329714865498966161932464956204788689460091152e-37
-9.36281401757786246922809462258229636363870865722484190951282159282671506125688855528614732559622274215838100249992982547069055698712059984356112123019798123197700117368044080784504744045673502902618559509563681824510235003173402156073460327375595434639995823202164564250101690638413080067545300949717385139972e-38
3.25384108404797160420975083962999517698380450537520832296784260254243913069152896640947848320711474789715047526088701041168918718642025135287409909447945700910113436790797196005614003588321187322830562052671191419890647924550484445258942599682208438806039074140380655781412777144838270362919933980656461426161e-38
