19 1
1.04793704809604001285421060104796092934029814527242614098349171539925910076661183869695699473527100463440917421304330938065948467501541048523041399714501365983450465046910507324744432477153553403286329780964406851574754234081210707044816625729896918973888919509469010860001821850951573452365682687628487808186e-41
-1.58680905075746895927012491799577266021785710616032386039825198364129950655116469586899635906153662740183473806855007563577043453298409163428417791975978996933363555086278360041739024575517300171656943543412946316691100681791287212879693724269632341046318460826570913424968415237683424706761989719945884908063e-41
9.70159111232325068997653018710346103571084320781136526769398276611856167427894266605116313657986933576952055364123866692049874333751496274924933197366750395669645834989882476066109407059851866842918335976186152708354477757973977977999454183047412685624917214125622393680905387093472983372753073631780203550558e-42
-8.28801801956544598453456387334650332422302799081677137718671918184285683987144572255049089059573291580997405772761255178612242790767712424038813367841909368481458763103199149690922572928339041354522709682308251867193353903835566165499061904391322411737463972053021936578010343254815426476551457208420449393794e-42
7.95515747199373086813639662267843588650184395259789775484210785384904545846472279430461240593791615392512333699476168244081027759897501075925971528900777735612864971877061474710833343251076238837020819216519753644943636437520415203556448985112284099826002346355008861681589664913565757000644937085363652388789e-42
-8.20939475075204116073571635000900547670881440580569095645006619668409604998135380348948920040585125769048171964414492068282738534202306700868982959250368774545866587159932218062770637901987707305643339689014018189351020592483729598761964893379948501907217841031737496104481562928471381937128731033784101832182e-42
8.93651815098062994950454182388423855747883993797207503094553274774817127914057759103823065102728297952562746087688413521084165274444113594868646779466094563281256129165351666793764211576974393553788001657357926703777448055804951591273766037338834233395255334140782709477682002013741016113701558343945197994069e-42
-1.01395819619479445394831767206659136943686185747371807629809359583774943271927171960102777675661123424525621394488165832570041510038865926439983497917012873342191567563133000775984697130264151628567353069567296659843971830127805537622898469473905114915780593665687894538327745228282902015755564534197811151883e-41
1.18746161064404690245674076067950836064076450556904718630649415158245561718197189342899828913385549497612366046202763902442373964482172769305548103748391719517994020421560101381264024475113154726210249314396142758016211279271113755679590412859093631979180898637412762631309720640989294392968208074917632583564e-41
-1.42172070386936193664289864554248554864087433568584925342671630931036021328628036061651752664448874876290881204047496874573404426667620904736311046251840486355022261585247803863671254218305716425312255090252829031080890042405250440992909566211919547272743803167843849581495166748271695300050047739842489310641e-41
1.72204630821624935036587189172457635990750594429202100391963281304289787946784542645962381023423979683930721881372238183994265269519812706362484007163861455563824051243937724141380526350589077197476927233298015065874648026750936263710363456694476015142865552339804170584350802690665419201766526987762059110529e-41
-2.08410555383770649735303077422188754933327946318655647279233082700712270748902910652190744765332002445753431865641369087111151225365627262029208313274927148230516433155779411264712033376760100580263282010663989963901184637818543968590926867671610246418552037474634349788970920198121362589720171120656524400688e-41
2.48152088458525872365174527471130986096377847079766593223664294451484466972951311194036189031346001302785702035060594071903031456117238030691044364920823920368616502938327831678646773929514876859695933081370192076622748490413069072150827011494042048311453087687511571230222334834343441703582524148657688781067e-41
-2.84885700655920731894632043138358858395519218999040239513362460749781934114839907423327575713091054977490478345847917490208215002073575014333887770662886804798955539749789782733665462682709863554915721881035732329364273680816171029069065191288258497319520008121022099265167838368166081066251129157638709744406e-41
3.06738893589283773688763112073429458465657939891094200622594786006635011534789166593396178737271114346981068097379349304276837579739375287878616830966610897627478764126605770561367331943352667066763980159005030658844953341305183345032198453043409674600847218495790010685141496738330109244102066373640054127628e-41
-2.97530380769139574137353856986909011065727262934249156441510431639190859425210068500793422569235744525337185589376257882445099867094950456432434123695712107185870724619347832859965918667223157966063137479640082928535872211416438209338293208116851926129778931400755418967154519174057903587465107469608373339404e-41
2.43886683264565604279959433793347531829007192067423303403729421081518240382906563884538354112141008806401253194309690825124159561365040196873836373539173203394648491050685532247555857837541392670199897035866348343403850427533622983960419258339120866107561210318263665430321900444026620488494928870613628991612e-41
-1.50262128920629039472097263050963531542109411954895624629710612350290719742036379920321922232870196690461736790083508484692849742539497073346760853329449106693335427153176832880620129271492096038997427736898259725279495997750371302428212109139542333292854692624912598239832336752076862516043009158805788421358e-41
5.22203098320849222924251550709696959544569400414294572173848886712654821054647238941357863954528036030172194817086133145263036375425952197202949249388996074543296385145071122320191681064622666340338206338717769647143148348867179263659632659009144040838806166319004927459757224982110708036303621145001253652088e-42
