19 1
6.52967113784730961744683970234584363594992439828642412282681519529404093833158695923237738620543910303921142557445596681954242468698187216912143160164712341306110081434866767977145357675906350937789203480033109750853474086955175356827142660582684375068232947057047609664638142214078370780151393596139710565735e-38
-9.88736994153456807696406430383126247028874457176674734974455796995494474938526568601146858939560747396580742514668057739224674745225737821532488796298255970926614655246847518524424794622524560327654057513518805775086136253219913141222568222969992249493026031413261933789875248747936262776061052238312951328469e-38
6.0450386745816360667287716237811124872334050005651738183033708088956592699143374596144171605139151383829025858967752137698484568704531178014671864052260170785243814830700882442589023590747585163947217156461985955395967995100816707049448818545425732462639599541382971809611812809105145077118982068677345139247e-38
-5.16424463959106423263285986878427164342376526012295303585373642009468218742846542772697365808143941012472903629562369949250391433387077973163552736209070096249419584117131064659790251920620265328734513125117730395831240289359664649648118918869232902735876773106315842181160740829722785586620600327162065245757e-38
4.95684007300811455815462353195416699151229866142318258708095138914783536527490089693268939219915361749378271344425209274407467625478537959660616742938804495430536021839920277684360671094605377471201065026672829547490089746276740466497474766122380372920571791388560190236509838142933704706252965434441993718235e-38
-5.11525481222259222551821252330347078827866699164077157528590443057183007226056756803495634719477461024123811111800483900566069379987467365533082497495871007300034058900873575682828708921708487648855524040970587672284071323125273690449947206725489369498236984033700719676711182744118155620177790839323615981758e-38
5.56832382738665940621450687090901201543724954930130550833463568871093056830253230641377422568216035252641269914987050694937738225410909601210239152733802852496162978680256319391582675346789959524282201443551256385647120876496001521357119547175589130048221299334204319416199914486932514643098815000507591588188e-38
-6.31795026220637621919492012028676098028065786848690386824657910048310827826227970810097743301714295194703367178688690758837817020149775081573446505575400672259380506477362277146172846832616473615042274907300507346268946331392649719053203421275163601438046908664038561740100359238609970706844790442129129898235e-38
7.39904626404645206094044883120914780621633973604133021248465872277828293475249226824514750796020884351975115071869430703896099146585067555113811623121903868030599188178932532655491540424787366703546965958103671808117330346486746382179793855663265613356725065652521852212821123627473924811791713308361781901815e-38
-8.85870962215546856691967678297474654119714328369792149411884673163496868611067119521535862808626545089559208310728156852227917925714077974900182303258028252381230629790658783653546003456987081722911748277300905786043048979737898933786237484393123945100280448880641989011282431715494755525372236086105432779762e-38
1.07300320670672112598385161398545706772252585203810944812282756381164111014441686264389739621558734057976025674178441560527054584816002678399412689336050429517794456718242044127099442013809640026333007610665061065554632855262844361806927216572787145632390824550348883951226242051113528129165421447904268962014e-37
-1.29860156480256503123558506882987925559964564450008909741604555666789876715626986577435811049116599818101677189463143015944300344757417812589723985635165142611891420767005489960214061678967049210104731082240498000645844723073972152188550019004763258372172444473391859475345444208536355568221339435552582316502e-37
1.54623024599934911422722876668822755116610124082978954423145008263159388847992986121508507748640235303150733194896934954242144085073262287373274450041083467471276440543646976481158191264404333837463660888436518812025134904155747930188720588049857002762851798865385100019324203569909877275496558279836025734626e-37
-1.77511666530870984599859088283745841849984953366101944759590026448269568280221726647534280011359445878006430755623794234403966091338771811983476202040292140387293012133140364088318239918281971250540625404368375969266958045530724455896640118543259170803817300708423752823350804781816771727365565470781479387445e-37
1.91128353720010622624146415532846426469372967256573207033893788719930449961431611010155138103139028168308087500152676553793462322238771709693148370642120680540453015086713393057382658632736335241353589910379509390668290027391243570788452767054776768363529286290123039871157202664652978799481925662728306360687e-37
-1.85390559078774224052003222006142856761612319037613801126275247714277998426952182225131862240692260523473028021342611713762182843769452154071334077691117066407573251845171367306269609049561617028553500797711817426280601121637901497074958151871101032105277040304003140931104265494548447936510677816538949200435e-37
1.51965292070227932435152603364729971631605496357667958463529643528100047955340343054586996771353002615189215078834385557970947905351768926291307188735908192497647275978054848027284275037354297438668726574738576128203466007349739896614802186295099785616509014505030942691031611618499584356336294115335613976942e-37
-9.3628030155346440600619682289756947436892958404927761353840773526678282114128415495639676931928662996342461340435936679454495876000288413381455045323294049330768003915862806170443215737594133513260493359177228151521545512298639979335080395937415142329636384677752588618884912761664086070503159749052662333984e-38
3.25383721305740208854789927981948692799782413689573950098698603683741601866395229517830371287218826657852004753893182057320108520098768516477170005609419913467736611039126057751303346657028115281226412340420874194148733192692572092799037527267546587149689149258971840797398249976123522021104028238294540002799e-38
