19 1
1.04793754189112852954325754562493013214286694500430700816147569109557378668417862388535466107001744121576476361721323948775218628468299857337370533035455727201115062936040842993632579936122987630990647127390868866007685643217202380564077487551221762943638684299704900485524234382513939122770958707590421730916e-41
-1.58680979852349463121582574827618874918511478997494979462045409817903453692406723644225621895648681533874455416792132799687158443231308820309721192170424679836702995791544459759040869830476712770657664630252227014151028760321960801276142094343538234192715865276909490191440837970509881316064238357961977647142e-41
9.70159568564168154591037227737702586258091543707476846473381263649154557913043116509540386171493563505396232500016274374566431456312276285880408410871198082102654652601922588043471492047218069440412266581956750926686924801119254942196943742199598904189132113179037268533478690256080441407074211428646101882967e-42
-8.28802192891388977502711410399773407927908465808319545149234654986874491198835064363871378424951521072841160258086184661924393737529623945750846203465006453294659570600688430912563486380518313605684853881702064704105758139533443248633189188562509945516278966275803293481473384914584777173908745590246060282289e-42
7.95516122764522532060269825176146031697131131979753151941925008046110228492751062990439732010115069279846143335899927900434601565788843069311756588774366755560076173390936938700447650457281293530329649132788339956223342906489588042651712310547132223769201427868184405697976116728298283288753130498392809906719e-42
-8.20939863089504765642557824082756894451584684349497029413139020594700730771905904254723886013303690318976030547593451408879715533353661063412683062163559564881789190267008160881034661978713325327779028363613086106099574635664046418261653524901222387629015060779325163884254414166740093017380045851215749287058e-42
8.93652238080073856642547666432644219810053132918802772264177004329649244003160015168302755427546101872603835152416638590919314846878881769313124266800275431751269864970255781841892550594647487857781167153903628764948850953859674377808917962202181519078062376596968814830463546562464204647838431108546463877672e-42
-1.01395867693112550405637609082148720790421168666903553323776543502227762185754901735547094260262561655401645327293583045499302173836019031223930905500727762557753411047681766232067791316604253320660460634690234529071764480990933549189928792196028826082979596818586191007545493753513903032493283726648562753782e-41
1.18746217474339468237725898251728429830877843066395369556152113075339261310139816385404979327384193783928088392687090910053292043535463048192429910832423477141469832920565097354194503942471944736803457009615845542496509142178450493254678129883248864071679775214487997312096305416075048043750021775264938992232e-41
-1.42172138075381307167970068940710026883213452056226561273347164125631856554886076400817842202092628906514234035055723455105944621404382764183760926956799409947002539705028236032767809790350229717563356774981156398052991599215819843483828661751230493821495297598301846592464869534308263339202738666943749765134e-41
1.72204713012507521980425564399558745254047086614661197943034733750065626515529249571686082232602077903713495767715288629393299379281326696622827055437028707153263100585184937774678794689627535628376243169969089020326348523580300785968578877772050330001027328906596462417342774026233439934739144183059097056766e-41
-2.08410655128643038894719397212574868311089467033452126998616890826174361243386229604684418544028058074550932078392429858622457438164189805987391013619285363301616266157331928400182906464822438437534983891354910076388312908631734820216548872311918830921873385727775873308069060145580427738397985229184329475538e-41
2.48152207580915188948352083696931809781582048669629911404999349496565419908608448441646707258198070989201513129465916150061882264271216388597720168010325780788219254259155481269079290287217199170389260413305037535070179150908708738895085062308513644322256761938081438852533371070837752536325564363346380450702e-41
-2.84885837858484676819421188239104828430527097763774021884174982041892002600087499152312401993661398378710578513313563735059803851535394723134842326016855070353243848921524119497090118406687177496424029568660692788229995642202505548974756855822613561175405025511011492698690744037183587101487749609852197671221e-41
3.06739041836640791051241812447571423387534520205517774983285203849292345370613111854518575278892017646963702784802965650094619970673069821255121594744479853177111185939398454923343379399633866509066556390894320842611745424020906268686284530252045416328819054094014161339231648155220568359404896633029188269247e-41
-2.97530525108644809010381365362900265425507133682364894330192970777617716279664994498151230532322504205738877413229733025974106539361359037902679888694098217157780604317415071038685236244147483054896137284613484801600042796744479862641435513758181769135652387861499416806498069133976914381564590075096498333659e-41
2.43886802056172804213569088656961208666549211919259184230041977450130986803654151460271212167960828258171431771279722872768375049556756807979774032857215543412919056927639243783926951770666843749745262131018815613824613950774421045885131923733775951582952112355362176339746659878568436139905202457107385980572e-41
-1.50262202422375594886369269836887517836280975813580372662501149913997364312271415850257438106947382347599097422110286525374317630264840975389246642778631247743277877335626054647841652063793090553636073235454388393097782732441973526623207967876177221966579030009603813133890275344642616480535460077184772251285e-41
5.2220335491296194977989179817397130754047993090076451909634547329824977572991429519030037110733488823118101344138884364928045326656509067363511775156047148241369291435956956148113753392238596109677649180002908213502059367099908104029982492211277616268274120980600471364429649197720539232505821079718475427337e-42
