19 1
1.04793672911590360327650466349840775054626907043007114180095258957325780568903288317350916558835625457196563274467198953706210647344155084374701788822856815632680215794633104546353122674368741022232855308716639071138834418216401854030393851139777417027869360079555578422655410430019316070902197664136520469815e-41
-1.58680856771801742633722026091551868212598407913494853280231592992281524457004143062869734049242150572633454508369554717563727856366972048099808412197407795063029515567376604449063899676838221663125709406925153852640992770652702260375110217001424443384616277152210294603939982418995195366696484686886112112114e-41
9.70158815806597770105572345113324292982699803438903041936542792369051937824680505767202087456352748406071268440369025023256230332727799605797082375794362317040300772336081188117614045559733079322520400906972706630802379898037718962799094000193837554653540398087325813877363435083258163271467355045973209109283e-42
-8.28801549421734604131599396635579759897844976219068905069199901690658461027293528571076576325477293153008380426307001968632693678230573231133150103111564963873199862767477560570056317507955189774101154692444585957619113337146360088646141076911452661237869925055466342028379956788086326684068677998912731593506e-42
7.95515504593030178751328815519011093151157557327535721675655341006061304707694757782284859557425923097727948354976864568416576777823433110461659634529970673969657194583054383046735447553301997408664123956575773999072820578551596399149097149485633479148133330183316732671515649540564646115883053151483988150386e-42
-8.20939224427001934616720301987454486786227307606468769710587701810559222879547847940813057992401542470576955781047816591494970337620514177291969300011269536268889756008099340217860741843543439496993326627062086136906636884098868524671343626311200477703100925167462766699963395005163073451312283790891124038771e-42
8.93651541861537798649597027965534573968748233017201356260397638633420692734447319371854354603622691368920886856254560624770221811361580406356666254614507812433251496944140133362979626538068994345243639771349393164971280621741805073289128165667166195388372373739168493929273061211355363995896524696810571762186e-42
-1.01395788565032853241348879951094770562498578981588025448496502046732622144010704491801566383772957628115121885429440392236954689593518207646402509662534082107660516184598920331402133051067765583268164927760846537429653562160218102112052899829151700886828024788357502473030315020995796824593009633153934673963e-41
1.18746124624902135004183820549177998758466493532632563000681776925405083871283378622328060714304329550280530151996093668818453907933627397077421143947528462556582830371667971700998700813762691653570987656169688752727570224770780806520888986641011159122548992299067279685290049262117351926603642414742023997216e-41
-1.42172026661779805393332049695975536610322451944893246934205326127067805902418636194293716522555210416977896425350102667898800090193202122325183771615534241294268883292038347522400820003663216355574593796331894613556613473407397531951264412794042511914155673634592576676479312298362436734304880989089309713939e-41
1.72204577728233447464262742782205962649001239015363662107848022399811406834120269013544369036327275982431498266197514191863885573060014956510005818649122532551888438534409546395637804367886467760414168821770686022727001101890096852918698419829809289022516833889433375247690050958810839127442113756242695628026e-41
-2.08410490950913097774967990451647326291653244525046114049416593633267589013144932298880737081476668275630585816207546750647520045886563016342457567922266125670209208156789997950865125521847165745336188621029523893062112777448390400820376125359825499852792360159602600843376068635532920120489503750473468089229e-41
2.48152011508247084593071613962149514475420066827946455326040697077306104029499885906388591194474294331304812396181460771042382879600336688207223663175089739560288346318012187753983165427273572462628989848057288119717278751459583227336899473800789248910521907502902895644413151941002736791128323009243083628605e-41
-2.84885612026274346790248322467145506983815121528383828937089985640858320294132053261863831612234062588530281409185274826550820970650235756550587250336317373580139618282476847839630260834814504594727108934167082157307576347796246692703579371975893221302368866324060438353796653260726393162334271926348695748401e-41
3.06738797824962432812568394695463967277838186303744268590265369200161966303022572212271556304977102903429439108400055004740210833060709577454720561386812839473343500335358007818423209676143487368498481329825806651731649393404844670224495596731813370488292350005193994110567579404980944852104668653531369598639e-41
-2.97530287529202074242378144421437636213734919645901382145011376744682600780632033569907419964358830825369946090942356623827849132699898777086258073073570357167140822078592943786034767648481634983861287851271038568916639612716427098630907513060085857379056342193193990630023414079047777026390729220117356310206e-41
2.43886606527974179021663492123014988245863521391799127223181354717184830997347696411905470111892388140694484768413529598107453270353044166995509653602444355267418616536046976206154809032591297660394482600778767716343330326453566581606616768830184455101177145318781168038933797742304554300079078681786961907258e-41
-1.50262081440226875804385244693685388843027722531331594689272404163698924519996393263465318501964242271866595056430764835066913176166468591352194718684694260116135864420204178204184220637302127128421606691602135161856007681309711498426301413766028530506253303547609410975913623863192251516789291025320559674493e-41
5.22202932568376735789104722481510170627117291447483470533829512714939125968882815483378742928261756098408117810300654341975408104289484812143969281348228422774706272653536713392353968097794896648267460654225105810292323805620321528307023821164976386886393653134547896801238007875847162965849950306372667745774e-42
