19 1
1.04793669416363470976711184398251753065691014658622578864385224966384161876977173244963380791329253985499018140403591073373024946736714364228359679521815659353851379283819766921803479866447833515341802639380865317999099389057296379486832123321649548262391009610482731038145523361679072817659806847241501182926e-41
-1.58680851478893857608069324755228942635641828247027955597687177458692800232178709031860328360354285490429412072738820112026192446646660854316002339643793147362052010868041030557867391081624229429091110166863646289729001707124675174710272510409692145367795700414732640129538854266429424932545372492868464362781e-41
9.70158783435304816066946112032022346859449751588249794105964188649217820430432632995467471603719839161087788364641062186311051495959419406347220855745517935141870209748910411665721305150157136775676472386231492093734055400249056226509187487046588960707045094841013404979641962917211552212400642641936472228383e-42
-8.28801521750216721353498769640629539522274970113607074436206878826531297876399498632933083859755393878207838218963211087759134856574912499060858439226126409478020526184352725858962216628381063010370506404431387438008186981469548791218992495010900215139257204345987941077515546982416654205609272260053104488391e-42
7.95515478009424800233175552334991792976048439003289361537950798211995307888210202888394924857470827705894584403927303350276160264417687704911669763063503903575820529762818839728335662308825112110529868500163382017197269823741913438255225521275896931491426578089215973640692693073985440678936212047917849037308e-42
-8.209391969622094402642207685577174392102857749249995846546809343929112773070679483040939201282700267556336733380071285097055912451530812136296333794020050917382642160941826127400596195562138017472429155281240307266052719387722173767382578315114825067105078492310765195752716491385246887990285614107419584266e-42
8.93651511921628556767307055313844360630268799615016519269421267195920455622801257055743542322391016135765942118366675503917924617840100193321367679519385982341731016842110221084690210030033552585479502497682217912525158941819222874087686968675912610535092163179209787620273696519720540659846721542737805571114e-42
-1.01395785162239958844366144119990465816562351992609877310459657436652234492619166581815340842867939048512028297132950684748598097400734863414084658289355802403232697604662845656668287755690594004998888736372727173222967966819547578343101512047275337665867642811520917856743498099352085034781243511448363565707e-41
1.18746120632041432704604525943894894480759955131686684128682994393704317683957463857912507768433066438056834789730988146136785577461391280851120904243406168065180944542423388051460641932806277405479039869521183550980088062562006559122662814409046876558821786935714658492965805665035266142504759947169210547162e-41
-1.42172021870593183755957130532418454493365355637088398708987379656067537648765558813629275079190147922061755173558883820781225401873172735895108877074013878426853686987686742679054108576768826642263508337808244967754577293438100749061767795857398761485475958429574629615593169635053630769593124949981398102889e-41
1.72204571910521961490878429952907866238047499478254465538692039260293314415350367579007753150528211527821981168446584760519863023344091517146357664645753891073261298598649669270733387945453210479710330199142097855195515106724493674842477800925954609005416281413199176453221036282875061363087254070898952581167e-41
-2.08410483890679027736096518786547907782011337541754873295077257131185635248971495718122045831422123927678464893355864136091499316395692443259941708793196198219817406118250500548453105182701005627849958592519147383657806277142777277530583106916677253171215686029633478211523971230855024606580306285675635812252e-41
2.48152003076415960939603157346442004557375721123177610685770044398825376037672463867127092270746471513156217230866108328179438968964633103201510365987675239332151222073397445913592831743858552643168798845314513523350952962061228300211467971530037074419760375833069054026078479419562316564083081855296460955626e-41
-2.84885602314675984284225584587273004920572015115745546177556475137368968175091152641515312271352976148854309220929876261728369919167326648440446599312525596842754130395800702277209335912473037362097337638028175845866421791560294714574261493776015809691912440518561748851504183838953991028451929364265467393279e-41
3.06738787331581812846550403208972004058696749614946005867378861346382283797867317776967459191208002574729597156200986416647089363743508131492913002487238820418701326490932161777099804303554452611919419552469238958859676606946537454057348235411900915439973064151976764577107494662533392290060699040602242375288e-41
-2.97530277312431096267287365736279568396782450715066018448519371942056315806658228583431699095159016447518739317048654274270272155618338256404876861081126434722499720378579206609590326437070637445455749711458239518386770935951892104061303210823392993660826575700161684626821458444558331780794873281270990755047e-41
2.43886598119558331005428884835461590079572069154547729168681291962980420589237649824206563579003071812011684608514751711708772549935910593563046978204234822342262866190656240199054248156819644914030996304263401387968983582441881075513105176454915957690946936798688369123463093981548352997491547437618358533649e-41
-1.50262076237559516041515325937449634887510531229067912915607936922868436059156611023096921841618739178839941475478077186658711260340928083690139464600832735212944115410478728823555395241540868129185020455006134865265257590791413988065149478667615870605542082194042975012043601778436432224218233989053702745936e-41
5.22202914406041871998150194978429322343814367200269623412675588627886162386669169436801655753106456600738656204542040452292164378490489506348128276312137706871128970174294557864762343253220885910735601946230974817739662002714470398010850373349529634940976633157863314391837246956782224889347848533972513262493e-42
