19 1
6.52966638509497741547376001227619992998007991314579912315368953953006507355326806737938641024811475485484659627583528885810201702674336753468168830654755138003936038027100895368983025737175390156954045705976464301585424850081570330926663053421694652753189516704279174050163112122101282715998408671673851189065e-38
-9.88736274337354159038027403463430774406921889417355728436156246852734658233508748032224439755421207989486200752165139847295612164549085509679457605717261244174394975736799345857806205451360323264210394199792557136419991593806085915615290124909065568661628960678852815110499192031526452221686927387293270340466e-38
6.04503426929579442805399487130651847796744449461688861629157095567190245145563355650087771684528993288658379716412987207606141142351367606371443329151411142709387195638602099541755555140038968311931652482735344163151011435737294895575589451176003093673423158275498124184659985706926878476146242381794564228575e-38
-5.164240869408776811296084152280149097669031975740439124705816972351418042962026091232632089447100807748131987176837799680507775772373200152854771008793658720441860986978439790166449653043274633677673193535170262794901742518483099499501195158117578477849902777417193145217220171165071810198230041019513998986e-38
4.95683644485662293874002936044219188143513481261898443354080851171050539292406230648597692996513884462902222928682800982071141132344258186351959602813431669220731227602636540616545098020559282078127543626624305657830278257042124544971223422447373431606593523393252335174060177996514966955938477290105258059962e-38
-5.11525105545350294308337140785651955492118673750375483626213677704932982740883114819763774776687779022433527212170510780721765098880181470002879463809609929951117404594571983545801653530280082560809444767064336847805965640744378333985041656966255239865950843531981059071406325570410567828066781786420396622106e-38
5.56831972084023888638322973109586596721498459801204737072038990139866828152363118240274901658806523459421455480414066169983560706260481468338208497253877551126139480903893239709229444622277015913836989323017440219802418028271310575163726142106379667273649454530756388468824591195392265595305035934258004894158e-38
-6.31794557981666283126040702702520381098941077428544676356827889413991024325406523133862807301953294507373657586422669890432243351748708617917006377345911186505304698197468433559360434993009391455879736989730606685976495647601263337141761327271976000639644815238003675942392659659143136554263377603250684843104e-38
7.39904074917583659932751541366016769996030572889456445099777265773919322499132758651907402991660010363834661220789973541488664424207955911502763332240569513895152821727190431572107703760183765237733396312735133727081276261147589221408144067238594422574450493790310964901917280892343167269714667293799028005287e-38
-8.85870297674562899866121210325400888278410090066735376111585453843929376870190649848463645113204214824272449740393511874166329687855389472037414056243497268269278540836108492148490516939294630511801547977478306681386005445855560987678420124777748017194697416789296183877710790152865054131759240218383013722512e-38
1.07300239600472813069951156331094466321763170930162893448190467664152162072136785571515145872844818720182460950237175314805414309148348627871916250278362437158652023069913263951217958785771110274329586925076004666431988271443981991709533779783292435194002800925835207997901259375235025299503223155711372060653e-37
-1.2986005758957644806613791946094663690098041112488319270202043377130249198758376536862922254598386565827492029950921234227635353353720011273901648546829346260258259041640999191836789038300501349703059293633451355108101090876478221784931675756229188445382017103717237814720651893170544882750755582204893640919e-37
1.54622905838433055507075033927276527337575133457263167011158685420884379537380208428703435347504492254933175098132783656079128553693944038870750853268086262785425835084651559067764678168334024509696224931125311732410935401757968913764769546462516072367374903036674173277516647634558133962411395498663460489726e-37
-1.77511528922329024481741789289852588629802560495675423340314268442273834158003434258609459970787722275442211958352939664230351754000785256107293367701946474740133839871387204894579389486263751336800883374776146070193524282699859247647103030310122361889473638722176257937615398299784343899216435648910038951564e-37
1.91128204080223968909748023492680350178447869680348469999858664249977040381270810989812111129390143417553033476915927414095954954662452454465522708972172692970923453047705157206346489313611117540016671039817762637486165775729143581478686807822779495551274659610426445770517024213518883169208412298129099949917e-37
-1.85390412392075500701867411973888063617506137459271121302175768433145714686681131301912248351185595300575168700417909608609804792163456919474763913087096103740138649097934370123925079769174942771436676279179302598132771787133681444332724151752223269475760289971170122796557019969371411071619236724509132712228e-37
1.51965170480403801588456560906724080052536831326342968725678049322985970085159643352593848694938604392547801294241276026414382308486754940129143943688730006798142747371417248625955275422128348026236345345822596610482067815142337817230441633442506688840709503181062843646776226281808508363650434445434731773131e-37
-9.36279543556421490872197381650829715241177067898089371522619292985124489026581446174059703132368331876601480365946917450508360494636137663059598871619988634281754514948557890470871844198161119037239235420355943923173199762857949049089381431228041497605885454685664160923107764010262905086405623822668562169547e-38
3.25383454610246032794817033289390303387755676433929095026521802025778649605397374434440075006219805516327389225358670803005873199730150331596884706416095354514516429716914974212305907486829264397353080116491946202037372730197482125197357533580066381826928143698972534317962811353605983524487959115544244615956e-38
