19 1
1.04793699437565029187131314314875529645032658489538602715553776568145472081829433028968920723723024853595542192026937502436116887391494442674169092958852403497052971140968838578740557872117977065517214525046181713240003285391054838080313978799704342669571164372428219064493113121527487357178967596990980463048e-41
-1.58680896940736395217252370263729982004031263388148844258069267057441804676238994300517069514168743877959139690315651610117038281380045649594846417837697711275157106686747101904398050976182979077346155498934483790299666197615760636254865640347133434229505567248279626321292760513956654935410637428965025118502e-41
9.70159061478803104938106255322874102070217556174903617420212519661416436709859285585848138814029340053229923295885147462291604275120438156525530341672933263892827988270714418125163959671131462767073515828635671164984912256800448544348044155477496855645784303847163032354994315937927914626074577262600358843108e-42
-8.28801759426409010769745139704486187319379101397299466681329485785564705360858044894896772781476942371757311571294898242068181245022774669421460374669209907339220307553397621301857755775913909680818880779770634513520234714642348602607446763266575557838094322775816352208474220739872729466073540521484008561101e-42
7.95515706341319953269112584028520261347708374261686390192721103623757550657967359467480632330073540415738784764883061410280486009137375681996524403348751249742492866222889207451087269989663755744190976581617544556938795639047115485661196755116955614184159317312680400428557296567465841649151498754758184375179e-42
-8.20939432862797489966800983790022331158703193708538356413278839372720811018757683287919561670661469320557353404007988005997510861249450306065784903798044105562590382777100775699056920401940541069542156347659149088729138861231221634965883793897246548825956383720622059743409613361715077529269130045777664460396e-42
8.9365176908148975003235552020864730038816036816448651109588156377622595278288903094557607469490582215780032697396194982101963168877610243779925000094382894225864013149825432873950881092437670026538260877894510760042923175766905121643069152072153430172688503901720482926402283718312112282265515163935817977669e-42
-1.01395814389508005153196131169964056689677875765617462572636467368395366628517236057276531510201289060220418246358729295336715993771507400626879972511079562318384809037937817843838189604860771303689810821211976788596554096803841660321966872568816340935439442542105199187887679952043862741229946579991639296717e-41
1.18746154927519971403352186139218914564938087028394573421022667287304660116626278873031268463060315281949027369554329878380001794739893364248705654471565127126032034341944264257163324901176681548281199893696145435904963061713949170248430745844410100751985665475680928016705621446032315662677540680515862234488e-41
-1.42172063023052853292302057078591306418317731840284738157571939148075406235492575066053718322260666439373200688157248814392971733608282617624463511134338524464408868677875647471926933547225883454726083999063279270807289602459191806423535001495267609715470365464361918481269345161653744664479660266910672785295e-41
1.72204621880009257244249438929226345139658146657427648405665756366738275678092409469759440589757164101790585571406574975004008618675318900518576918543549298983073395910513221651784616880953712710252919264379634473389421706701939315498955248334814095394499190517817992413230670730315786856855997176949030721038e-41
-2.08410544532441742499249662027100278168115536739768969634745820335268129171571542772048513860804444475517988898353475943710784098680507907133281577811548744408503104027114636289046555980607806013759466329839480565509189541259586315639773616655296977895326219908407048106271716380402027648785577291777795821191e-41
2.48152075499100765194784919244450536683963097946808579631073344038435991690935683923787995279187181569280303883627606099553245144286606652970618455715074194752670885061678866656479406567420818919190019452455432993803324813512450245019705444511048023185770677135179835215335055866744333878775398429599473934667e-41
-2.84885685729538482017243619576079808586361281568375367307159354367123446968186787303596120211162208960950269245997188268008623244987297446701670821764255130619162042161807081256817655525154207710701785905501482879219715943523698456954440827427861406210478570589772142600699886842836060965009262439920415469976e-41
3.06738877461329539130422748173555845210521820005807169967267878852051816316984313760349743524916342947731415536975187707593006331480663868151015228729200022876284919642072007019189422772496361169726285188022374050098809891125193835630374113940830353016332768496630411803343222231995778338987408179409268785548e-41
-2.9753036506632416143461743451882571380117491708335874981119715695095928302763512854690469963163787970655409082030119590441984551047836492442925158852411077525159166021362982134774287697463881665743378864296736884457800569808669768046354355324521195433144647545916825598274489043996538851125722273624965432891e-41
2.43886670341127678799265678381466474959104559864214468782720479992262977019845400577788997066248938768361298495617236764760381971971282541127670815153333361840069208167184281128371731785326830336144141773882319996243475503610024348032841401294754497353889331067881259297720056633710862898029985536964889899941e-41
-1.50262120924312990741546509184707636771329641027753866696859507854245255780394837173742332635784128649618105153175053266116503174176192164520163107139033907454646255370997037029135863559511817894968702207981364035055700350610355469932863563727307603160845886600907103932782120448839007127165009002209575406596e-41
5.22203070405980928760207520490207101218639099392590360353230825882512845830497443532506135610648207056818700228679198407523065700760266482736822652547996254572333579154159187372960434289197715105505000970677144994776086035867704406476467332680758159047443304033577643717487199364964177936627414659651374329116e-42
