19 1
6.52966892904654432390008729585168397357544816301906370048315032196797587021136967664115352993378379104678351676575199606717457313057482412832874646002418898893633840607118035118689021808038430900905479095725712811861949487651256085054751692612488739431252976786456639715230397757248247884525304505273376842319e-38
-9.88736659625112820814528858896084792467216650247184712116199028985219378544965688401840164062434876045401746557584934902880569172162167912218853322522177448146422111087474619656685832690753808350921178211840648705617127627828471744234073985010706521428899478632571752567360971801556413879949849512361539011123e-38
6.04503662726286658534784773797735513356995156435417678739214736190671373163393647787342838477735195072390357258907800965160704558415118986091465272474748652513578190482031712021804996378945417509559219809355129706869839532653279629518388853627659662403288567141520037528241598458592082197945721999023345853758e-38
-5.1642428874311326784357006872423127607303670761778724596256080861475306301617481101855552141284798214016202365703765897058822688985468154361035470922265410672461740616890729084188082279382499628914872637214806772776198560998184149710575209719884851757982571555121232745224587191198243340271644674120091442089e-38
4.95683838685566048918250474345279531223752097712260049887104836526479381901215320183853109753354809330229888826635015549789728216110481037904610642295261675029571504092487199163706076518175299106799796921681383060063663779669113237587784051118952060184211151173805390750113130509242330369861168208011107914484e-38
-5.1152530662960472698246281357853036749951992525902597878815293623596287872652455449141528538505796408795453911219063042549437304776301608907921384907722263219505963396210957227426229479302553287566801129880521862567875640772827430354459866279473716601985413506451244962416924498429218609943909534249974765336e-38
5.56832191890385489975120428414151823021227326421776433756532252563786872124747196302728377427569420684079245194609013112689428518326526983131166350785090777442681230668525052949718862573312141154789131673206794615160449271706173643376361113745152856778573688852393173908281929822767409206295085694561167369448e-38
-6.31794808610497154986216848599599671914481869511549663805060422753917031786921786590936303820915025789227417124292198942126760905463033178944307700317116801336169080617010405784754662586333396427648238469107189219402208786651042952111558675321798777676819516227920766549869839496184618604782736787771059599515e-38
7.39904370105613090048204161833942567150305981795296761909931854153719284049308437752724789741392314034659719095113577015109839900162855497639487048813430763608899458616924040885377377399329884863753890258564990011804675209848252167128134876340649053536758440421553913783115352531131071356048735276269619139932e-38
-8.85870653375590396496366386196051117012038075377038389964168999811188952034579367580627392865149820807598135357946295318873840964443528617212521768251579226724787368394398583064267240445502717741616488000763422391954910283856369281766901268614064685351175054397257168811989102534219520874149306305444998411922e-38
1.07300282993956669338584707259031549494214470880681026947191906147815548746560861462496167280433169967913211358830722624502162973327600229738426068230995508533267785920143434608498546339732134332333849889484479280755584876457272665905677322696641772082680329402338297102681449132266170051407860795263978428049e-37
-1.29860110521608153741264701154693989155668301960831369006641283444187369441297137399565754743163631212887506200124931089180494468086493171112828979778044384208874837142294170389667773823105799668348496690535855675804668898659969738090718263402661972811481982892189922035319053519361151121567325253537855806012e-37
1.54622969406469615552721167743414500755494845857231026100019053951518423904730017525171643862775099705117677087197064606322924257279687559620299826730294015536710071112328725996273717727797096871407005423146891464381056859194550910865272049644294704281926188926634621007729109305926281936722752813776312185025e-37
-1.77511602578378148956145981576845835375816072428826608920996681012418060952141294823393081456898912366732997858778235832405398047299089598565525405185169821328151490039462132557610107010274446927792738046410419442720897253088805569216541159650412962500285983675830961628264698495390456252228040711229121089399e-37
1.91128284176073372755544986064533947420890528971150136183787368684173159755282957364208401276972043433217636620728413220957097718294627666217737981070853796451692906138517475132582214570988663139799120570557474878803934739716106605701963620557106097042975786942296748195058721913515710830854780998591699705542e-37
-1.85390490907243624895416263830114838268885950127126910452672188684715811246594852503622183468518689634465248819173295723054111888115933070014751107022296272394621115522527342506618558691207355856296760868508385322900230549138600925994695151577010917270451330126997625630873957532893674426954672039680029615093e-37
1.51965235562263631147848791621765415484170818712839523554946750995067810842007166956644744998143503306972807323430792469377696084384998571569604883555844917134932290265302203292713145614363929301034990049896208316947014668918242079297421541850632336283382619352762583894569431184833778576458848547243536181542e-37
-9.36279949279886960848827580298227494662887978638611899573245402855864946101682680775937357408548986671573084868131596172303133950548072622317386104260339276953909496058555935370392685936417760688116205500081240311238388146207076560710898218507236798582343378507157986386997269819211963233113599507044197530006e-38
3.25383597360923932992853109321672598650218669278042754986293316767848072321709329769248822679951452385200246326778888642922382934476575645658187482875785153016530646543621886405856855913614212392972921620191899145985477961854393503486896607676156828924630424591613172151607799903336584017649913081868754622497e-38
