19 1
1.04793634989954560858334931714641884667055479139242042285153422208628863183063862540070296696506129953317217658063945739415653842412960794054175253861366566009870024690215028485186554689756409691334276524557516029147086378916091478397361216471660913155409784338187922495689530598441690399557170515868550374748e-41
-1.58680799346137704657608423697769795154284159166713761484149451251229593844542842101723786703431866637317964328462856329446528812715661103239312523641201575416821946698044359501565708550682357246500271101528576503832941465744317763624702366252684912820103275280460530593846756885125883392656014921291151812664e-41
9.70158464592665534737476545535681460721097466730234246913388673204727672621743615827211834122408401419459311893761394198085331636787573877992127358945740379198940099709900263494172784166113077287822723817412990248367218928217409523839235592694984535232279347765905488233206602926522709033306440900970552845443e-42
-8.28801249198243444326711389179054784439729549605846553058926989144054301127523418938949556765773157691286131455724523802479636223876570548782216828035314333128939870258144382282919536850716936470325738889562717770378165897468096301486800432459821586933612424484010621787955884513901349438202833586438501232385e-42
7.9551521617290008373336316325045740422363268316071748186435536762184681006419003660756514793290731329834408708279616177289939032634462925359484879368164102504303007128373701564653522123468916772707580592170121724687831854910266924186448922032666914577320612234299120100523944447956950473449110508709067844738e-42
-8.20938926446390317352756996683223473071108802112148758010333970784376802633530498256532634965494029381553541255125141555542713862496744795293009073028689876832816637792652787620974061131177694532418850006397981616673289077635078020819811036459622216961808833261719839178028579481895961076058131277348517772857e-42
8.93651217027027525526019185077992564992619799124407105304730379993723564833567305706291018892636910587835744293054600966168801798719681997126991707302724666626772553745302912477933372406888414851426383234946236235832725328210599920420099832926568076743626532947376922309327882854975377880913260939986408561022e-42
-1.01395751646265083506926940783379957835114243703713389012326682249487633505836100987389971923932634902032259557813182735850619006569415829284775907967094059885637048399755550219953267904766925837770728656988070024830268145289301867367063658681775127521610096163344798212836483221082218574567238096894200339368e-41
1.18746081304165172754592090563538888145075696308016604940800242208333375165065778763502299556700918938114019511091238265892033395254799039462268194766421582445934428773963123675701403048794741829205911008031323551092780323380678546852985537235695298231726923960570983041905098798823941979334547601092396243773e-41
-1.42171974679567274773550513246581738428157267151167618324109406279379835833763045117660062196111743139117850619800726634245680351557159387240738644664834062153243466032603829674508227303889940922470150345004221026135773373109954699406780001015503928055743742644814051112780231515325856187082782089200880582579e-41
1.72204514608690012064708870586131610333231513071452619310527894769443396968111003563145833668828949704566214572078306845655761446303637121496956889213813772555116729746083227878041820459223016707682243836368264458974874237224736412366529605633913026604799953788910675460297064849277157331388830474809355784415e-41
-2.08410414350561307851230431584306374720771122175694371770020583713061899925373257086001293554604920616430635444563237597835657308608060838051632133462748286848396051784856768217887189666568459254860047901620831031211558660093501448805645707902121592434712108259084215286412406360043992019404795009743420697493e-41
2.48151920026687607189383063902844180875119374972491639634922713467814613445679335778914322803347068644550320158964096131782200503879623054090811371467456606506245739673827345756041302509936945460106603418234823038578641964367238192317310187366803999931793447342298260525501549225801305999229496326766991219626e-41
-2.84885506659819622548759631684818898901708293389851901816860491991363258215841088463418055985273874578382357435134010307898582726848096602634999207057983508622495715174130853791355367137316800528968175785285353988013286753091783547637117991171154833148448548579186611886545495217999623093981543583782785771243e-41
3.06738683976524910535982998757255776278633792823224137965000400996307555284745475332724009500372338183359672349971837915064525847787520739066506419042686180125978980092831813542097770299243299228609910832389207686377279124009268227950472391935630619371021092938766540363746501595496873513328195013785427244167e-41
-2.97530176681855725162166763257742173803177556148442415506758939028224917966219213318565260747139855506802001936947646297748429605600861091454612801469249064317662554463747506697937531515331448268505911480642180585933716045795819928961994283097856177675890795118648745838244794371025417732351569713643302015397e-41
2.4388651530046484481924922477715156313438808316375857364107145275466066048203543256802131719104904959230342887055788247169044078744938863535167709782113309186691308664987118646612851818490458246392612763328906635941757007477840529612662891158343689753445489150349882267774805264288166636350762224737486385692e-41
-1.50262024993639771050616749407361398127444037284061640156811387533742017997522851312554683773105495634220361927060125592388842629249439115230845867136014929414958748067627108210129456214101230331683012069408111117220960285876151117996127580609737508474514298581766849569189516500816551108175051882944139140639e-41
5.22202735515263625464781552373873067041913158073630423685438942798255751987713090259476521382462616128681573822419970571611030049837040920184641262691016164579889112353534418496219359657821353056593206559812835196591353863742016122880526654157939013836565873809993524243782323147474844387184594035246232488763e-42
