19 1
6.52966409477371367532674544077062870407189977353081750939230409979812387661087118670817278483269119860786508068474058228245800632233976252809324930317585255235051419474133632802257693679973155028892650536415162421582554439428974850245919796236210547412456937795911687520732566952175608536464889614945695520094e-38
-9.88735927462536020663084015577627994290123637493279243368231059568705541662395698065778649470219522873580892586551953845238064362288487199668311427983646360872783570064660828935551966288631005344800719731802888732092477258513082221710457777662991554028482820853225786368428051074537610285755524973575669698226e-38
6.04503214641662589310298685861131836972207045860700197534406498718345402783094921048202394269519222173769443586775851740856902038529249772893311775915297121702929958543231083613359339051037344192634644428892858379653223454043111804135547052687039042233406384466878073902581825358412571196271374477759441558081e-38
-5.16423905258220989894910997915702758138561087808359934923961841251944799756389873051424179160359974701189837843431551437908147961753255630130456320969441468773112175326817649821703708026559469790375032477904387569116408573203118220406552429989419999616885126449334819500364772590750544004554320882889697016281e-38
4.95683469647412365763119978820786525162283020316039113859907974031388205524201861513799202641196990587758314920476017441561094311334707641869384547460349529035599495515142606620662791160952610379231579943325120861506317419670248968061511334997845113027216628320462090627521555488211977813987988935083345122356e-38
-5.11524924509148368402000886057877150876809869045464252344721640808638205796280325282817945402515377329754505032814455347319775745935695244147611689268579854785631188380574746094544910833614971371088617377276279717398021725594023901567399145722529133407928150804672265645446869205128078881461919758537383621342e-38
5.56831774192346841307541101112720848814653919833277587907948811211057494828959801135085025157288677392050402919708150090730306239224002625628960784545028168776392497168786617007959265726560767453703065710754837786878605670576884802741471710819708068472472841737399047069001063965120544536967520361810852403381e-38
-6.31794332340575838148296430931887859374186058041634648277610002744181644237633420292342202584338605938868130760090413361186873049856583710878448393178727326378649041009039252749053429037512605636347973080463856739363633970503762018765003920731182408662653635441248861974134680515403618014261807592923922886445e-38
7.39903809159932065867643191204972856446838629627678262274308073010854906409164316427963682943510525175182119049092207350335592189701287138995930327977396018989476509823864096593380126588112583082774479617797179928416390600101650735136314110745625391150019713341001967735827099875439410817095864240969118880226e-38
-8.85869977437190591285673456919704469581816163302539195815277032553500526303833147818403114354992535853856637155589811452147450277716970655739313175711891806868977297119659051278142359857834026672782376615916444762244871484602292766034117828468564146206468886252777602532426313673346217430768937594338406501458e-38
1.0730020053336546023704052014759387254286125531486606839528155117486431507405224296309617703776286423828643175772943103673561131343596446791329621107909776934560483850026334182075344068324509129374570835968199103721598646273700793383951947397636252752127498737069830813173341223199757938097195476830541285871e-37
-1.29860009934943407876907891418320722157542591365370713842884873689665384469897304071351129612399951077825467409828635443179820545928561741312129476520272175328450826882042570561724322885310215984833455030637186114005285204278949176519848392623716351153122539572300021222023711224794263188620728615325163658908e-37
1.54622848608244315136218815724117671010697166839824350967343243409639695716611601679229044288527227155407029988505407725782620869975390280148950467747000053186783458813743960978866760453469111830651942880844335225384612080803053954012324615416608604778072853780670214739730700994567242257147753129186334673321e-37
-1.77511462609950984553797511280455502985898537534419531430326960487726439273731629085083607238223177131078232451704343544186191373615114526465394553208362396113541535952921365711948623785265964663142998425938475095786382474000604012343840288938658271007197588619761465470350036251291357984803151524447399385146e-37
1.91128131970142886814353503887186677012294957651310096600842513870484861310276503030857341794373015417167109392820379980217563170893772865261529821797397855298020728130966143314049884777776640098949702525506853725693443158410294472931303771221905816970099550849493217566553876714864001281673980405746781129148e-37
-1.85390341705113655800721887595265798286407225581026834987176105887398835277815375273775777992572106294029493687515825079226365819890709125800839105929219891547319018068835277697436586173533551822972986447433053788195542523253988205985545018704358397635527675491505486996603213300448672713446515087310462035109e-37
1.51965111887438991383269253553773062756322018079741261523828132894341257995480458365680706639727032389653286434377889623257749435453153151667213541676373408670030479135872290538042134450086213697165965892135730593109166981940842551409711490707692636743662503662490393516858115562075560503141024003570542674271e-37
-9.36279178285245278565535802469714373508269694091889365814604504172298509414195666439913405265879702081983841006457604644725946392834007276110385806281252744193611800879001311443661486280916238003724999703692334496795604721692605460146867101324808138212478103919989624200658003686399471664936990318462247713879e-38
3.25383326092468942197589974792792497471727024140260804952208950975905358202484308692451662255966545084802874918733852606718620228745670044532938357090683180602822077814721484894853030038231311247923899077866711592704340027699223842855066506058296321239477828025169960057340115198892377293236793087727999945761e-38
