19 1
6.52966305043559011236782050289377879517147479313232049728403238579937346862815353335585931413573273632303553998486933278776210388301672817151282185652574057340714532273260683495863970586803768895079326318838081157204701914029509849795519512561603701564681090332955170196585332227609284268597901691865114235893e-38
-9.8873576929494625660745106265515909282780678060081418296319145489839669696244058418900804468567562410661754585554559853345601211698135470855687747693482069487972969353447699985721967817676099378122968674723929597975088106486076401531261806729873158049893467013362205645269412252342475524028533241704790431982e-38
6.04503117842860316528016759530943580692872397657412949647294732648085172184976071432591371029395172359647337199610949449579329343724916362368739124015381206753636228731993088004074455275384610983692080791836224287129894895759940230445665507040721787134070492563196741483404904542319519386414997299211567309667e-38
-5.16423822414775709957427951874356485593020704734432388691000694508308060397304400815420627014614980533985635213268239098948271605869308106340087938292533607944302705656847835856312280867769243812288123521802186415184873984921319417738932899775973976163411159056142151202877652067374328725829661858666533206682e-38
4.95683389924879095254398531520726050402087766211626379835010472835111645024379861663170155684549636688027151174934227237554802493916743950725174212814159532177084903555124491887438090820255415011050751227862824442163741025732487022147580813936816375714120885816986676832656373413052800936584980932193919977148e-38
-5.11524841960490447037410608239395440799593467521634987386991112605936470723036301562292702325698532095171839980661082192701329820501358077436386416275349769971954550832919039120378199876788222065108825946944720552343769338314631517557013718052830804027294297413042611873595681454720784991567476902278617637122e-38
5.5683168395796412388008227442587882935171821763223662259246955549091027050870100767630431782635588913508483798972995251963689284621053574742209039807038504341195189492950942981298203835618787430256294057351223409374933444039586354878131682119196600928464133136885902810170694456461095629360498259669953841194e-38
-6.31794229453070657886803279228563392693052979790770409284724868894347736928071663699431126486111111294492481999507156649827413666756409217458541826343383101646355392076125878499958785153579374891858687635793157102952534876865887629014682300302134580186660312382246291931627261676887464048854108902713233208877e-38
7.39903687980158447265104155707792140219727901550370289783414638448663251440383682265748312365884375876023064762846528738923173859426071610069906448937622626938797634437121230144964240497718987132174704296821249656946749041116283066538776742442419939057020375704878317599570402791600845543019725089038316317445e-38
-8.8586983141586899923719872309038207630545770940788224508817320283550282025125923509757994191934694655539735339919057059725460954738919778482369482732416250502516233340704264387791512957593572034417391420268882537569630203721628724117377412181847372234153349700048594058837585980042890477947325549480439496864e-38
1.07300182719613184569373179713273818673264539205656950084666104073272897838336516472584577331699224793590093081883762407364648263826154486214098483604515490643372053548187736862253879466364404079571661433088967565623935071090887365942513959444556184833384753647952525588421769703088274276957107500087894551954e-37
-1.29859988205471904996767188840354856061950388121730081197207131548902715374471099505531475260648995080326547059704082780293621534457273305718856829368801768988022789722900548956374148420300087493704796738657544988568015782314773462642159376926819153368963240707310411418953938929134645313306467703077761297849e-37
1.54622822512536318646378393073702000845030990517049247542723657258420582727604315175030444662678961959041658470498768842684457221579133479856664738378290969722524166304560731294939456080880143498868758998109702506645110744939503652239022951340655362896464550287052187243725632118204903997144927560708721201462e-37
-1.77511432372973863048503163023779328775851406712403583982688857707892796352160118669359128803853893389819586793122848132731843152857668195679917243516429467772828981891157196576489517758130166531111719868211664575248145358840949841942247424472738740522141784065399103112070437338934453775508385607199977593455e-37
1.91128099089552481101229641001249279895198875294421492318123587881291235659543705558702007422911452469663670660946707635372734123135061531029187744722303512004849221007500427094057603351947253677342571689601909620015015633472038074344920924839910418592944305346554829801549757249732486309207888784295291332845e-37
-1.85390309473445304728041768709671804507818652613113019077476355010777093469459676724888287624792989765558263350017946083733570936438263670081907993095049490129951905335476855955922987937630383260818132515873250084413031986777639861918437966288230346199136732935692320436023854886120897583856061369966874707434e-37
1.51965085170371784485508036781037235062387634297002160157369102754553674619508977440566290882622415126847741941447383546175063578084761840500317302617538497528463678223045503396125466720723950700128123931612567861750615499816828279597640144367331792770149880391024433252148060428644557829114624010004768580563e-37
-9.36279011729911715879425552836311290216376614627101491314337965310877300226784163526099091931377268610181787742972679186523098540958437146540272218042809285361006923387109683908421898917376589242869569731213095136617767363340155878792669678374184822003706777860976994542662147636174644461306708954097557867133e-38
3.25383267491314342642715753188780835363112685631011125174715865200812644239273943914020969667801817154304321210208131522149191015036342142662335121397932964886978996315067777646410836644036995063629759012976217719248801991757164474844997058596808837505075593589160225365109590931710434228796005501790789662782e-38
