19 1
1.04793509330142698783502536378751042838286292046197396552618430312314010424708581823297922015223156198534374371994445625109282971899296533146315200780806280954089836109518497907050459855811312285187667134788925803286737004538585254367069706036323768561908697796439828255956144651097393690069640882747418094255e-41
-1.58680609056399984640741286155380152547083058890664544288345694401029315757706829517227221921594266084903844492432007542331446833832759910335694989201241179598466896536436108617751855464868619834283519608370996016264124951077142354333871260350033911044197800705071675196876486226288545461399532633391301195396e-41
9.70157300785372095718679487640415895199789548127217289407895159969258336221307393388777569276760471744711193811301319296399612899401012235032196856267474526011468228586158040726570358402418617002270974760440727443989612187143652711447305518157996919144446124566125007462697258617603507571739894230360985184889e-42
-8.28800254356488200060715932696170267843707517344990586757507405816619728079247748480543006864456168523633501558629617465477148225062103298430218990149345740650880645123017416438385395784525831910900326469417727722567159665520957474444044884267085123958046417625493400196516402239655584216641018260699654310693e-42
7.95514260443610590833220635676238051006895496747224694241920528292090678381720994569376284896694803188485579590134870140059239297246948072245285691501851682163018546932770271476613657835349736093653001246102063420837507320265228998050593494692845089206555501526207725952603776848034501181589267369683730930515e-42
-8.20937939036835377060028317007159182334710884338788618765045521094198721830413759161482928957429520397257079878361635598873337419675081174259271274674588196941315167014100174754710771118011430492825364650557326201089611184671035974142332016672967125287933863812018684128281105413844493395765290283149971587993e-42
8.93650140632529098748777126690925417209343271871734151081357901637152855178174492241229457897555950325256655659068379667138016238617943161237301467679826725747256388653081402022893477384474130740843615396814533565905270832289298296925605467045273171047371154424843523364356342535259861496035307100025441964528e-42
-1.01395629309641210815039701473351920395945250859957112331557726516473242337634455714970261369393107707027680375119008930482219785291617328709160667523725783095805773402016446275807415545894509271368031515782338879304636967641372153000124972712808824366902845483969606401999817862254939008080250300259743074734e-41
1.18745937753531258870114997281314564994073681611322073896856370454716279616886398857100418817569567347424983541134730697139461242390356014169732218065270392763677588091755715305843755328563002356399329890186769957596279006182333092165902911481833453436668694700555268046039908753629831495708559668522227933764e-41
-1.42171802427667015786336021841691509834619453243258611519046855246210407121968772742084513674979232630006468323122050025492561049484978948142614716216318098602046454477122437288045428838716210506258930856128973294616002576099738086278446794279287094833382854855579166595160305116383275461701080622699340146591e-41
1.72204305451359364942897988931850140290868066647480355481211279540698596042885031904112508486680645237808773649498129108344152288579030679333228222205262019139407393695136745431310248708110646409772289885921344191647336111565940977704083308242137806858450073994412014681283782791435618433225183887288290080499e-41
-2.08410160522294432509278303751959212971518126339834685784298734835619257149823404080797125947627851681601024548275265905228229065653397416708558168180330762452368618299710834898009681141727669911255314311963560177952366756411632713670556878063791006594539351878289210926785817582561236257373173483176692729541e-41
2.48151616887029656443837810494628053556635564766816507599406631845109743552230318575264324017677683596511916611335582139884300815731252651187455232983475383340787982616725320672227230316005077641764695808763953463930564375727898591398624922612041007698126789545353748869635125575498112462527567426035048824369e-41
-2.84885157510227514715694348714283828161779721567953555941138461055690921264505213900591085680507625696073834226254423392773259616654274223243666916272528035316929692330513231740898555824703175179486306664037742232242088945629809216731944907229700519374280563427105603684907304484170392479554384666715510483441e-41
3.0673830672047007321889320810836526738652558190831683494867801623023212185396666823565497662506043358855876926648725776524284533823118962269485411217084372183192552774482478088009988909968765963299863805271133805519154293486824859550491007523170592780940453599046986582581941247423594362930303720255076040174e-41
-2.97529809370448843221606886941559759289467603840696244877482939438547252665500056630827983250593903079621546440109460941758115515518781757026129524113305186641083595003448111022707150339375566571282957442047162539820686732227028466014445225053092116104057468533410475266816727486077962132461711183630573277972e-41
2.43886213002723824431695251106340932622524608707725754842797858832122867689067704652674558487179261560970285961886461351171183288454662905950753950584919379416147019134010146746262913985755308291494623502768327456612809244499177268655647284621547651698000246271177165942623750376323239988627477294346632398216e-41
-1.50261837948365818830939016773680928136558439286013850133230556710666751031456356919602506521668956529695391246565793617740806461841283626265991044484043753868595878792598033624691090630712297481475528770189242079608267398092352355666737684459911818267747195364253679782879416637479750660374075896701498026924e-41
5.222020825466349514085630084317865317868505429317974995227889970695742950586127445688309848302741499238144051991737307224698014783715218440446914158453668815505859255302521645730599636131164774888546075990216690738603415244921189570131447822460769156222647700463342194995527625236410621404233742651213433828e-42
