19 1
1.04793492640904719521389957942431342458330563223594765670412912841109939195322939590319312835728758563102302250277994450090057774961827047699483599481716155234352172111633159819317020492310246791277311235896011258303628148041076931639322435183558650641947593555774627816308792318474961402469398281705118421188e-41
-1.5868058378347726299786020596946977095430946801810925215568325007696460542176478193641669219957451733551208851281443216215793466810597048281523667901629069632623110418604811086558320609391165397801681112242590204088537876767753204862970053195639865235854905896010343052797899546258671009765499736833771385396e-41
9.70157146216807419977388169685919131082099037344663987594298310027764606616618592440944867002447673724170957851043365025779856436089742215100812416133840254874404983314590989888038158424143699932821399705458826327699189611282470787558643470708641674940789220905867106943204330385363700156336542420046521522608e-42
-8.28800122228719652724923093289226066494466680314147231070315545126915775215531006645232203363410457993190315888242831201152771529058659605441855382118923169356827998960206299598467861294831639540152978639532367792656993939880733667690606969545204390803023595822845799221757042960274163535985130195474036627725e-42
7.95514133510481850336197621806433545712778021241506210559114984183325705799741921543635699553543885826054631972722948341536876031654430010951176179915032804532064796188728687681291814604662636343402660707966462907360524415213382167317011631388344835761872734929688200635166460332667706155477430359953236238435e-42
-8.20937807896162749033871470542790941930636826480414819617640660968733213993147130329035400678104649207526795037702724491211635782777848827335636191144037424489474470867986513268326927714010553550329514948937475638686959801740545860368857490927949252765640867177347077564686224017124582234656507212617584693456e-42
8.93649997673516132792542593886103091244246115683927895508158483118258599342594707977064700868886523640175610982393816691363821728921289556023975998633086771444659474501098897151691020629480904688768060662122362329313567410892364565816477151093870177703912280853994600080350476336165807243065292713448175678569e-42
-1.01395613061766888159634031924292804016317496314902342172143923159982860268440857163442207870896203622678280708482286291952796111826921290525715639491009349760412799848207642542560823395589628869277980704509627336889422570803614349287854573745554430277358262012562895074151854167002511714778463880917381311078e-41
1.18745918688164625560410199377906749456353499751681458984702064325617172672738321944773549545429013082443489573712919847778006749743233916757366047199929235532972289260708220469122429035079272978240680912769691940223369473319321277696780332439288786627779833746089710252748160718419767066593914614508827682114e-41
-1.42171779550404636308292007104537711228898808369519238785956224085072247627207572051526907941907881393199896726481211928171460797095709301053363902354655075718884338643252907945956401042232524350533926905111279500392139605489163641320491545948032042097890896923049366936093623146952601858849442586228353040416e-41
1.72204277672583412374535875223002162755608687680704762600777694683290840539305534108695068676968500678056092995650968443069409659493048753193248144741180479326474035657634984371260645417092246042107187432245299668328298013043041259253445274325972751184691422037514191270954945602940474296314962480065641684207e-41
-2.08410126810646699213754489979447796178224651770283113707045523038672215079530459666659850643172378655311866390097154264348897545668981085608618845494570557240033054055040586411729133845621447238858684057652476998812872455364192419073237625983515948587431106748158987272239893114527708402503767501347113941518e-41
2.48151576626198951714999550025514513873519502594248581959748142761581546506893250471578547858013240940388757248748514513834188644885658119050186852643156339014225098324714843892405995330333785769794763997312690493243048065556001819687078285291813678952883115998785782422756711565766269986893249340845064439464e-41
-2.84885111138690399561224260312081634333840382471332126306115624514314020071670175828029939697434687039183110727136954915715337008270027606675853105937586599430973501239011781548047779060189664094281923232001283300363859843667986655189476735072430389141547659429704198444925238309776860627456539087555372386099e-41
3.06738256616037527502402730162067761180643694646619735894334480774197032908162503628474930845844242089469573532677006030681540916639852353459948787366962035339732926026335167040431466408208054547744735901035133679845897491772162670279328897507024377137030664370381971360750501752887741180876688513522386028697e-41
-2.97529760586795698271371317423740994958212844588611292252781553071499334351858446369677589096423152288868893448241962239574018707045234014022349833746184090218783001025721756870904958854562416948688219076268915610681690128643098136028808636353498668046576920354067978757084847987151983240538017826770332732126e-41
2.43886172853719616041809599538592518893315294072598882555752544611600399464776553569372902550304391976876984815052795779756606189221336553965733639985060514069344936297545696148181989986135956260887509856295669633751031309676599923946166543053361521632408822048357721406709914482010806725562914259476179559003e-41
-1.50261813106364130362035365889188515934833639151773295493582185301831464593258610442883476410041993006698389720477108731040426823743055291962657430462223133177611375948391234041246902324649793998898063659862830833558716707895937841646592022123443275788494459827110068278850138633770132776771187701650429202249e-41
5.22201995824066141246107071431123648555420336353725000716406517528661282848215307602468951791643095803662692582920278554905892785004193048627896126389854746267909597838373933094756045752347692734836076619036279812202783445563599564409852765360798584102060547886470688121415347054880107131196892544064999869199e-42
