19 1
1.04793541875815253066120054456326970060145557411666660414189175458517065926973539015073684650811509506084236209025821895139009419121319035712397863122048076813620093761731405871538930955856156101417469398256566797385811158826590383169478049293528081610154939695695133773083430575662630387797100120175859176431e-41
-1.58680658341110809484213389810650866511733054166392273641681731380046574787230388516724955776988563355889671785196034218681472263709651359448828135194251084061550921240656236680285236454728097451018082846684665949629607938720610041158161018513285937933927970032501168412103814801355782692067121504925520737794e-41
9.70157602209434154331825831314987425215745911716742782169225612307276980986469633902725152250105176033266422393915025796855344670786551528090714827188083025540771891923145225955499082558665518146017652050248382216831235301667938594995314720084881178948695150565553317899763031086694175235768659730146251047998e-42
-8.28800512018768517690866322070708519767016944572863956902957924793534644100987915694100602243453976336517928470490361646207057715611607070728473995158040745475550463034598242418027644379906501431727886632471476552798184276655193419888475205835077185546937137160522904374913655010434906687951446373849577471169e-42
7.9551450797582820780582759924401362676584559873452907533055511190941014886684221775415646123520763813909392073348667913995607758897986981787814840049420441633832393389044415965593045976017502597579690955408174810429980993588260316592498045371162389940130269766767240932394717854904658010305159912380782825153e-42
-8.20938194774183400297832278578408106664349725252177982430693534035913651444744338659049276224506300017268101733640257396607958192883610831836335413647766909849898957630131960870392944638664965863946325000529793789899398374929413142866678208364873266279949375593812420773450680262367370728458917225730717001177e-42
8.93650419416817786075442042069450171216704411169689106782686902966784220039114680783129290102663310496251006034521201243761639175829297252178533519547447422990296862411936337165822290424568753441057444080988167160715819441475612162041780470933441005449726913801695629361582143890926897853272602531278584171982e-42
-1.01395660994611844242587843176949177706700441379104060428214207717899173359755950325001652503446686131560262841962817346121864642706046218393016847815566934873588673073775065972508494004729653133116390308285709512751439473988667373463350895726126513296113691502685448838064379662085903276112375982222656480601e-41
1.18745974932892469963503542589161749261218627591541980516427240707003034859162601441702423570150389697051539401197401581642718743570969522807478792482381373019116903194678546979180999011399416578507734858487558612538309644237571438257101992688784225334467709846762385283215793917759529862930314520604692030156e-41
-1.42171847040604611430845251000156769833986408739979513889042600393210751338655652021834387010190382659885476825918484486612776874398541897552118375346670599183048203973102218459751212005398438087237737064430959564906793348011661951535961310278025780991052964826470304536474986766758857176361079696150832520497e-41
1.72204359622736792135724823140064432677766986942765991938699097117205301443765127955529476846119176072211138989750096182210510250472920464935337338526583743224704761638174002660704229593570919584958127884928338030965458461442914828544289106364984779944631392583366213500950892022686203508475645841387835520299e-41
-2.08410226263363207634016612952174324369292598570034804163293922497776633559836211722848775611672576203003907834796163177413307390902476217390876080601109177942776011246179199976981936119015747035163237027886024352736767286459774477593444080373143670821035132866077876450621526147533834811265472613097109040923e-41
2.48151695399658423188781513411555710472148063612311379666514595136167455785011755375529152689785744219119453942554283072322423246106647912565893794585090386150687185725710942789682822202785412379916594746411161774724159923410188499499413993144727818999156008134917948114959780139085733496552439124423365278761e-41
-2.84885247939343846586489554096953224390014015631717280061784808636179503729324600862764535176460516473177743865091455414849073644974699129378471839038672289032600479862651002282868146533184712957448147792404467583367550282559604314653359994781814416750644739357989244984004735341903265419876745069018647598319e-41
3.06738404429106183877634445061405568798528616954491145320376521072455640969043425960020645466455153987854647906884973184879627352139403077781463151669773650199088499191202500696812491808035956878664110419333841977407531991930442949316722218228983168291570967122406982086563420356915726133200575177168792054882e-41
-2.97529904503435455461409034203970354837757643312760759734179909098706998174857260861446033207999208497504482077306766704868634356781263992159452555055324408037546949887106602358008912575676810535884465949680638024153190245015220525741510186587033398892374109348242687371339193049004721991408639232517289668929e-41
2.43886291297285969326321769612333775872385381626954678849520865951092736188002273586831361758076920990323212907138205937152927971571086907575936716892207065574093528187067765137727652156101143977378069417677438619659824874444721057743763227731455529353490611247487516481548526135887854256492443968813681089456e-41
-1.50261886392747643353105479129298157206018295351936767430345038509177720166454736672568126526963562936691749507825050197210362819290367769604098208539676515593854398389550865512858203849520973179288159984463280141634886926546081528364243895697261617708903331816102420028255611561396178031272420551027553021703e-41
5.22202251664300704325904541492165871117206137032530258594395947750582183469314042904248582717757080536980443572777832067899270222167660715990273318486831060510615276804534024253281476856249009455198222262095431223954907257499404271049159252293898812049333408406158744686301011229926013849877085797394984787747e-42
