19 1
6.52966345356008176818820224231750806661881292672021282214405629073994873257795297209637622838304382020354621254240106261882295336715492969963226044779388463841502639772118987648578197226820639672359784520508683732332059613957903463957937058556423920406427335812656047853822636887435139998400785415380046181377e-38
-9.88735830349146704649331180687791572669057564681951320054055730250918467629976254889056543873098075727860880289790125389552472632263147027667721906630211246810311601192730588514898165229741545478230992581329176238008797984178059298115105294814069240834408165039828356347927639964926659431648785117333690614344e-38
6.04503155208122346090521814330984620797802607073441301437049679651457033938106044306750411943668838336146728806585809896231708264473251460001764740064849844557372450835142279268004533593942819462150368400372722657672424435848203353205908898056959737275380530519140938776219487011018645222578616622773791893448e-38
-5.16423854393136279632449182801074906638607376628778629320000366866857485369496735537885842986399169055378443390811989966265018236452732791504708801717410015028630248961831364585054686344543573595267507543424243214413635049255422060225432798118946592671483139434266421233836382005330539695564256631483658287083e-38
4.95683420698537291181168828757528591120009339545174668530539109399618807019536987716905113644748113520498472259041015871883454933864431037258022268542119590763229871169888762323666831815492466955047919882945082195434945040046992993773290527453676780926912898646772033905816806802532902004063986818178471266036e-38
-5.11524873825058970804068614692521011219745893322423170543453538695448829486019605624257070420319328548993465948565982142921026510688930407209898035071536383014137846539968600536261475085136353333831054147282118719587959784172286202903709717106139235909078783206763540267414122531009912758975760881964984022296e-38
5.56831718789294658486547702174009162905242193620904809342265182109218113511847487103284035465532479311700501148713421376400235737617333170917263642099367844162197812840816367258264455178929265408126242144190975662679185405670045713371370848066784721928291288657516916535963168428699433061888555836341798749818e-38
-6.31794269168625551890361327860557835469732183164896724831876635963915393101343830565030593513394470163758829401640499193592808219498555371137316911894105024612769058888652310841403140926030103365401632903362589974329374260280196508131411217314257871494120277077165419991237454132914176291324720757208100523638e-38
7.39903734756701009043766292967656134360812048389282586427486140097743386341735105797941110477750927611289676899903037162438032532560955189946960072625509963636541468784667107823974599916145984547595351660220423681812544811672931393700929998343116819566494816861900872190405777559751764837602024237302926190868e-38
-8.85869887781482364138403901198495993448595493913551935049193616470756372698349764641833757020746494453902825778378788337721358438967574942978057972230116542675903850812598184172725303062827231743531874028250576056145145806857594322413926768666176012113630801773501096880424495935133158872335322962095143234392e-38
1.07300189595889978274415738338258937283364496258064094827199317674914609819312692955072414102960067445908303827436355837353429010905310427499097573121043607230943510191387869914114099148141630445291565356510705047177831956403971317676024877538768766206707619847576764712150672742302569862184128568900159044612e-37
-1.29859996593252899922920786848995889310461106017228174121510379040311646309881512347434461481844673996301548294275941868134762724111117342639555160488017971096707627467701618684042724276884863064195843603958307515313362445720200749770718593772424929069202431881269746674702964139014687029984454531245120455375e-37
1.54622832585725219462387754257264772741239649730213204296870200979083232391152520838773332525050407218015858958607431087464107548236673359097643558060349157659019943887630981046509668791432904010044354016553377928511705711454133255819095569217687702858187953081484178526807143807070474008983636531765976217105e-37
-1.77511444044730915292734822834444255849090545231575930468880132323860735098748544823852190209885973136252181901127266799182362485548545548561353754191216677352895840831549808244062694870918081490277897447556415103705292955376699098218266593917233126026394695125529224527552390880748526850101683278261538302896e-37
1.91128111781768262778456676836607480802947444961999904455078689978484328313977428183554164651908944175205330664741000100706055042789105050427996375268521314157925263228066267474359685778627644020727840014409408276555430025608363671450477155192718361130409288444828479398714627361038614785746059657769144148407e-37
-1.85390321915170251454934933035388269148978301144716654469577219935440655675349517442089092463646311791159538343237094547948860933949751743996356384676528113526313651927785742343295151826824853651727443068699419681337083096217208870101068456110089917987001263094253384982631838265817227002767089384721457198686e-37
1.51965095483408462592840609109320760910378468300368605686668732217994230509352163685299782803078232968229171282432275438888158699335447629869574563450371300188290679110271660791192205481386644554032539112187363059106205777556221624302881014078373361150278917934224364209274025879389171872214400159918360954145e-37
-9.36279076021816332534644942351844808482308593435713344398681661713469921998063766490251706655434775805832983836951373492044102455917827096901867391340671552374476231442734360262354951754118406052553223010374050493975767169640448687733400991002080413078784618385999970915032108062542005590053637600015847133576e-38
3.25383290111902176312830865400151185377971253758911272177065861516266694105710170833331887597888784697818003619520933266243601910462861287291625335316888875711267705862244333013292210165291161405305931430240418218245269799343962598392950039311646158697196664141999075052534711804385096417048465414588287419087e-38
