19 1
6.52966087218660815260741097213812433593093784287162495689311168573883429163059050309675401757697739279658082122267028315443751808978163371049433208315138192567285515208317401203601728208125945636577540258563806036931380065840058377782450014285948473129609461025938855418102537297070681406406654361800731841668e-38
-9.88735439393756970859245817731942184094655401873543735730821496868567397659181837028931172956757500202287825026877980913461068790279465543964814097491363539460453048023279123950380282932954167601623931505972949153748888152856820670261114222593405411897758456623547751030711530220312207742195079919316554583655e-38
6.04502915942844474855285566562669779267591979046147076117078797713000902294288216248223965848151132977119003577669934425348562602006811334461904529158231744168769123232222643492720693870248578246238488224814004126258516189844418988651288361826369643226127546030685639306496949961673979333882869124930446571831e-38
-5.16423649622432458304557366832630564964272136749681098301049524596877062840355056278539799522688960386851303953161696379471438530195639078425392329674904233020998417001433911357154779465832804646505536332865583121214076745263805278613864554097879005919261784804874600683140817687875809249768394290450648555382e-38
4.95683223642054322523724886667122228919063912577468012332240700215021526724584642463528090908701826121378723186727205630138045920764312989012295584806014082467068387507323600099606542747883033621653531760667626589762230063705985368516451233561471490576161454014200689871057272074118452596548797582374722387152e-38
-5.11524669783041330289180227959740883792478188187513686455557190808542409873830950660522140622738180852358768302877380857375989879445113947312109905142003150873656468144511651697262136446244099161740061791676557716269303925745264492858699836255128863929637163558591944603081456893029181138456041548771211924944e-38
5.56831495749893842887568392267402509521431312558265071620436000178235048196288165732627561675521166146111503240447067474953939344647104120760022522732592214825342894994422870067428933729144765090044801611644462644599658147549129980679741836052900203349190509335210270676589830549910565808975376052214406193093e-38
-6.31794014853547203225040643922901760382689170631805101903655268087889337391887527397653032122731302989218885091041034507707520927513360126030691555456834201690070389599478416459878587888865525379411186550461132814694773436620206941803628244716881444086022477663507196281884750678074957975504466643644395685189e-38
7.39903435227245690170767285776890936165446848308966840033959955577830007828586880174862533843704197646692802200260175991012587463508451934285476425704960712586175077884683804016321960747184419910641122418682477436896111423261880299323268426069440268999743564830219918612825877103786920798707043863765476241939e-38
-8.85869526849313091821003631118723660235992498838414545965082357590018889927554421787913642863923688804504195827796898427016312061879126814874876738166945289720478747215538904083664407413991334298279431605837072196620474839857561305133461265322405828922062529124252547656051418130046202208619358096256868017734e-38
1.07300145564273072623012221155322116159027049747734239474173546238482667114405952739064963406564686910120103662078440314734320649087069152098008948889852696848048388928471105974884960844080129819004013185657074487231670487426719377379250979808683890740158946195884243801832319194925631607467650667703146999638e-37
-1.29859942882865044603851828453514533804673736977416706004570762565314262564628446689447263081664516791574918482341337322946503958109217057664015436182964601002171346866221733913970431255640774703994829792164009602787406711392916567900595972842417890813920435174763081017100249814438107106789474271550926692414e-37
1.54622768082994531821832775089870305384524901039740871932095715624700000785073615472203823624193424156289829663451823437197693864463230099871471344691434139769157522314394670872779108626490617463644199757610941018072670592473550023458484879403235082054812876694778360654256340826491170170779581099161444099296e-37
-1.77511369305732768185693427336074109001731642323689058604408793597275133397286765245541880724569764243580971676735064277816705864438857862485632873439983594695025552806010841982856588094550648214078957194238097885854408545267255460416268602451858987502794783316754231204836515310196633266062046546565620629712e-37
1.9112803050837643867881993295256120457435138156100347363994916633930155700204769942577993150335231074962179969530392966347220039447434797743671163434206797879961197618101174588868663560556565171928106123672502586136112698863755605043533250653712238235273681896235406383680545421787839552765159483093103301845e-37
-1.85390242245790953021573096113416022514120537644541285607715167209682172306607958457665446499718794642234836057651655934930652610061666262563733188383215147222232056448915979553864772997618520033429017473612517949170472459092949468319434421295185197805810402119898974278722855286367110300566545599720373238699e-37
1.51965029444894052461770517323141234878907007450022027646073822581389238716194499797674901811019012051049556568549597612888927431269201605607269395824027273095696696505004674593311674004559173868835610270627890274944908607213340214902993385908535456950501449832832015829666579083853272031479473416482930763347e-37
-9.3627866433504236881924584119608501328184400376959320030389401785241029524503533644123370263315716722776593786011195802102357048621873233153708643743372308210202865859338174989292082513668932543946558069901593134164574880191870042869712192613986958093221059032841768320785340610372514192159538591616521176563e-38
3.25383145263270721574779035167861550745244997580550263150058556798379726476361581814121193631609160953484536644841385097864697352116691886811533174429761033465510895869830952137052221507504626315047486974279309636027442352441323093270039044683143529448481349113509159214262866598606999064923623285299692942391e-38
