19 1
1.04793575348448692575644312225300544851791525478007053480843408642554471518789136542167810750064264782673166514064383687306371039307116592759019127611494652002634833272258814220531546589467540904278148426338550015627364568773989905618387649464555963816204693695935588919751758979285826508630361579889591724471e-41
-1.58680709029541281568749788776093384106967808760774725550373621964868807221310471284136483838572522251037283002849318289106048846944885822058381442620712042740431926346082496077420887141562632025076292301409196214728242944037176828183632750676050938214966864017985258420969573241791229900659637318131783306308e-41
9.70157912218611334262546440102061852189303130762934749438529197196067427006842688990553483305864890805318021482367190770094707326061211450644972454032682252331096329786039463797625330025310848268783544976884015093842573535415646933776039984076598375132892080258192234404197053846821328767470426690964940293545e-42
-8.28800777019748612719685879424220095343790522633412318705890574208675272169740947076813368822432000362593680829017909851783853833472948545483366827455798120966658941036658311215084870213165809179150522966836193682965843224799595372693606946687777549378072914035418530540633749719843622933590749757796302934487e-42
7.95514762558224269557247892962829685945719233712977922703737128528249878071163375256167939001379351153093954099293881526286279828229928501561569821435211850411079314774072761126437193356827226351439016175687250001038728966462944423848759625529789897611683475171351414251257919022148380130323659039228696947147e-42
-8.20938457795409481617513786044618849165916759192332277014061321449849991568493269205869050216231227145605878764686102421379914961934613267586493674654751112967621088711017757256655414156924794800774399117741814965844846222106137324842909448574990396455806488597875814470973192334338673378163968942940666913782e-42
8.93650706141407500009222653203850656411774579212873360487381636612423117018881154837870133806405946323255860333231716978371818758577791411343506456121015327341535784148729304125882038313168622068998511750032193744171390383736130421044233297181935724400157246844707235714711480955039354818099015367039279647261e-42
-1.01395693582030454284270388049542255576872385605554294404659552596829788894174740664465558293948226565393307797749429875049958289172555463148210790906410909291435191315194803384434722762299447233536612253293822197546710759706957411527459356914934017728964550119896237582818960572507895070712047136287228654727e-41
1.18746013171192855235646811805614200359387713316057398487900842693625247203513349607495215350759127129098478981011909652111177343424146755036963163517673268728280193350548884801335208481852971446530296137890510386877753408128434156504815396471755641147164531881206830981473139710489710980250129254017216512233e-41
-1.42171892924204570615785587327640789410121462318221089131919149343439481110422799709374306395563996236748531900612814282258128197286275553958070494921648734174579372980012624202904723961081975069106497262501954916912879531791194128320927351386905444100948163641176139022077591474411471018408067438319477246235e-41
1.72204415337020364401471033739011440188536617192052885984477181554650030772616914006228229543473849817128417438961128257200889858153853747872662898914244020773916743322935418687505910528098655058779834850036689641295937164535271346516698756200934910638883067500203706819660139404034953785287325423271517448492e-41
-2.08410293876866784203952561519445462280675590287777024748406554588599038541176438887696151470183542371278796788810470363692991885355957370636323576623748795111255048739819659647334954493214218382342679377988119725958748955541511131865878591491023467243048851215922639265580682490872923354983563627823448642413e-41
2.48151776148482879558895829254616474902920843976645788872811307700476052102920399143696057813776091540804857483592195189615670363065112194641673391312709374812532329190210515384745981359864646665662105146363552612204957883167037993649602442386566166660061967216127459748218677045082950358445969338559763161975e-41
-2.84885340944063320690748447422681785230081662920154163185447343055613083307579879251069118635225394352679636267258675172863958476333743474381066207513001503372532001591437351438624303654796343074206095582506328927039451156065135974313059732202234969774476992716643140347548900664667722685863017260736496315383e-41
3.0673850492068336903465305737723225229548012477665857956752018977621595229157702777801921571783815019005315873962366319978125796763588757925804429423538067362482465461055009399623477396370895431621940314828948380810383866600749141080420317188587853319755437888158963915239692006049271487875564641470021873328e-41
-2.97530002346006067510902879626767337707490133785030702175799762948649069827760341880559386503651742826265639896118820139741479795701406627851931168953111746123680645986781990635201512184882377355732168706393574203182386780640328747078582106497381722360559135842680628039217939415166323432087793865841910382624e-41
2.43886371821841337546785062459598025447664500555911000963335797990010342758006541049565459409172587973198523657061655269050526963339732448594773581444249596222595828814665017568008286383587901237684110297293521984794666739218899820634475870885266227175120684201573561437765035263481270234302133564156940854851e-41
-1.50261936216928527675105654937616156903884777524003869934798062100360583404421253530094701863986083138834471707942112914009219490431541902059987683064117886956830593317835190937335881280241851127996233796629413711740896542034127697788253926854205792605035750743349561467904187231797790883015633769006412331631e-41
5.22202425598803022054596274872186840855719055746189452509332863437421917767977853573742057793941722414288624975461257369515363179697698609182854954582036584263708047427287714782948619040765536615890086255046700358598734385258204097104559133072266774117997907969726989008664650769584641042228747361279463657775e-42
