19 1
1.04793560887287889443996779602479922969326142973857603334347913833148424254527316579723395773006856077781463406442033034540326096455621649202180665353477848237869965845152659144557626378427856673566128157881768214776011802699059688642640724243939341427573845668549938752003150295354149915965616561767887666868e-41
-1.58680687130650495309720738641011474122329555007852386031800525279908945326705666368201743462520547333023533398595098469082756937554293208733235849541341625077038409202223717356802861178415330539919697417656378349437892588713504189689301005139177020893592050844224881779603994249649174381563791149920308615589e-41
9.70157778285541096332764496784097979772537328651411238170696662542690807381189566011410176395109410854040594383470019177465062620681482548851492495176855128668866491899604891854634525092829562824789465682220334060566879664125088475983182103303774780401638484497666400324828858980974301271612179651869262442189e-42
-8.28800662531541364086576317935747333404427627377476094930290767571209371617488496780087476330715981721288511118345463763572744182554717244103542186935069682987520674796181987040569705409624125754862038656971501397429924972671547354192946685028617472458880094807110766904628522757608014115685200751909716875927e-42
7.95514652571151142707184581202121621441051393997554142983679762890506428111576994366203360908997630426591432167407989777961556557280331027702476267303564844022069565549420421017631192539943720269130896944160780340407860846030163825268582027714343312052479186895285745573357428608023880116470840026564033264479e-42
-8.20938344162513630564015296396090676919157006442709858969427558377628665284881439141551123632403025188488697632846723673030314888608500324078538973020527751898491973382310444635443182462607291777769186777809991864800854171865549863849981618926510663847125260335546840986690900594632341079553339283903744786205e-42
8.93650582267961908160248368687377884538861332985960080895726514045112902507156312639477693023419131475299657679082433410957929672943904522442411486333038030628192076473839262241794722785866759182767649061652865418362722325957461514036089890100206116358504542680212578514830002512379027854909920041290963082047e-42
-1.01395679503308275075174240775344450670065073507206547388998521845562262002187339167197999725471256103523919882500544845865614918493179213431605649406878771689103413766466134743753852168879716500627673579930555208309843901123908037999890323556301681914473591068561683286706410996375954532085857335641326425028e-41
1.18745996651123671877191592907448351781416875511212756700714507504033650122508777477836188895516057644464276617370824387945231605178502740408705579901445939431956691841050269865799112956921955394186783392921389232285852179698017825203246796208691541594718647677781275173290485912112392529037900323586825628537e-41
-1.42171873101141264745411041121525273901782346900229060903337731230031312198319039365329393661924434309609586737391402613581730115933911280361215417919666256356275847152346429599898047699160028233841077882279968249209603130553972609468189781752216448246799065045107516379233178177698095766747945079713460072941e-41
1.7220439126681277306637163913625687305113023082987226917706805537674848414162357947697622740055150419111510904478634749420326270736385494419152334210834239498943878693594521229203080376271020965399207784829765446642091145163692018853427517883403958052633998394204750913461785050940605964287267562986060954854e-41
-2.08410264665846340486548672389861589269159526358602185602428405030831333958848396183583288128559915225659746582957777456817792876287409187695316550301875811283655392677354172391584702468936316332324629284597481730769474873791428876604939140624624113671655648283481101929270667115862744899323737026071414963945e-41
2.48151741262617600093767301115739596265172438623548686993597429124112142599134500731188862993761391243017113058879962954837327544756322501084202344974997344209513787798508950955027339334006513103706217811582869829936020229265502486283004308578505084611299167546471511178251256909426055516677484575891434205163e-41
-2.84885300763290932956047900370086370783507258047973928173670338794797602140792831956646212993210256793937450144258002132201336973460470734237340416304609958645262460040701597288631514791704635194431003802510342175847311902515432155002629682002275199832438006462408227662653100892379884024378039678538487428135e-41
3.0673846150536807928756629471865545547609207669331136267571908837483167739699728855973587658317161331910192358688809007888180122655290693863492344580656415807848200428785191181173671431266647258015658947689722852364932163133619080477729403098306584743749922071580899450916999394017712942511609751562300733389e-41
-2.97529960075139152837649221140312700443725012586582283809794413891923516624504640512115556855064366313387563181497010553381583906924546851112134877187954571645470030254351028720563772304649963806895070843904048686517114599845822081722048391026507565398182772658392711059983903921838791449101347677098005485183e-41
2.43886337032865838602647273452046864104450604797021513443984377261572869616553978345834574992891466178928770934442551844491330090479176451773341015806235257925899966240786460006366076334807742236013649253471534490132411427161891778556199008633895172617569661593257127576782392282477310180353786513218330171504e-41
-1.50261914691417266493634565913182118139113735912354839862964442705939230999256558235888194652715022780970352722712631101831853264469760340086338123228350260354382528844315825037455094064153360213839702361977781920903104217685696778241800418002082073280387183555765961484824640261248886597154999865396160681267e-41
5.222023504539826387187191330334121605415890626084271965938896113277328817555852948533908387759230665727944867718726546947734059811837912423978415698253920457411607862769827352199861663187102639897557094597010310019761215886689692551983424730496723510342217658864245300944727869205722504944285692205717298192e-42
