19 1
1.0479354030527647217516561947570644653791831172388076631628503507833813978355315270110987130654295193714819010966756042847182852226815113462510451322416866680024545139045125570302113232293110321975010592330803736972541474244222371481019893415547485612445161833641216438680002968967533666519860094406514568124e-41
-1.58680655962805382105419170950173939635935412109788911058232833947866896760374340294994827122967971843271735437756812205348379399494226141650566691662627536959090715323356410805854006754982522950213165564279052660725090540691702564616259751618952259293557517977089625384467571831300909667919050812552912772311e-41
9.70157587663777467338982101035846208674425490495313002014958796326606269259599537727302525274640806603364904282237072386168389403258395473507625711691606608188900875938961132554749013641289617920817691066072431647164315994892418924752095150479899433567501019005232640398428149717756277060288849316288202949773e-42
-8.28800499584900255866161530950897099952358362905118721352947543900203039961459317767115310768239087699729324768376290720345858492538096257397423772999691675961137432660504512950952458134062212959770079478697696525964336673849315960816680080566114132573135236786735395298963013140143417483978966878034285741739e-42
7.95514496030800825587660244458946585691974686398945949571677087870154384131612591568687682705788350468813016137039114077258819567970832753665482826919865974157149650235275659999562065847110678245183835863923501287850772911338207990154285639078701470771760326144550039870489380915481123410924412676404963245365e-42
-8.20938182433205460851073029544749663725308274465539507325700518951464102367588600548337000071257484377348837610063963314540814975318208573255876458024038413559294322248483644077333767390820659364550425964654085110265152924559027142898080684958540588156521723530358349306860312818478532618474745199726500980866e-42
8.93650405963676115615269070050387548169939925443266802660341208113370313190484285539210551406986928315210870330486305369880307175929286215142413699124389023776412135561847145459056147089377298477230010701897624284540165407860310476924166897377049999129569721600681758128877474665700169397386671126892635222093e-42
-1.01395659465607454362717544599830753882941964656960767717683395114130527409628608937910909692334933377604026746272755671639247953974994799392653302963148999139491345332333299784779042467958793912872415271170542706698211952527893768239873738614388410477635516487650191103186689457869240774450616832261889772532e-41
1.18745973138748251101214262478903039943398288790449791615300347902437925879804470483693277492496080549798184469977227165038699734963075745126630919615929313191584460547053511148811406612483728628461920150612297887439009310684536002376974637813035835349616427245541872595298061516068301692395294173613239649204e-41
-1.42171844887742322336027837474513825345476848846377522318594844284584311936472356205258948346987502851571991699577024821456193885275827200400063550857874085456706388074729800745094567176968412694933781260000553865750011590957335381730556658648494918954579123825210072306833618226228822410339018386549633752677e-41
1.72204357008618043401612375748386842025882591718586972358831465161516761707541282605523459547470096188381969923090741553634232850387378405739772311822975405185353115837039928171230924127245048182439102939832066052570837489795228049672654068051083309519945888408447616394344338808961176899945025761495348857966e-41
-2.08410223090932115329742171191941966901488048605923465370366120183724208152688338352736827096121566019760092852795751569731472100636247926188097537814585939666239370131366502688702028169419938546932382275096698836585215929086222058797400085151989318956334464621257782220097950302173581421318069836404370088802e-41
2.48151691610917049815934592286879306041748372660823108570943320355088286608332917435402616599843293567117360193113812001182856304824509892587876386274574463112213127452691174943722977442857826840105189712871119645383106115315477672482008586084237800490159617063588068651927921562830591972770415976927058702147e-41
-2.8488524357555494278436680691693350717567050851937371168273058131060985330558041468297210491496312236610306867682243067534991636209021171538879880742529516806206685884701066467009660437268325982228109561680037263067614235498070471139365930816681450966217675569783524722968870213294751012446994729846167757322e-41
3.0673839971403337909228895534199988707080742311992029109505064578243711290966976596755225805031967021993988879631295041377317585321873819275208869947669953223255844559436540247542938299425604729805405736789161189825494721022247485524356499225008098641709953279162750941385319270582476042674717530394997664038e-41
-2.97529899912654316544346467157885236624248756316115952159433328469966383936508893664523766358767484639160137494636346715399456726972761936913175519570760112671438076093321036358872250330429392351306920070393134016263829290866442374958688311934699535242745000716272799403902386365403786368608915008868890986989e-41
2.43886287519067531333684365052222132448124770130866564643229822087027372059026367076642805005219569428577569413855423264345677562593142071884333792990054052633914572988549035105246068387877195313897688696308293548823712303088639040286039427492684745029059097084389185370617343641166690088037591635027120023904e-41
-1.50261884054993216252810540638167282262717987457110432622115362179275064007946097163250019701696963714415256042116698754597000157100150168593363195723058824862921922393202855131027802566392610753898138304133410649702644638560641650685025268273378848814479236872265654030635565323611964820749513208426435124031e-41
5.2220224350328052092871819462606146986689747394891864974827608085160143942474644596733094512884235115534135937014557095668712271879082311783407535973324731037286197404736442514688020930547145714432563390708297045889760131782149099305896525051002512319938452741176291751159774957627930232683095609062090881429e-42
