19 1
6.52966076349059488257439211514966613730185355796463435518210521361420415734082372749873586467660098682929347332618901160351138280431414319181820696930459708093497593609583539413415507050009829571163913291208958101984580611376005331044708117855296990833464498951372552884410106658556421662270239057419427024432e-38
-9.88735422931477328880767532289897916702646176797108467682759725907799901896856292124294826018165783536594506236623699304844723701724701332432789241167472373828628877089763374463113639787930345657674970734892320100244374704433408561027680026651042447018470349397416756524001993502553942451424946499295495926949e-38
6.0450290586790523161152008028496284830370292173569389259464154936675162282984677242789672965275542512310599402851208965151153353838017554273209714481400221406039895171401921469844434509435051813873609850117007790529959843893540791789517695733021655885629687442565432227752331829405696988828796469468881865616e-38
-5.16423640999984978862306289435696553183769803709996783820961556756163802332759329732204202671965446616118204276664067949479496002358102867921356844050045142167461801609232480556837040897018879639286635906957391812086072772382688239433242158268202962740394839942135074910640671020720182940422530714142708633199e-38
4.9568321534443647192011110279541477702570601310046892050484474453002412526070746953060558912736220810177867148945998626256193107454155444575058231017793675960396760010466921170382839715517308331549496145567260074406706493485092943790001940616682605014307761958918295042666588940046342705616562516487451381126e-38
-5.11524661191278719514843934480928303288776975712169285802440774293546224254988757523841057419114859223649234795351265553904027569252822695952836087422212521404321140227138510881491885857708603594630416844483802647248757735526518466287125357369452985575858163250017403582770651310955197718165318134444773635244e-38
5.56831486358194145746748539340268540664263096047213762536491664805023462166963157148860810469110300102393315737199524694188245167027345472866924274599932549176222127250256085846674366945038888283402397261536300208976505478197806961511333836105306459316484182534202438856499392485532972135857942240350970880079e-38
-6.31794004144898873720223650648403388056289833694952107991034539035428700327564812779124914359863712592805625386550229408867917349398913305999386681103035693840467065377680040516296116754744127282437329430956548099000395740232161286973122502457868948606584243315300670358847221587976239782646510751988296879962e-38
7.39903422614721485746425419318136239534201588692097670461684034540547942048606849046782719727282379910845925034916040912281408626019816478641523223022277701486237069965158743206820237678984752859037203474397499711759174400301195067190271970333800123014445532540607104550630952100507572003818075764684976837833e-38
-8.85869511651258910009846867189243810822782969445654228865457069344275486968734679068498119327471265923409773049405393311977082793927656214772445666601796334233195014368940376478504296220171395192515703559093278603723592456974195988429448875597279201145625671257235352500797141959333636198840002559406416120069e-38
1.07300143710199589028277915811934603223148346348084500199262972413820225727354677092121616943025827622466963391737434699307400644539298515187550463148711070920329111039556632791211142969820937470184449941324912378517915918124604622787138834816511707012614077322000089536300839358711957439617731009586198960427e-37
-1.29859940621240535363996510025753228222450768145225242001946879983789967691195485688538937360977106043794339473627929961054964902834461583565911749741672862840355061618316904678791996152137863117059954415389019165967503865288760376861524695523126214172258364668346660978406463665974945822224595752478418747732e-37
1.54622765366929209183240399756077881701017277491995941288479298554174379099269987577081622241722542695727039736282564770691539275200015616673144433029939469626976961859932676791201812004545127422700257993459452490712238730478045839456687423659439503759018788861932305376479163187452472364600048838400523791535e-37
-1.77511366158641982203158151318872276133316279443068945741731215227699112109975650373439490371233277093214405426693292548519737811689375884460964976997109825061622887704074745689835410008968270651797104319508642256772431971924758109793664889376955872567267766802983476653698524410482925106826391299610291428739e-37
1.91128027086137985657641863056984308366393078208552564811243749587542074429128137036621847018916594829125950592794702813027439558359571567866917307580962293422628145779796361325349056640644963309954868814728964677735861055755032431335250746140996694967321062825605869588515974444571728580907268457143115965934e-37
-1.8539023889109479078946016703819668448300867163049458520219354526658649972788258416041866432407445387147976922487839148293983581856430479718879587539178644984893647725326550036227323904340283192299540680177821765408690269772496684726976461052672353588951324649692107792744732443266470616487663220452916141394e-37
1.51965026664163404987304994117556824307603334541643533831151063223317711872032461790437521729362062809139410099732928334700256474890448184992994732612438749099311682226757128035090656380900896409683678926245186177891747887591578992011476892126935194409505474542984289887906411821808026867295242353016250625787e-37
-9.36278646999860264587140168306973890535862158734974637857364038167878031550768686123210416011423377599036121602157641190132152197193212008657314614279320103119470538407319733220202398853951102930821783931290229093991754770158596055551011416839580312415986390557141608439549900107370523004456639102186769075053e-38
3.25383139164030347239862575699694324966253605551097493367262253176742184775176271852421053302435452614697085468651185912815345640558482423768067912342641193758565005435388025291956975899974105176301201956953976702105633683246071997128528326281777602206269541044214306070091177367438316898944171345498495607224e-38
