19 1
6.52966169663158259762616622397155038700677818161578660678089754858200503926876312363572419017564444806619633279181714834324247774075666716517556713763065302387522502975674426957133289122879219131269160380265178405289674495282756535152863934218272888062361786620536887760718755137160931759971902268728713919893e-38
-9.88735564257984626138935788491454975470976110625799779361515536745325495897102895398743580717918107308879735982083414444273142180628427679605306108200754941094145447586533315163140499339571394084935436897275208731579799252145601553970418937551964621891195345015418711232287057968892489383841565705262177628576e-38
6.04502992359935384455096625483389914382806519744305316343596868050832819162908315574483178903567324842530241620893200515385471428191599842850074223988452222200330475879399932022605339456512488685183603332390969087439092553472222733465662924546096322335685508201202576229273540509946672159985035969316807307524e-38
-5.16423715022565295956338199879882050472680783662606903489908639885451606981946554322694222569075924304234490247831615479089843281056063665067323354154888424396473417278596636055926072921701584590387840255324259285316953628370894666473833296280125985623616890820282109065638199050288272916721241536373895786098e-38
4.95683286578398684424249275661718927620475914712255618422627786922246093567733025803974512894605852696644509804380293126343446492394721137288508994421031498645929859941757483909784668971201567277524656647766834880540717715800095884887626109409116558838111366986502802165531703545595504767376211476144458528387e-38
-5.11524734950437371545767621252389030647848659702377664076704148398275135447881866107475470369963807266487571470475881914945074557899113911718518256628264809741164777093750571386566183971524225679481615344714289738616948140990572038460883467914022155535603359617467277195168096590454454018471731688714137790369e-38
5.56831566984711053289633343276599643790141563771215954765459158514283194436219991134657447441153590326734806857190207567764722108005396931876777871072871858108600184588985948052211950790275560973226250141627808138328930581782811868152958368033745705874866717257519441215490194277204314556308933863307445984131e-38
-6.31794096077251998034976239339943459652168863614687653397971465589773870207591674253354267888696231000775059271970228483209361824452103975466716156501106453584743997823501904533434919498718465995194725208316221596186914494024008200868699749401872458461866628895807727255402772270790656530177753389775184829158e-38
7.39903530891606759571738174786955383300153240295323879360139285426765371189168291561070235780350909103452047990992011686581555058087363542497416361839460118409408980774174647572696518221988012331830121447496954325505345400727405540737740426021621519350877555554982042725524713510371099378421627459919899580833e-38
-8.85869642124591161871152472648033620225589588854533869728247815290785734248114081006521853220072919251450066432629374326743334966140673104416137220556245132115634943235261676957389982658564445989179620187661209995236740831593835140955810468386597244864762719771838724070439030956350538858405580572180506879973e-38
1.07300159627181968436914053335436599891949885314268328315993339654375691798522382344784081084052503997563493870201671401471513192705298440300977030704904506055624752605327561641741610688893450685657612247922061999798921236346567053290332506260262930273182396305815104085694511117453465389939393636768161433835e-37
-1.29859960036997361267835872055708199216216821229856328159134576640280562304433036034207617250232766879463123878075447773811930880783315125159582635603320996452302526631902486321618056209992238774176116787035398385545371266032118885120500222215838578998602433696983698669382872121197105982082631062825082109231e-37
1.54622788684003931785302403465191247088557259985299970306105604083671906046837823346796985395788865130436026937342295553463244247080630361593002429665007802256915433044918711418651720324086659557862589730762791236148788087895568362123846254685750267433160290114851844312936783997878396267271476138900263300063e-37
-1.77511393176017497933031865739135954141265949033046492066596141934166544316147275335247847192434881536561156237983071476575513229485725614556646307292952631802745888938769846989368990969593223974685386111538488509294589691461687920938211411686318022791072887607544367109108492578359981728745823109674800705423e-37
1.91128056465623785135529645812234575795808257433010838831991479485910243708206587319524324045343940561640650184687829785109980667881635448752044285766308920268962615628807791376653954083057688684080069855366388153025122618130098677613789937125027517044398264763451521621239996281681006631687971807501102726901e-37
-1.85390267690741054198622486874200660125454646941357472097042575252724707990391943176605293747686259478794306534748874683297604357938670633439647956396387067780928544909239578289704208282152950070722973729898873137613087563560938817254629302221169300743082540788109070250725341725435167976304207405580772222703e-37
1.51965050536389819571126799587950627869659884316085785443732203864466646455929635092721907755935059380160273541786410132368534721813464570218539750546213980025851968204238247884794682678357164732181187260647036746479296392383915909921848884630978351431833115473880537285655308026888051071639677205197344552307e-37
-9.36278795820254648897220405990388083069673779960871440509528841873899022919237332402652989169142553511033552278186063225493436280732561271426540443828682081295964632434568709608149550785863608777223492243794385105365785761685038870536371777919868269471539228545851364021821805762619398465916201392035469468177e-38
3.25383191525259802285743983010513741698340278943619383423696127706492181487940995439159898201497927185747664584829471212918394546867391017480762277904260632538771705711542102287005782022751044926013918541312469267628939355101729797054801199873732003863396308844977420342492136007906896390287724343564132682612e-38
