19 1
6.52966011728958148710690831667967941793590905398867240013876882241688238711475578714207717183699035731365484646201654230361619659630895606570157878390001820006599235093503275484007135314521446736648191806683880119082391496005126301589460889527359027279372663877039986434602202997311363044019986512459652209837e-38
-9.88735325062738172884324555324570668002689400674509105939039533290713161585086667027281584387504365357356683949807788690552514747948421518757938617234898470129312917206382186180334331717420637404525817768105732184825163007003152281501057504641527927377540742327460571073079954766845724824531335347586185408121e-38
6.04502845972094068900020551736531678020848369233415065844590171212283423380332183566860685971870717027701467024475761358023254275205644325234926625888003564610130401257475479656430579160377905962668732197689496817267729119681489706214001865766879441456207221836490095045613494909680781624259513552604900493484e-38
-5.16423589739280974937597325215302215504658225915948808910271274476021960337637738746188074476336054897346173719525158131703358233016787780858602539105476165456572138131852258612605132300579927427664858346542910061527820112940221194083739191019457397071007199251442034646760593806813593825375602854120375135237e-38
4.9568316601485521225716139018642951910807005802510185466164028250915896884188884711614996961730862481728286556885217777256708208352420194019080040428453269553000779069538473491568468133569462200418357956803594657294679485893690363768663644340436471589476989604399684949118103669801188420804880024532973888133e-38
-5.11524610112999644071076309448163380225632380175124105113075394909268802829921237107450105691228266470789935080700436359483085650545366915365572498984545204581730203112556204368808852262916175277696446687017404218747919391761875623351632881362375518029571491847403174564743780534019192127033803246506964633583e-38
5.56831430524267662511809874752757361124621257062398796411678691484918500717188128990959916457200275244890918386458261097147532604676750066214736522662154619256011832773069509670825567981600965783242880478761016341765540646512017706003690325125762477364195898217442395057612735679766201241965327541504257689512e-38
-6.3179394048167718960729077206530514202104379797654057613460584700587575369605551391519169865735660336409535956112812611768064455434892928759010364374787944752430251570300638073551170243641845135525097664766272450595101577318268588770309232467796398700831917778308418268310675971919185267463813984059997030303e-38
7.39903347632906499279626741993462149580508112807503777004775732274180215425290446368661742279424673434188709866958333550534811651575148770311686432308168986315489058918166189918470441727289129583547782541900967335329932708992505713525808760004094930440283639544714352964040657942961141968252014094659305046802e-38
-8.85869421298399332418412577907527405813302602928720964329590492321084222595043715438582628547416842233823820557449814119138311564053425166611901796816522575619085315204019177248305188382581447743451749095076709114987583098238176597086712097651429026617453163480859803157754812557381387027511405411265198315921e-38
1.07300132687681206204367471834107625488830582607609469337978151013388510964590564758914216644270710086505138731451479809621606680787339113845442880692321820957212812636385994462131636848270873335415683881245986248200411442031314838055306255400223073970717586842277807791674863586577369391919606172030562138768e-37
-1.29859927175820812934576160317029609953551026808961399010393226538783368976512497012310676908011533831376702913557492082027940655195741209971938763957958843550207637606212830785036503974811087877503499781521201251932978184553142283180784336639271680144323794862755285184558589568209779114993849802751444764333e-37
1.54622749219847470986732629661672337475961540880867240395365182216759538353267393605992013720934872383158991397527778140606821669932996411866469511237920440339359325206140712158136051577478761527528259178280099162718906358756620731635283621197474632718327255365518448979063822230867142009474153817372675674067e-37
-1.77511347449103557314952340085748938990884599215445666080089516081459427005270825345121488226500731830907376283670695641723263655265638939825130759429829856729995176439383638722880974882998658866440853073171682174374342769251336782484855382068391863940145299135169190712694589823034403077236737016775081901855e-37
1.91128006740840909555271775356288025564886833868233721809683382812857469971659463526438408679970196942940496225027404907206064240380666471256348728390569886684142832099441600478344768853483440160437936827479335411128657514341996796119186608317930455377697769344696284110073785117419374304788207337706260125675e-37
-1.85390218947339998437026128342454047976950434233538837002991306900003519729798825953422068584385124248845388940842282984596061500996319556109264219174547000687558192702773966919829972906102802254084121444130855714069225606427607399657650560876479091394088964285549105970161188624968916951314175929595811252436e-37
1.51965010132649719267782067674374577585698821412540568277037094724192450913222540257932171150351608667002337655520151713235256945838885969356183956805784131330400008611336498737386081202250795851673000705168745207764131873506991829973815629699402114535991335690884038508999775591392890560482080160184176429725e-37
-9.3627854394177537963759797060175681525979180987173943988341263054594275670663412440109874837629786110170830124145999180549724735674165394466683687730025083251309454681423157576140321199016320706080895685800086842633011427185286160742372414481913048958905583706429727032093764112095385328196118404150825952381e-38
3.25383102903899280686815360721830646512741158467409156569990221368877268501041430236818504915929385355466175966207043070805061217593860916149186389171978140204727145207416759067013661501497316602354878277670406313681430182395021980587392810049323609196908627023558274165627951827331797760374552082495064319847e-38
