19 1
1205882261459426845805.17960019717718797946443709465269832644060823370278290609484478976725961851022209999738475044614362118901873815907592704532874553961171637637508401302525484733960244930067376588205511155011888631694731621856317494174225673273685928544903925032891984537376790985845941234458733806813419323
-1816896539373612208993.51186020396246640790277245669270661268280998476256022271511318494712325411568942099054276059662576596007865571810111393574584110307078906735049624713961181988657212060215468909165449134646120137668439079355716846672144130891785429608790260516520200712216455668786203517426279088800565105
1101580413535771091555.04626579006066182217433634757182351018287738229242629953590656685671945182236186700930572002731354853649604268065671253524612273206644291490037398324710027903177507036792769671579056086715894806786305660230784854354169054780069676442338418900542161369265102741849110992229730391319851966
-943694269364725998068.892778089140452965204267824325697483178175847129518187776064667505803164623696949964822773419023834224953282836602404373958548447349060010931044745452268156243384141609677407931142388246542838222350824667925602520584123908912278022445813990114039399344318524845030442433343832810625398627
904936703753912247232.592634467708223194109638603739401182469724443372918723411646510448762111895839374284594691297672319879196058091333432509162918353603329551334713954829392770355363251669848358560899500253122129950903041721373787168481468205440703631281309215950005874725849162462588660221443791517844624046
-943992592622874287618.330602142383562544639399172583498963553398688618573353870644005430461366372576265426819365055104458720976641121933697086885693084649425255615168780046396872234140042389549514976393593175813480882861205754599431122781107960937466621866370425277304783883600186274405072229716241987514273712
1031553254003409615707.86817207753681369800842489691168853498918043409048302343871193611467144161303817496505761113718353713761793814767644732710538845791315714031697754619891457464630685591922008710111153367431985448834389600842033915069952890959655217758583933423453931744982524185066213444110037374424920255
-1183427714316022115476.42950967379269171064910852962545501247057449802654706130299552956617947607956195956014254914026816599246090263981813723088881355791356734851409803955081699205173387946276532845446152076664817078447171141112679695472302450782576233047328900195598546052583113922708445316445191976970657272
1394735547323326924487.34775621545551121347318008207309737933742140356113690514093016517592913812099911742894608085958211531340694118257672353823015399079639123897902968070266654832573385498842622722693954726350082188192349440236627615513120810256131536104332855697874771249683770388081037271693223249936635516
-1689179716083476133353.16575552776859201379851104515224028662610450205581878972229876765028782979984085819521058707031778057345806350804228350110856406223548851784790074811544806206710706470509033350867439567526696308771318187004386503419781111863357849736434058164042188505916375187870075739488210544311627728
2066222630167738827185.72331206850709547571990641759917331102921860016813258616729135855840902536342723920421349017520158127845385341768203471965611900752132149874105995411279945708965341258027104260977678479099108251417472763733006829051348388826700083856855292868825850773258804453245348802574792673616777041
-2528697460516536352881.00822325651164494993761887108312951590062432182129861002200602352214619110051298996509491487571122484665144199027851443137039513355505343022449241321456460349402357952327846572895070190418762746774792474763639234024786793047229059155288879289931628768464450578420417767477389647175012981
3056605498108384068727.23048389107681510969811043342347794713903572410009158172207286795363925310910263766024279974174274743363644352596723142776054311888073070380051437061590584646323174378251326993782144808982124508517894309369341830992773568747630259438774877935302395351282415139985316415789605316857120821
-3542912863769702995500.36567833392223230381073470896383560931137379323423265574931698754178350824071522903952705726588159764972965772590650785059385451754481870669604867601429020024903304865331570996014220192515301449032413631518355360417542110412610263269527598200800504545044714630964027660415683594130891563
3913891768694634874615.04514368047667096841128758328864011374491614575581051182490902732953350603740098197029982015280622954703928661601851544019942623904581481816312157045786316455623518563008147009069473308462927363995098783898170088957346879426644766201626458882183064271357677985075523580408072331849894762
-3824962152489898630351.87754030837420235021603864536700899043385457581129787978896900148484144624738293339061770362685152817243592484022786196775870487420352456446719605637767124472904482572166584522828316721053561370979432757698394028489972625560912599019057234286414985344817546872976924879314187561362452245
3278211695841997998710.42869856503129318832597505790643890137107794138124390002892835338694819323484061766434064446499789717260964161432827899385036682111834417994603753181665066676457497538865661782991775440250716528966754638119540709628442012005410348990163657579054870062899516527200758601945940378471493788
-2061521873673070423651.04111884666198477227572744956527849610093897015982569198319769189160842635886236201820219905110328160446662429262424928070864848390126819921675310302215992652742640803016857674746254509527443479535121687796902794439237904693132043864878906034218470277182217641698237127145153887904829478
821301156834283855195.494452215615579404334123063956070476015032623498346279916770852342009602659115901185372819229345640079588582626111124330337608161366742560538589727101494866914026047473839269841242034896121950020080724210009747766769632882246063458747699346506337059147779706653737070365959855637015659542
