19 1
6.52965543594530825890804025800285625918463364824483872689761754229514045710038214517850068649034262390808639943514620887259292776853674317280421242227073390168376428558675937332285225750921331885872723920182017116307456471291766981053204706713014015846088903698289594326414704398430989784839596509327487816324e-38
-9.88734616061596507726047894113174211064368706815848311899963419679412727820711518236870314749406603524942359104552580968273023487722417338056979481220882470993453129090813965127861637232517398999498115661216308964539552071065535882367532716389970872017519554083474412021207178696152754337589870347401908091255e-38
6.04502412062386099953157816744339754198846487259472019239083610406220895794638953627502686688166873820314660196948153074126173533681975100036218773233938901273036640401993896324724835762094752022455347309266370079797196314531576527402159929664339590391838770465732721696006887027693637689524315551999662697081e-38
-5.16423218385853221066110714148639852700910131744022609184362665210251409647975238182060882533518746175787516269742366807235172467929707391004480703422987161423258545919809601652989835776318319883492321354019357864910348128560404820898317917588069426122039147527377141083434968340249704529730724940732569754443e-38
4.95682808651321160767245025486105156590715477172791837127088933156216015194033500028588946795642518897398165354800881735812703265870099961599522844763626346478417769100970806739236811104219414102533869934923388174436378127326076791008628340526763827894154733187229248675970231370447505292824019528723390123695e-38
-5.11524240081260158499570972188630787772905980703302863138668971397948720864054726338811360309910814253501546701260878000021044678566841710614422284467458779052926230396357954992410133643793823169072657216628467587763716805865215313074609684291679676504595380829920162981969119604086051016076547608732459438608e-38
5.56831026040789186421275218897268789146765962133835285948078766540026731548772527270711049230068411521247708952097815554079854846065695191064560251633579883953757277523951571944657879743523652137518184029322919708768380210593851143044202268716761641256115819657679016384618888045905264195170055696941118580112e-38
-6.31793479279757340173042104902450864195544179040805881931404441158190525817750284704610388616737610422380057698117258670475104594925472852547283033514301014995246735003912011387458104315922806796144553662771499104588389765616346709035366193611274449111811419521304911621616815382730711597841045404509895816712e-38
7.39902804434731783455199689974814636282264815040453700569215216856958793665305572840453919454337096521450146766891089822859868410961100526728449689893532108815154203278994815714710715607623660178967991019093147915893126525708510264762438152804590039051236490269265020902100059651755223651821914747289365521948e-38
-8.85868766746485378190325550824021187980816837919001632431119785968629245917171251099867524797160317042938955160912662413038345191663395841259950512786888404577395465284874003889896113772912989767027216165660765152239491181560395944842294396820483637057932481392226475612421584631786438983948331092909891518443e-38
1.07300052836222960439701719836533261584654791056677686864168325924551268428628677867837223932265067699812581262177089082662695142712170393971283419504921409246972431347724879187270784392559220369739639269715274797062852163326810266174309652997007260892652031859668088785002895288886152262720621872870189277309e-37
-1.29859829771955255169004031297202671873661757413803834458578543726233204897887223701187284421612385058312340341005364217419028961394687941358344256147167153094765785411970659769302824188315857902533012424839390086198314905344890873000977772564188020139454632907687414047992527771485154373032226721176856185402e-37
1.54622632244143997600596807680396557947611993175812768027707142327515757521396187244291202198356050093110835395783875347315921444238921954434892778379065642948960669675602305680803954682230359914499935513533374972912943462246835962460733595544845108362263032568203542222995882150010531037604725664672486130557e-37
-1.77511211910042063244719769351045388826620413163615154041985815264694800586930238157130966893060178533702816280134844881832501951406500229914921014160034828175746279320883939796583842848844673114415452497392339046630185083671288605072728939614524307485059726662701275027406528305256970007860144918772472096176e-37
1.91127859351796969259815790093761111624313267510414962164327412961358091704076607265438476582174050577651300130989495309215512350824720943791367405223189907514088535219583808609018469977372148426382785046046897867456475330413047031759957893932314294358134476690636051617930137356510129776762917715816425197461e-37
-1.85390074467302898841063743084287409015193015738894786830587263626720819682784531403699523911100496878294217859993947202214177165332055930481263664003031445693474200488047944737980934389812895587227901809784440154817420548387863003001555689273266475419056516395665961973538451022876715997725956870377926364108e-37
1.51964890372238034409769875284147432538496825420245396723269324986373414199804166396485740059940360903155073378928735959443922424261843938965794430300941377883709718214195759943642122796507427798651932349723831592192520712052271888182142493258703752124725313222760359070212619276742588088733179941636836216152e-37
-9.36277797351279907514577252549320149981430200421252539306211061881052165964985086631380061250740173957942362417134309719574846557669293739567781645869904276989643272016823157043273640418711363023420317964570750740009070755756703104548386130559121720629922285886318983447814276861389634434822331963289573982189e-38
3.2538284022240484561358680476254154004622676314479554299687083027396007392541958822586198075011172119643000590919026439712626606766606506903745806774079301987772503379027321854785402016058166826122887831310217484908647427938145114872305933684567249677645906546708563363206654042933577905039454540194005535367e-38
