19 1
6.52965808573956397171865940242317450870532704213024192860775617778616917376213356163287770410502695186994010525854894794090453887296630200599689642916934930963722414748967201619830018665455310605417048031940544305127224672750845501494867586915937099874516308181539571674479156672116270156851027785611600562764e-38
-9.88735017379473268106389049390991670615231320867647001335346803396971484728538614333234412114139227920284084879484273116056623942549112257463262867894814170434775256682742758083595022521411979415936181678298489167254526641716965236372890301710354914310016351840953545179460955752553322135059859700580269471608e-38
6.0450265766949249771276289560533886900486223934405105293039707153796162670993631409498017060970994857142081081895452946485292713107179932876473639577277537916947753980452498473194101141315642168712572605015701493698192853486956130409677360937539770720680948690412817705986491765539898431547714362538250794792e-38
-5.16423428584047746670213072935594431455866543663948639501920670278653615409077841964214863849867946879837917743493771850569290010079891410395573396488102964114381296100536632990735357648427964879543829380215157520044473702938689554982962961735686342008680218690609689805855869636299210954678426137182278421986e-38
4.95683010930766352186201566684864912411317103300916920257916338930528707323223944962237133618539073832898959991610460732871340803799896368495125827468608250913106019984157090619328031139182671410864589436376692335078518634008392241471746033789857728690151256270137383934876922464342266460668980203574048079717e-38
-5.11524449531308217680999510457808260556039507780529708482978295597826515179406198354207001514855421715090275446753425291529338581969383715929702743314423173114415733717838745265393723600682125155542975957573440009737227677887403154698422352252077062991006982908600261306977023257354665582490137042218277242602e-38
5.56831254991625600091904214859321158400436803196728786298261995162908419806935524285163656939546971698218104399446044232306234868941381602370431240555469743480219947381553168286920027673159471859867037401783512398208809288224133787446314272303259883299248129907241860800614171074495778569516805600574740064109e-38
-6.31793740335052610462492237295794661689405382932209519578129653825338811301322980195490506187855245625302836356077013032630603033552183370905147390727950632772358214990717408393636197992031943897565449544107078746932304978810212207135636122837416552367849753294305892346152766888056432141273168073229333859364e-38
7.39903111902537558067422967515167558842948618601644168868493434615202732088433729793946133958331014887231731635675369536254594721358262717623322790377233193848742804925240876808696914508059569756001839803801184307820677733843718879112634157337262453809472142402699636865069369540803334214211450198767953482999e-38
-8.85869137244071831567415476669391694215592975309627652657276177091032960650795924382923009301227922309777113091653992154400244384810762319276329164902338051947629741831129061822459595884402909724069729787476283446846216378382140741461047877331198439208218230789960333096900461491794485255080836127831157968868e-38
1.07300098034728016471434033077055348178832543747554618799637991564814813389884669155202668106861855818856063942593945974382510805241843274652475079326342465393948305785786497294744361107840511128020775888911099282673003379925730712491284961766335707184620414642110845138063509067257307378795393819702363221556e-37
-1.29859884905680614703042489724560684459481293584103297366013471586343158401438655106765426244809356951225014682578156688249161210669159080230251895657351140247088086386957728070735486881125130774784953897519208151484820150896590625087802825660007614746693627419078359526750963241107539277401947797837554397946e-37
1.54622698456147997560586239235563031127027323887720440033650358115932985257574604438981910472687293109443865363663138971000007655157831542747255854857360826286290197754726255923729801699139813222108094693815529799479534111804586704436999364982604878316232651521045258588318878888951075148566861093811088979763e-37
-1.77511288629487797587795888250939843355779744981692059667067286992987565881467709492844190274962556083301060035746971649660623969142978476023052362377576016571747689399214398291723635961094879296269363927052121825054053527688759392460771946311703582616196419559774229838138718094547069627769016247866950493924e-37
1.91127942778694698547125482415752573965021177502347355395848905808548074612508452574700476506739165622242788440874607432876174448950571383248452381918183918776213820455213769917975610621256062471228461937683456490815423673065917167491070383293944428712426026337432555167414206069228906128873249666929720097568e-37
-1.85390156247592197242703856200073351701689756835661141994863591531501337840967461945573347810658229033445740937770999528983191063506141565613801803992109897925812720281930191161265079888172771606323602855699003959396825057402355301383402291058740269547566801882190665580889344314108745916384053049713369420053e-37
1.51964958160418843136515474453012894943860898225836767241690139652140553803754141939235846402531030131049599798711768294310367852097389703798011842321592081823665753179258650401718498082609558290414441192098857373215984127034578440772473351250072018755188220092760369963281676397115941826200455207739749214466e-37
-9.36278219945013052022459446800529421557014195553193478148328209669920333668825824310441194997726799081872747968470714231459670719889005306105950718458297240535277965842176348375154070753880823472856357268569863941410710678009689821744437835652412407730315762499426159495573014951693143685937495207438860689933e-38
3.25382988908366760161426657166574530003121932687512565910086914958628362363314310130715479704463914905077276937862877756130547077605168890938090547794018986212077015011310518068549042012469318275812019520030984620126051379158181310042912404071637840001356224874634004627598973673530296969510201114849808354183e-38
