19 1
1.04793418331765218226967693758509852617875415622210257241945965961241986169258723381331750032097562564173475188903558514782187377042516194809576924608055516713131425322260430783295369584914971933184767560988975603006256428961728601681433230251700129923731813828360900364853512225529226606386770288565137403788e-41
-1.58680471255323421408029239529715215254833864275786654548774996972896141244384518317882723341125753052783868080599067942207035835328952607185864688282699264947085293297205176534564187730825399613075673459619279204708637399906847766588538490678632766430330030652401104106538363633461293230375132212953330632434e-41
9.70156457997429061750695515029252019429271656913806376405669941149946986281938383048312146928719369774530040757378571551627539628867755586117339733792353862543123213369065253374245708760147797876677995392081302558194479455631349359605486834734676313289826618425540695348807382199700622363946826361291899196471e-42
-8.28799533927402635883056874207816037623826677178417674353171054283436756667405852158183589141299546385757650430084779388415264094546778046160663176028775566698212082294162649074977945772201470874009288258935297447683289088682766506077480431561864557942463276473703196908517189418973733719766642229574413272166e-42
7.95513568338399083616136061411574596502395327692519591562620930602455647280786064262644476837713798937626035054537635118693800517493225067983093865290038683008407680888662296204313343142717018812248288160188530862555427559718617151771658204714374943024479153613704506268615850684109867858248344844903433100469e-42
-8.20937223989920526076682244055419002116282811972249426625405531387888820257533897131008343988282650104718913413964020264353924844213971922089109134061421160307323013526568702388132102501675644382984156901569410124905556979032727477076161269111987533328494170188300580876246218949460625176761241402779063341411e-42
8.93649361145906699765485147939324308036931460618503791943845995715486650689819100895509137066995142870857783357606026857890839136556539490256756699761375462572852629532584512593373903511683885225171607974140526324235163615556797566083556897986761639002657948750796065747816619720119198107331672038181177895853e-42
-1.0139554071781172923548657151265384617096084232436958073983848057906860975669897040315929886068754934275420177011448174347153591713188217671463856011864662391848776692288211563996281775198615075320675805918343761459428156239454545094586565509903855973087693110856321135557815070859611176393949838124449029736e-41
1.18745833799275528442847475885551441395757268747771049490102756445638801375840329436475386036103856409600502789719458812817659250226287371163152063670951005538243433706480094146379840894544431413107503416977482636094374638697750858705439348256880924580152578419829466772674339975446959880235377107825560608798e-41
-1.42171677688983211081656580538590733036264274871492981705078202065764610575501117288191691193986252721337299304996083105359727733727675692535272287664268570857212344205685959881035627861109270685132135381733077063713406078469223777919466608694527559475409196545471940094363115089532888252396248926888826544127e-41
1.72204153987087924334324441275000255943728305957269777638509228074489015631854204002124768456591230585434241434161900629630866877920078929498430225383830232134124684431829732943520218379355871305265229748389792504613909214293992751455195416819433378639806421559448932307825677231082381917040498123746270692211e-41
-2.08409976708937935171250498917449267928860374171922825337722824128346055039909021945386733130111756556493446205114982793668759797379703029738581201506015310146963286394625124507344244043791536464187117897747191430653984975246726479623353050052613412122803447915036917919855016745446559924404988541968575274865e-41
2.48151397364142421799354322277033431668980134308682680316377482329586499633457016626168711288500130307652427204158540341999056182078195045634682886638137464310361427043901867172845232893035886912349197503228242343540890091311612382606555086368883994350349327077259964950017442148328596817938202053855633910951e-41
-2.8488490466861293603289755058107221632750165473643124251017379963536438199795193023809728918665348433347888334867246278106244885713817744213485139225131759467577579823449528837130410240459791968932919316110645247860348235052911220066732033131271157189940458502581183929417528359514731582096248582925954434362e-41
3.06738033525185974482263600956659097813102371636480271799218285024962020289557346126638556917228132472758450268523821512133027501011635672268751365004581418877449433510242229243864584256627537971498904052324357918623980333337120862466894797838045927293141609471426475298105168910549842344249222654593021149501e-41
-2.97529543376745469577734088357157854987961465061990651882559356289511359412723210842227468312951249440432533416763316083736195948320433203985499798327777778013990019942976712876737816952407016146316337420396229796227663204373780061806364683943734192052874485327137101732656332465558347460906889687373497750462e-41
2.43885994089598702423646021700091488054803614283792339595738130200348819370078267100372756966294206814797343017871332040139244410941574965503447235172428783920380311976224875668220107863762033491499332360900744872901859114827703417520496106254743281049918626987789646276284715103769515511562044566197382556665e-41
-1.50261702496935785850926189007541160720406637844630287697413194555730751242703588261983014760351969769838080066862007283723082174569080472771386179386932917411651446800709187129248063023844090614375204549300105802960236299064890733150006635664635820246688468741783387971225593918873844006887812109667271584816e-41
5.22201609690394255351683785549309777752699044401619785022494480512672313750803003843142423284093018988164637139738800185193957628526615547166608157019723558274393399292710533330440748759460352506243826256254695123061548728922189110185586906008819768471770995932687003663163515362966078174096108078264672143214e-42
