19 1
1.04793376856591174932682600524312827067987004454911518179684430517957809635807305751424655519412756956887795726933971110966301178098344683294076413608769175707605691812343588334193724531279401322194859158281306917638104700673890953851937641512614766163453586889889441903246627248179768446784284634641190508479e-41
-1.58680408448449427846561891927689797940383238401186587329149504990035295692865844217853687786723925718922788692328421710279434435501537773676137595350660548137544520776146168077222872107595967703482168319846454295778980520640878005946574969630355914314561549720834235633600722097100792631324504568268808329808e-41
9.70156073872158096549050519622865988788677679628977814108800701621220270033323348590717769355614896326259059674782961259721291572101153951105759510543980874332111060434849306413424528721141114818005289771372008933201042283083660131472187321241131244194196475593921298929840764208939219153746622503937320365603e-42
-8.28799205570765029164942169117122071547661470082804046342653527979803653154943124899063267786201486031933377660772379582979535921816001604472771812486895331820199149367275300797044412580787744806264371471878659344374939986872404567527907102036387119872653470113396141259382356307653504465998180471910175338098e-42
7.95513252891200051484027338988682805342285395424206016634957600005627089008512632518566508418953320320173181186705908915979398293562800414762984926105468641331444426138345144757816658015195323858718467190065016388396005798463511252400085787571776949476812137650429969373048769827668718696923695952494903783177e-42
-8.2093689808637456718538093935794036269259850583638003500875176003150034515636596182423504783039019658136890715269993805848678308471381924190596866044461849844221001110265311506949080359055553673432547866362382624747682340415486345662376355478535755280188907246715996246468864892813364499594197274269196254205e-42
8.93649005872086714041702460830980569385201981011884949403891791557405478300865858840345187026743117711494612118944599969488451112594310801660099879727917180127903725381911205740827239348553088052732955330980420370753262175753994860128526321004439183764983858272579191458929206109102557798445151809937338937242e-42
-1.01395500339496070728712913277304872687690426444556345714966944198948400531613676401149781171705458296348320411058937061259510202772739150246480858497305464015655488636552877753135161391173251051005764642459618187786518081104053391144591038485778340971521514094172551554022360097440340150568669553490034453417e-41
1.1874578641908646564195542479159160648729742807513441064576614388595526115050325681120464034796872275677327549417570412458779152555239391382543614115754000773715332011525886101031290572917447945693752880442177383261645932778542349656100166945732577943105564114596628805974922886445008224322169331091674092951e-41
-1.42171620835685707830680933758558477458389200321100264964337172167082773098736120136253560622246033142012033036251868788002272905858377925680734557757007950681774130113940580861923842264881959192615017589853000068133085739244301399846259349934395207093551268369760496300935073265455875507553286598321063093125e-41
1.72204084952826007371491270914587715580254714660752620830190895080984736856472193972299272534686413881647491422322046873406689000651972880069181242244010659493729612680960580745721198201156807689064227599600181967240954823414511505165445084359296804280778945196067697027570049932655915087949678926307356320938e-41
-2.0840989293063985222954192631257189604924421716191469872179044005841744221981635990550102969712398604674968963307822846271009781248048260415328686779016336733719741677479623085863087524672905283229706401277463162214175313443245081670526413610183535989154441965352485723314555195135071337792139417669922954042e-41
2.48151297310188682508857547283627632086583861626177723458151205691255966139948336452193929287651086212205648306674423850546678939211728025610322911713740292127935077105206662844330216947786029086533600489416314762169620600085021692451272940179065546497132441005394398442578148020260647387402404264394054180115e-41
-2.84884789428683688326471794180837730037216281375996694216373589568328897911355639897136326984050369708317916463468237298103446752919389780062507919128479444141935185147446666078385110753663869635145767508137790571602314333467707628420489793556398012229698787135075475075410023115029088011916290424926102885021e-41
3.06737909008485528873134349331108256765350929492677551233659256029195630325745733471902165212637079072461684217586571003838766364720461213358224856559845255172717939103687060758789637666256024914371081477101888423219839335378663583524784734743448625027866761915597192988095936813563192311431525740988498761678e-41
-2.97529422142381703196974258595400904900389310663092659776533071306782018300241694849178153735532070756282830268830211115809127941849652549573117043710521081696832945773151055155049440389257857563078346895913345848478488635239800930581795507374473295838781986335703724192443232976214436095440892508565400321334e-41
2.43885894313583158165555015037550729255206898262428947843723045060366088477945788806847991590015463462318264036706087814879685731222822491123234222717235855396390409280931101836268733525919526035247822524672535370724425564407980718605939324742193501816649164100699938831746916492666584225361349916244941181386e-41
-1.50261640761015938179189688315581817289499073258713359326357584807602717773850222792296038859172934909796495194510122518752709895501288908668896252462873930263021533759092611466308917435897894634459687816315326458839727402723440435492837950672265057632536399829455273640945509151877874798095374359963906932009e-41
5.2220139417245510235164618066579282130116677961290038522330741151025805264213960231983250780347602969405353446980814659856257365865116079032582693833248475494106120878336512257724315344792102641616989719513350380643815871913727047272887430526586280095731180833397673374899371084356912501705029469249764287e-42
