19 1
1.04793423983559980209468362499876557523173494346392884464669489644040559626406922983711983904439452766203587250074041271805273625235467029970983876874997175397299916012748286046490926096478094003673750550159021100006834759606799543339212630953976762700046837799070996602254589684264068766826138436912360560524e-41
-1.58680479813974946550762327276424521772360303867719599379653593439028970884718220434956399858619986821876089824355006751770491632597252595583858870446483460011058074545738296063142754902753448265966171958691501642903914389306726423072684771163285854430929169400750758062368104766339974549410319476312358685648e-41
9.7015651034192788921922359917865325644665411365150955719637694198281005011434210591962044894085532603407288260046867989131244659452874401114893207608102185297707490058761719410651053224040064607107385212867859791778624780516449166850646727820893220455126684789384818097440994259933714091717477993657087427611e-42
-8.28799578672346504548516532825140405357103717014580504739716173095039922269965334663583001796349687661230469066057229969638084400295730751378437856514039478346872939640841904169089037528833106967059859173541467291102563999659836463286075433811093083513703023139154393002646155345033696518995347048432159959435e-42
7.95513611324182416848380639784081446816542228387410796616125210233690423937938354779821759935549744809365373772413471775192013979003261794594902565706631924761109301263547559328225272530232336714464485946890549425528604313045623659859489799343023430967127154362415978778476196127644729937370503123992843907429e-42
-8.20937268400583681747198762057360153473347013095636100699545653995404011373661767099662085982894888474193492565418864156061569240475792553868142375445626780049815219113985977450671384445195512364968700741684030747427679983465303207731151858113750841701550086176944526470460864379098431476088750333068918936305e-42
8.93649409558838261183465205279459492268571940358937011621648249269809904064876052232410227538434611285110419071846873908306466153716874990316432543404515972028602013480158109572229588010471400063979352948804084946555880310591998114389072186511884167533497815162669544415107566391342306864639079941284437293152e-42
-1.01395546220138498173512911046710457129377307539407481455896685204365080386535528190967411258000272866700310863190761442443552481204846280700099113621105413592396257350884792864249810976846655678811626791711836430888700639300032262218115568505180278094974286671935679092478981893052062585610917939048667891509e-41
1.1874584025574309132177778307390306917986048947864767485006065271434010933380422446415817915143363726921205499149025194936745651307462893845498525540394718581017739660307199025966415428975177835845967953932027154511288101379413972750962072455475852962445759940768278228764089096630329495168075444317790081982e-41
-1.42171685436345193763565654466195794549846547424517681852040925303525202403876208703757502072582411632370823687277372586165453586911117881145986425989384169109757498201498779512189436751110282009797915081597026972046824449673925880910511986940142031169300215097568599539998508357432598651150827517990430783424e-41
1.72204163394342151859467091543851329478760513349734961730679790652595109606442998516745893196377449432337653532631844539248853853409018983251316741717635626573186167076773197284737687125588291939087330524670483912314376380007589949188033296365862707373225356815429864124464692739665489824088326185370676096146e-41
-2.08409988125352601310975626303147924486073854203352352682393218209294427309496087455305513890751898709031640817849281131133215754265800959047287230762380513626335169177712354736325353454001713107582707412094082557335806558317554176348477130982198541231282904190300784541285059543162218207864023054297103928593e-41
2.48151410998430406497218294972182140558357516753674765406645518604400697291550561061803670940263375481572334557224531841311420078063418048558783642939653520457757601357844945468478853395893951456881841371305951715844578787957434385850247489037159290567907175195589283019613774982262425076385449216303695951224e-41
-2.84884920372284314307478645326660988061314819117313547129103037144996869770170123541149701511112946959348029521269611846585343686830762989064626737087129899454979313293583536142194109345814514835372845664821830181853717096732193281024853340590437539896184050895396459991949556700511360134061350215780053297041e-41
3.06738050492997337475900200104796019324295722915266644939178741039869195710243345706877003425177387864179518927991915722797124765752091726964332929692034767072070654361262295536903867530294883767793384831989429408184120612859730712939920176513315598135400689216266985255132699539621335654793855333987891562811e-41
-2.9752955989727523235880884939897145492774900339718324818424746404190902873981393504918955778606042256638180698601895507518367969699139764886111776601618183285728318750729655125545936578948060772235218370503039622775053877714643622837369502589416735588434713960954988429021086477286580493107776939446427540753e-41
2.43886007686013265066763217853906226357103822757189739691124737878379676843170375381531911409977659865449664829946295791820728862379282891962597066789619057430436731994198705132215811643600131146919655500511827806494895462971298628786808053506608806190724512301340658214834355172336912005358501647056567835574e-41
-1.50261710909650742794156198060779753684541521053562231564282807295638793657992216270241233991721771968355861046187143052623358088601660180307276834810647458860116614776364908059627132263669169623539299207899601943398727836482232804260108126586145748252320554784221932127615923309941091728652058899049629848952e-41
5.22201639058888920761048974535883504475971854810691666112811457088181110972503261326645957383539401539096014508369216218862642197528705118344246559999702324556156435576834340585003787672772342155410909835126832449239814960705724201488836704610293485521490483481583726038184159850440299100821682457348619544219e-42
