19 1
6.52965678713516453800600086746944753294470065405942613094194353335856435787753116860964631053387465491098273029926279512167688503552561074784415907617884578979681869141160364127581846065048798521478657871724032394830235930614743964538081835245054113222999050517301362266051183207193776932583690271643222614957e-38
-9.88734820702632886173759802395351646276001752654481673582002120450660310286180764711899029026418380339534407851903594028222687240106808632499587715807513683573529404587674032079968935958477756767973952147459822312746570334213127866279612348628577843118587426598625335585512953908102006902566455599868312998063e-38
6.04502537302987107945663654515868375719991866820105672313114577235595855930774106288435598960284625643525276886842782551110641036151890956043233689912150377142121719842853114237549652879379827077534509779191730817750470467483077765288816404697768486749598676569633942460049147171605532259711742195037922497451e-38
-5.16423325570649001496902281715513245317196241633673470284436024632046049852637368041967833045892671584311070976329236891013878900572363203033822753757850042055463209088777329095326307732629226852592345409215624106970067566573955349209329544253642185806075096104210706200252077242504950432983205912025703386651e-38
4.95682911798164437309979511868836885346698126342679467769069024882667547208116634136608069334263376710217787006843222323896359807414650757966052640328549745155505128831119452044125438060510395480119205022851054761062012282345197397992764782984150628731393199303841675320776284560347481895121192144054891107433e-38
-5.11524346884550182389432845852792479111380072451952923529354432760202507996003518904076000929836978379507221938676575426777577807826743903375898093647098759150515706945754431799560158060471959794167532818271941974924277745511795499327256858463984696149400743627322054466187371639828906561140434766950412147289e-38
5.56831142787962933310130935669717518731240749039333546744444484206861741036073884565281724293335706488979148018970996141267348718839884338332935138085165431665924952067618659853568220805331447642686720320153116513407670544196940328674604396522693932837794671732161994201874784747250189611629911653489502485776e-38
-6.31793612397706537593349798384293812001415148245746793452387132948402116950953778890167784827978977212157668092402516063005975453549206719300879548253525780981698232789501490893271375172311826165594353323596493544117477625706002118420728087133506057640858760184347897332334837604553648162257743914409728578291e-38
7.39902961219448456649896424509938743936710299451890024443198165178609580440647039978842363133717889821409143352408066393382919747184573056983992250690013562926742789313149418600795331679964400435595507384809492027365889622034131068969187596754408495756184780574779818330425949719371314154138216924442421899816e-38
-8.85868955671481269804622343801362263376425640645295212802905646532121170361516715287862410935703047167554183098849615978922493256253367646070317535388338054689836657651949064137439631475144575133640102521698338951382605872124896085197380943535002293940922561228614830082780832690289605526679935151845207144922e-38
1.07300075883948106620953716336413331250219758158935716636286624462590022287192713822811192387188441393294060600979748021281822479813721602395828169370238166509468773949928199575523445902316232827214069367739459744257255924504992231030234215873754105640023076248037581751077921872431923819159489438135210379577e-37
-1.29859857885867650126296646256679863572207273593345142708901614304038333811024271386711410148895391548049745567172106082460401256987470882387709699910977370177821026263576707080304097466912645164268489145646206876896992449722968274436750181669999353886193050920956437343798241536434108314837277109564481819214e-37
1.54622666007113056667543655574786955677638449929991108974086072306127328477662286889741260792168413974571523629811718293447786042492378100615022854193287227213323061440392975290832248425712009873648627979296185172779279583099554476621846692018848979892398612035145169723892501158701886697520122779136106200186e-37
-1.77511251030983790434925510262034309391771272877849408453194035828111462581504964152086372186383125655444123519639644504507031372998194323068718927802924860548760919361409239849289660482954701026333172963625026704185977842655569435035382114527719362953745729978410490407423615491396585702311772656937795263807e-37
1.91127901893011155522015368292599261057385710497482354380551150464717672366952909053415519312770159256224836907763440803430282732930591356087985115372637855730120884196382682016015387908573943744837364361180858722766603605172705191546643519015118285770516202380849783198121884473066241844693723370077614646879e-37
-1.85390116168869338824147622350175292863986654664847660624475536482760716703402932880028271922818945290044021953271563678035734821340185983587820997014998386750841933348605311552952130966959237463948873704818269068045818195104749074644070826482694841875937219421141593043635130159882682795871382970533991962583e-37
1.51964924938915866005997553264117513027956858914741626502675451913621938024270440744392593463074281251331581606185233972587315863203945156936774331465878567810000238574296339314500175656213840899010493935183358225825527714409388946684462718573547454992178101314288245786245107203170865344571678766616005445791e-37
-9.36278012841045685062053461006391630657785463473843165336367356710112520816475139010244270865029121806182088643406266317949994918821476475218483133870607442416191780363526359333611975517382310733400346984336478545052968957395193150768470599886361110058391895575702938275966469894949737576296637376911888475122e-38
3.25382916040609281191520263791718451877657923587277642007355912892658745061216102007003850858988121704363710933220151637102969044467357061393805127965195547244764756373785017262805149794120364694519969135546649703447773584640147051378198973887645610420929849041403701447343012881018697357241170512424069254242e-38
