19 1
6.52965600916116240324567814656556625796403558709172986625242163351061321952014172472941739885537173892450632106224637699455643792814571051421450098387879278796237512326591130379622369065590268373965774598916466023000372131925032669093159373217627494978317295159459461435881144104890759393467298720731893856361e-38
-9.88734702876551279466384748005536382437105351654142577098329216230868974483094222392172480352868729114615293002336286929468420170177487964849554915214209328732590064508355233446453669608906079891607801471190026865221761661388052101780720601178829143375185377872101387165610333234882732879007672981044874774574e-38
6.04502465193259614111158045245833938686237765046706120076270374531322685638762678248342761199232248691937148184342519806362940556285939507710474307644897727109402052346908747773631924410415088574484697913842328900784381610527441046262613686458695812298270935461719524547680178539807840979391769777320186900755e-38
-5.16423263856904098174486742062867025967886827547346416830283882045758735178933393642874917771813289686355035262320754147534021104465939821563111971933294397285632314699319430245105803259129665968271649137547079517479380511350848559556446604930926588231933836298412615171062690067049337690078044818229878680666e-38
4.95682852409348792485969653719589420019633551007666948727288516328928918569850620645580384824425793056098319085297678137911774869289000442835254295924757384347102332103179043854773684253027063090252281224958542780650296471505528314434608206353936813739258761991504561852313087271381807481964519067446114840006e-38
-5.11524285390462400256353264027640914349876834334862178483183109660090206921172495085574018685753365310498759674087154602121619468984164226846122127935649606252473163950616488596542737888210531641043640053113303047531511632075983380303756979540042182998467671006887653995010473065531893180750014241017875720718e-38
5.56831075568487444657365836355905784094851186371230493589432569770704927899717746687898162113104300526653033067062748096306009565111956669694595340872755204173810957790967281902212220037794047489712737437971132851083560493268536083145091003938500150539442910210895637545655289994378570168040522781315189062881e-38
-6.31793535752433608828411457528937264488002575933447678176827567205074346993766141974827954382291114951608111164611645867402163987505982859560181163723809322575244543901737162676701056708225394010621230345861064311359324911752489321083162988400295152579888405700016096643709289260716938515281044647240032711609e-38
7.39902870947566319216210157717070286724513508364251515633498007632102949505316770332936803810882139069635460565060771859633336101050614999697757317223330956211250993188744598249657054994701974088792321215729502272367526250257430564640981080158434019513843215786867895574747282010958532535996310355077916819639e-38
-8.85868846894197399834551323063965136045166356457106525954914030195350079568162488145132471106574290176892019544805701374786455617553262478942604887975239553494374354550551258511204428325304678116606341199373213051485381577932953265909684533217209461947201737325032172768018951355923056366125772272900652554961e-38
1.07300062613766265712702868405786166403637272095439682808766768914432693014176370402285668639508603761136464800486520892400792572598907566682477249746402172224937481336056311113853833075940574723947746549197300357274823772107344713643391549931871381418299201138290251358644013048041236973869128280029968075458e-37
-1.29859841698727917888019645880027124272665492955810704945507768120986887047014846726389847853089717818439401761817582888091978228964396353994273077392051619329010709112325790329042101199580205941049134880253718931464965828173230385957322714951448800625846474748493990945176179419481785583966484673482883909797e-37
1.54622646567416500731147043117798835922511302633324813020776131181412469296460368050174203017815763616601916867923993449674199848450594328314051008308078882324631627886349637132547343177195617479054254469415114376418059176277089621578584087171508003462292671643419913583418356229597464639296678889182632967414e-37
-1.77511228506327367006131863928384799055205664870228721769048453811457142309713271158673491409514221350586750466856720458576242836742891658869622118768834306732023094973951873703462714951661717437486282540336879197687299207728178393430931061922255858600687462712718692248802482824040148979702865351139892103562e-37
1.91127877399063747863128473721425234880754558907912134700770182589906425951967015756689623042590236123015093524897232648789787491588921492815510792965287018692168806568593428136313708860293346097786102243305997251923396230683460548085732578308449410867477285680037851988331701642125969810396866672438476408255e-37
-1.85390092158364291630425166533762758910217645753973191372412276952194620186581109775036405439703308090061145874988444940414906907546183404901233632837366039772409805426171502900758929522865007957237548044116044159706535368875187143037590146522404253842607008606297305393950153412272932978552927231879536528041e-37
1.51964905036463349089497176977326569648740890515970421916393254531124582772466213545756270193198709119743041754021678888761205477860093706214295445465037090352981891995638844282358022162012589423187715974305020707285690149365200674360747398619409775078519933519723494062838441140306809613018658991316878549263e-37
-9.36277888768517228994002968662452286169111237727429171533434632880708825916533826268095953555493563651406620982016727006688244026971642011930901906551369575141282628169553299619205958099674480863824379663008342514725523693637735778789205989740283518682590083085799893503784240048489282659699358691116284011398e-38
3.25382872386763598174149007613811915514972584686578734530921640925556112263720007056035738728154937848259968888582263437421526994705034023857988818361196838583868485160648517316383867400703103640347065258640207387663140058967917944991301419727389143535485679520132451496648062494317781418682661812655718109037e-38
