19 1
1.04793445440220198461574371123491944982752008571875985147941039178568178225495027740988863450070881727566927405940087007993936622633858986809980613011337654477130825818881158162713571479790411182695215768357563934744043469197135776163378805916345051260830843385035942705270345455614201514532874309324333225504e-41
-1.58680512306322151843906751997913920772174338262263198160082107980835991175977618634341520435880785178544528324577897319530459221859884204041504604429236695075429581085906245599918146255322681947221378653256753459709436230867939305816185598868280425199859819841501461180136591927907971961222275687326867907735e-41
9.70156709064311544047182502442466728479946533276669437543048473470442826952941956121856399692205649632960939181803569435754432369356686299260588920887703373263842598114089627326647168048873703352658997498667337953599567334027253296403866916050783912603864771753054231651351159909871603145360157452301835283056e-42
-8.28799748543529108183464608671666955470708056318981840374153526556371261079121507502850446658535123875648762511010937479266848121385227331416224851923298633227901967008232377545084817026996555839642279325483183575070832677614490411779793775258860510749156264166817184110764292345560911168475352418900792847022e-42
7.95513774516830305361481983891699996660352323623900190477732533247832628774652417933329535994022973983980180421568340834310372263310785879562145706343109155698318856761924325448456006108089638116588244706144911868432389754319966174396161841220806446838850673905974782081777100228168969373051605471430872580163e-42
-8.20937437002692989924925959023952630317676180275783803992709597667210256083953553212961757984281093950341842671023785638530403184184298379471201506986346594213675418733956834362069906600159819551169224878533198334016565446102345843332657760241958172187136255744084093083079583870387400950517559221416238725086e-42
8.936495933552924075698059129173726728716329407928184567998099213161296390851392455287938665477407148968600600747640641157066566969299075649056849599066427944545894300968546072756356196136833204337960128137418437416619412705160965521977669851606579108018904700896332136993866795430164079227623693853096662377e-42
-1.01395567109353884570911882900802475820667792865046054007796457343297059415739268378991172066728782869643840647013555996307347528635511866197109655400089694372684073342346519454609592272150213592454304845326301946019618065784906734365350317421121685224605900380965613039128089523912075072474282398602295923573e-41
1.187458647672903004092721534448145790594277579448903733956588745839529325284842420418335986330053385974665508911966723182140068273046886573381447324160202057627221383798942538730650244379007759214277360933226902491915297871099296098714177111344533321652480376511093428583646149928830595564963584537736081467e-41
-1.42171714848686913658914977844208271275581650830422707672306279851391258848691814555769624473735633316380401011149574557300805887600320157482650673613077348308257745380952022004638501623528342428047392243934648000173861353954590116446899677969027147172872960666879974159947325243059493887592554229536885879232e-41
1.72204199108354054953980923155471756794380207116757726999691019725307898863074897173158155063110391070589913233534023381822925148866527251203722020485958477207445686145419915939063561363735515011902458363791133502973532558991579619709112947138913444048523763817003545792185596217808452937569755622797102992004e-41
-2.08410031467008179129227707949260674442138719710970049169014452566580650978832181797122740759593302942040071330492263526221383671929498686067235973546294624743169650415010851065525479531121754382473219379496795839500302714939343417479034383020857166972225984948276677409354262751336500565957617746081106949342e-41
2.48151462760094337317926147293834468977309378475342205077066832913881703416240693987581789237665529523780041665383290308375681723790419418320044159370247312415856335397191272549085326905607143401861574446593063434114075106311921298645541124954022927063098659384654414299993208829539800775452652747485730060745e-41
-2.8488497999022470611580903386490418901449548761291359813945499108433303684004265610436854496137336654512167864293592017636346039964335567484497887094023154394061934756011333883054342874314373525662148188809780001238138644693334705871222876469287801057642010711746066052849661926386679418079245236819367440076e-41
3.06738114910161499801506516761045731088236416366411182866838403593328050882315702931245555914087664755018327464318945673576734772805748885962270058621518917194446027300067094475426217376951336177597926401459316340912288260911612891918994476229116005617779742486195752912698944600248100472636529812324571755821e-41
-2.97529622616365341292699952607960307808852286779749477297411703658104580203742887445516469310826943204149689740207305184604350153022138916678525964430578279480993592110214250162713612930943923375521770302337256311795339136514811389239921032931790651394206593890116985731504227472973492200663292060234041843233e-41
2.43886059303895538295615715036152991725325675750005885234737352325686818756271116154023809149853095814564583364230105389761672092727426533318679196703414651122945119105816974450595650679908330637558653569734481567494595580894542460550448108351396418587740519606000436180133131258409943284159914921766886928934e-41
-1.50261742847963140227505466236971305555378058626587575462582623310493274323237636560145626338156300799351610419448013555427862656003187745725127019872387696354012721957684083531656824417334975854889438969906569658626500350381224472192082492159761207340135091733111373106234626753160781280881844606575478491093e-41
5.22201750554425699396109017848462974948822996211208443935547934446361529443122685705333138810959995380940563521421980313893847603622411708528766219024790327604824771274986777624268484705882734535511900458048560867336324807966217659936736616195837798105563449130658564652487968622517201486889206147990645328599e-42
