19 1
1.04793382295075377254183932525327159982949967087442582486164268648471190455546354828494600799934915675471062120146165188768629625134483802595674494654074196563216395742348444144101179756366307717444776313862838420791537543770078398382036956865914247994217630493417924063585893034512554614049356439610477569028e-41
-1.58680416684079531782880831277699185308503060858930229422401091125863920873238347436162486061692733411889444691183376418172185574122637120753419135734069393548035313457930098280786954386104176814974561868184838286750348835499976196168232763146643156290114634414859599121162825329019649572249604246656396331387e-41
9.70156124241065824798971722457671984086762558889920768105864257125729292112738220598008172587754197209041883768349210530663801098399226232123569051454884829138682679902230522028890590012165967875921512891768903435676480529582749359384752733337273802597991320591699634268144522729661828207435284759278881965529e-42
-8.28799248626940685070567051485188457429293801150404870766280331696556764868223732506738844155874866975925311555564730164511780970360146061874195414636487846922025835490617564097176057228493933491086527248309597347008294103100551197630145681970096527946623883630504876019395431792890153612812025944667345875665e-42
7.95513294254609246073678867450002743410870963361466796430011680296812763132540600734403123131267294153608560255420313510523091248138518227065318257383440585453770783465924943422908892234717723415018085657572403349846450619095339223245627534051539915752045046809864503687225331364150249437313161043327844176571e-42
-8.20936940820885153544753967979424532065085398489826348429454536029424782716286576631924770542378371064170503708444193086771639113020199132897044006402545574162487402644943932900269824122972124446935594682635718552775298875149745560158228141218875282473307250383178109678311599549890962297662021338136976499243e-42
8.93649052457810993596644401392237775648143256807927878499616321921807776552110156667172715899799575251695103060524424394984378417925364334157264901305649170330288904127085111387327375998491247874397987470092367653168193568707742068726124295573715600201644355213591726775344331084852836967604237963560659067098e-42
-1.01395505634153209677573438266306748340189331155693303551868926517394361812732454719696796529178498752236349837754569666334709120256903640368201790147220881476011433732533663200530417828045833967410162251387281114111378750768799941662189350839727865894086668027207615403492883339492621870756648679035931198468e-41
1.18745792631872962284961044338171726553217749131463958692630119014127760840847065489411517839196432349315360736593793213692268182078150306939165627480460874251039070865756531136406876201920934656202265509579338742143288682017392240580184438047396321833507644502026205525110242617584954310899708806421124160087e-41
-1.42171628290645319281688367475147528868765231075585741325382889916112416354948350463722485406024081364223689306448820506197153232305176190237230936052458476463377499680935518527154269447541207284575274228267127432035251359695141261712281829317494453529311407776166518030241770694731241422635085372057942322347e-41
1.72204094005029693613262339872038508632214136921454257127792015216282453584087950325160141317426026174748927339577200058774487328567021297564550199501952037582638388866178807053974662795911353316521523063700681656915925312437896385460749257771661943355664111724122285424119090739479702868239072316123003696407e-41
-2.08409903916173546312394456157118538630091153776418532215652268115380620964858160980626651741645938397188623219684175638722897387565119305439332642321256076931830704013650137458646949572361379418416422668650282602558025554153812265132309558173886783347986990722185422670199098132175983532774957846892783369685e-41
2.4815131042988783941969450769337607028431285220096430877044991046963055449057370634163468131784188137001480150324166107346923080462332551618002491821547187665525766889516649337422141335335644151729792189953946674920804569084657437294172358596475307079397180169988918887129954882252839588721582899010010087701e-41
-2.8488480453966257777804515482628633996361662201384591956223127579578092492923155616361518193094718517988455675630450974346781172800732997982824779394668583175433953292586533312563471870774927644369402341748816029838741406624316800299249637298973974782756769472189898890408929990606291720037860252609582314828e-41
3.06737925335892336020977088249481364192964840476436284014177923435678749167906157225487132665342993259230141957307214004733241598004481095791734043822336665178376663477367888952630624481992953886781399408825729183399581318645979421363317064889213364419948972314430746958170869749392736914041669108017574064804e-41
-2.97529438039387801514203998916330353828712507450372551688801102326158348095539854521460773619282270207782452311576942741076190561980702314142607946142972086229908638063101998008796328325028431257076666118703865337516268862606522419655493315686397759765515491680263711908305554862233332183097713592660060566094e-41
2.43885907396836559332309552427255098876741306002236053822712574721457397575491843896552902690505666912971681190012636814868475607079062756079041132718037701895159011552582674462505827666359554787641104266874778718615202746686138722240422561145126424360404625266398924447212572842764762541628204100462741670284e-41
-1.50261648856214620636894621148211447409759443856433733093076365663750034558392965827782818155729377974948986975800576500796183441773349785124512149162815966086754011226685198032856628123870195832171102730857051529422793764662661270372254873195053472478954865654892713855851776754783792342975945210528881083041e-41
5.22201422432510351618453538270021307293243464720347074186774588926157020510793540860248362891705760593957557410128745410231711015103656348824831890053025386794421530380563864670872496894266138338819970033065913865851224424907580127615021840248461635828706022868880214770313366988412464233103336585718515132446e-42
