19 1
6.52965487133217679797096992692898374102634323436314827490467717643121773708104880426247720216575509149605364127813476874766133957507280619679743741423548603387103376071034806872019573738961088876189675483411858878496332356410823751464957377300226351679546476056560601600166228924213233581139625539899731267723e-38
-9.88734530549545515232407541782579657918118988870083042255949177904216933035238638462061698170754767289048461289185950929146739144826238327820843732909294395837486000362729249654254049491272859210823250336815252025193685612801628389217464690983285710325526970235314236266643376896868441444052868187542559101194e-38
6.04502359728892168145161272463461937259116272171703502203085100722458103852631273444824744965878657259390854494867227957388226282576610521688739939710614690062016194066770426414843720816418812248200892240612859035562519085982407378119971199506677859467329124303410078249595256976141529647553630523654753829305e-38
-5.16423173597225542822042311437732053088079361100332350415524925401224960649549410785270799497666988747504191633348843947701001427155883130232537010370841024001285602349451430975544709609491652771345537380859251447600346279908431253637485525606323129859631565430293469329613690995240622153551380896854692016573e-38
4.95682765550009297018653760789761449705632096447431423742740301137287234744108134538311024733631835506704242968296759534426623059028609631803872022499773692651610784495914083021192306202526444138788609474013149517063494827486832108744753376812449237357524857641876742939945063950785550643637273236807005005319e-38
-5.1152419545205540858362421145495352980900729099982980241285123643318647135117174885582137801243776503767258196068227859397181981354735476097444125015631823753054412166910915883205962229656920127918911094760133996808437129898024141662869598486225430016961026124261951155373868863211965118868207136973362438414e-38
5.56830977256401823764137254852250503842808512000527979212070759472746635861373278858256746763098105590441181524573110903291368984383098448490366747992368085648279254680951398602181590296559746180865221736124817399074757371285249146809287302202228256573279304103407454534424015879919967676915612609655029177239e-38
-6.31793423654625443481165785419915710024498503562409004196863668928196757311768093235764204419815961221448622321570021325914432030510951288146612579093883216865569075113116659859888638496019288310654209634568510340204025626099946518714447293900231364560685961924077467757964038641825675417358848907739230846343e-38
7.39902738920129291235739006235682060094006039635517261494453112558916090736750084692270271835825158053119493672909564008747087907475452853791937747476055768242614432547808317175517464835854079130033398897146369104232672989374718560904460205265128873656815258891117871334926255383574045963569849789010329087896e-38
-8.85868687801645317025097779743484442482163017095681573146351871817301477624316544738724772294994673330412160508155028355988829422359654818388599298967544529944952350453733608825516372502684238397715268163474408246418244434721386161044373237424519235245099625339777670942303043726466018527208233431217476764847e-38
1.07300043205423697685577172286505266129450880167991306822484044840661477424991746077503022743368084296502087387042275235305985069409225042059371895576621285980530502548550736954228405455116019316641403365742895394530769800421428828952492194060362102851423356135443911487279606479688052443537138925508355743679e-37
-1.29859818024183963111635519365431165091475788496063160161307803433480938221312293033096245352830528047320962730474892075795005696173282806341366299324561801586703679481851167032595908130462322092670568426966026854844606378865438029962850176982462395077241621305392379609291773715636141572422031321555438665979e-37
1.54622618135841847391205018826322567531705953955050897631577445983334864635860338334007628108436514143178695359789883197324854421796236145260887971264017843737997822766236339738192457513536338589620233713790524398363202165605749468329080130486625391011110449094537150367458275332956768104568927469605335050245e-37
-1.77511195562843328167736230211318579923207916473418960680883262238657953190844135054531526348437405089251437536715961549921789392944663984105159088133940775686705796785170003835583249915893973177289388438612303157682847318589254401282085721595238566821522538028286703361805296197871346343698209659104787809711e-37
1.91127841575395976141048989969045369307872926395079614467167791207005910352716354574888140558359403722817986093461078939336815184936965868360051958193362097695029195786435965993943542783536708561087172913791416013359724344886260388932862020104478371055088725138752062978889194369888490857472254517480480951861e-37
-1.8539005704176323963042490983021552464577610174520301946039549332652574494980046038733520259493792164228263543165611906043065901314018546554552732185100522122504977585713049770895687088734409352951939921713329029387712443105895119499334124955361398597635477510920832032760931663083941715975737294430928561428e-37
1.51964875928107097750455681763126332145223626604329303908188950454692079711350146440647847346878766463000867891726390910967249573332099829864016492919227103157428259708760006774811310476110448609057643054529424006435357791797972796312780180058982319504698429163281683067251882603267771493260376413588181741661e-37
-9.36277707306129774368140928252890005378638755840980095454825972991327924192410363470604156604427158872885322264723851820458526707889549552272980566491320979659170056095255837964330451784299310404981813247757279225323047048599162815123133118104129145784849803808084155081567968091347608993499286323079086349546e-38
3.25382808540807391385323067165242409373801156022158231580942048193354841055430253062567616589163821006860249249788477298887917933391280756955714868783072768353680072747259175540248852236840319030525011140037588363020384718681420925373194836327428889051290869420306578834632118323764159029073986825543608042262e-38
