19 1
1.04793436807459797604107722200034012239729002920588503642045895683743222345138561655725350616095308108946388363622626907579235030000994096083429336836944787084290435085665382295949917223746466024918571986024365362616121513772380013130304243484853609490678006860106868565399364621748330353635823819608777751908e-41
-1.58680499233521191255087071272720785564035438565826153128537781041191311554043151573635410516078531850667086619680116115588996070689157952096337324529619788431636230240324611396028752619719414135227436827107305799152451149569317666076368085918427998565059749831483830780537363222758274539252194640150534596722e-41
9.70156629111387466593642437883307142849078169922183368965255951917192317009824336159610158353569044611081007030396141022484526174298434662616682739239270362066220735197655504493925833720430794230923402467087274134155047078143455205779737868558147271324800646578418246680403427021469841593461282794574857378834e-42
-8.28799680198446245315148461747434392362316644893111403359578199620119876587306948791558974243258004765068266698505575307573064144978917540711205482312845339467532523094800591377701293708956528552045647423985818224826725391481210148643108846988009853099584787548956384341571719373944669119110344262508118141387e-42
7.95513708858754075189230756468655353343836312619173431115113120731273211390445233934517471560102572363295184410654479673265817355765759517393919357385367216735372807462406437003476847913571191619339128632911798865249524344030587936973009952313329715437791371846707900775807180363578563205584526491121510907525e-42
-8.20937369168202238714412656775353285866770781391957321207534709077349952110641626971146813869751354680162903606480930540245129047049830202088016273257721108372347674559264580571561904348652403024312328238347032999727835634370887881242816017963177692787154008791985435129863296135501968484505858105891587880687e-42
8.93649519407588280282128968751984330765980681191987188064938793650100376887039531010096070969950986781248644058533814994959329061173249454154565144317806543841546477488470431821960251818111979484056655494437682287725955144764394797028702906831046338469549758550257194718697356936218903358448172974907937836889e-42
-1.0139555870489619377852285313125196199275375255175225478185189466325845904160458962085019444311068093094875335906320572312039281647385132629291874979570072840623313590639736344404046723777228684484968882995570034601138069378891959859498673599264288267141966160476559985680853966144770242590721095292836084618e-41
1.18745854905442537242791866728232636717364558360481027018081865634621442941845439409327102826758188036037221808661915617526502449473014356437432237610388950097969647850473403775431073214934946504971827418722179719603456978094162842988324485112629497283120187475116065023321267288534951978790126167419026770615e-41
-1.42171703015079069616730707400454725572848730546305213690017310833088489391061023539474574877819708900528371378023443898093491690733736829124328253544096850620968767118433966261542635122168413940759360241655560438538675635126531286406769122162302878436381464057920459964987338221473382624982989789532314406477e-41
1.72204184739365113969362778709322360388949624124373214899877512290285476433875973519883177692394805508617985496767594964565208105779417020782220063491653153470255954245590921140741445457761559936781174813344484970106304079533886046551862138303288686468164724933341991599793596358988437647557204193865691657587e-41
-2.08410014029152868554390189498609343137489882934012486298491452669626265320426528720497028699513227955908823540558044575356197910460986574195591211934199664333142235318619640469061991428869052668847946110924689190140379671321943297872462915425777709615887501769683039953357840048427340141977995087695921772434e-41
2.4815144193457675846238597003040831667834057182253094840807736011371356558966141547362890195537422137130360393664080992761241848037230917125852216017784599682291609484350287773560756111962214248158165753534257566634080871301842445499800983313798410978413209831982256509588374618846716662267328578737102589818e-41
-2.84884956003853768016475552860591280580968889593122913510934999088174921020667944264807812212437782396702961887643543080289293722626817090530897604501562510607097827452934700517784982179841750469498940925761434289025346815799423531249233658490867232060587618496706275260459502372600009020297550860221235191993e-41
3.06738088992895791597983340462271689539295707085082454177978786626067088230309744295709511918035551684849978993909120077666569600409068948850066068833413947504821083828696527106018118604322673629344114292244903475921930606926569253436314891905306306285820220329271377583947092615052400857702727485786771638466e-41
-2.97529597382293752305480626248623981704221736561385335441267350478148700060540510829099908036931931067838783401655812573833061200713351333806320763150057898102717314856554802523541176231065917578207460237652250530112567699773447839579734713133402162533893219497402659059665638364270703013351589912533694329701e-41
2.43886038536225890797776248101441354563771472479917797299739531910986509293487109177976844026045127587132238414972100719431569551818468756440114055713648266550270683249279525192521846197894867279598744162717265908620135633723405358779674652136867335890076599338046944457274863043330427227055530309695575641163e-41
-1.50261729998068960937905799233616167270294127990250734521545616920530344015694710238300930661306868269159061549900395963039029364956616960890911602197740625471905583744992805676951413014861987314069706559038712190665059215836273217331505326937228574182609105587744563600354834464901774136995164169256583511736e-41
5.22201705695892150194657363721110033357717986497877831050782963653525804388202005681329543871266728779692044796487707401862506320319702246477270960531660548513966246370526770059816120780431202670638375550307730771773825279958488976379276131443249997505901916947528861170846210035273398841446312211013214437141e-42
