19 1
1.04793435375190292710896050343184406830518111995536209875711926035615645948500885585354386700477556819119185556423626349924391801063888962865601540280759244770739845510259044427906673048172445708953262694233773237278422195798362671978644151897232882476433335200401683021834896845196501969372713711695961917952e-41
-1.5868049706460032602479480500901852022879448080164788897497276101608675840609358128545549651132379582692712256922757361825528057538850501469402078978723004625681574997060126542653348036465918413878036191961246034196132191891742359359517898569484875607453809030841423063874657842703761539841738591636370376325e-41
9.70156615846321646035774793382690005724523825507259147941993448580360886770059043457666301802198620641006119168381072767326880089497077589412956850921843809390500554020014421988990377424912155232753273253436622415321235855871084127485604332187170949002161686357699004245398243057548623457845788361111496023191e-42
-8.28799668859248429562713471613912254787729932653593070222644360544732583147340740620796398879233561007558653426115807105655887975907253872277684620967639802180950236239059462700867368602327557573281225745520368878005794632359350848258867852954283187573614243915262285857136999758630198450179652688621128322304e-42
7.95513697965360100840722252072962710026593366766454485712644663922477517293764664682242858330476389898855372964495672571916541983125054197959500592344944154161872267384392352987113620611248597841785807799135948001726560681985445493366791346093128884656110238309315345115967532271814700594125584969252605274676e-42
-8.20937357913717272515906961973014172062316778239967129344196174753351363440226197054488022772631587434210714309663162241996448383581955911487155953767287018434172934678972902980990642431058151482226643878753919888729394237567424491017050420381294171841220916400980200975318028314580595546612507786413148398802e-42
8.93649507138854280282085389529327808183177854908441173475451526556855262198350159692345099796395988373078056746740856688094468227901677630137781368867901759423365523621737321681559485441524678667178461312063598447472189028982556882745765969855651416494104453590667316959531560372498483079942530181267496966575e-42
-1.01395557310504618769199401718961631200761129098929485624875139183482657209340990199558727216877248712439546454350212692950582352706912726094421159663111736430281256544809030090318904012242968287041192280013772066351847648989526761056617745940652104207043229234520670411172374902026627433746399941114178248856e-41
1.18745853269253991754954509328377446801139625318868562932613310674714238402547055419160465916605250004456483507065464827218702711088152035465949662306246378628021899971640828578463202719351066332474614632589123967320911488344315542796286082268355538397408929322917022339225257731105383383088264402694829510314e-41
-1.42171701051753937973499020518952701793507351456558703745307481990524139601143978018753862094076748444104555831273355074003648169063535103802913454566082343770079118497072793116534767473283310749843653927536560630271112803644830396806950947427300354948997763787402169339640298295257787079009411637602902499134e-41
1.72204182355392499934573631934960174278936948856975221405056442461332376811758165357125672386306207651526421237351959516797847501467693350492591894875095011604235064770360697971499818487507397576399569084229752606711005395181480854947171829483882387308589792152055496461653960288238794054382398175059711515916e-41
-2.08410011136021726856444846184907955359575274707746083580261121096651308749264576924440804190599571852878356196144976420600881168249353742889749839880691038029263117414921272701868502205883367993046451616732618022379726737845193610489656491348130542300131001656798094063517083054454270704696723080285048359418e-41
2.48151438479395362960053515325582784501137303344848311602442520393183470775327835894887526586016578446818450445257539004749093588816652969547266687943238892947888342501161945152227242437006697146234905673624025286671070232365485239666291639695054734237431840731278230637176438021838979434247663611506262519382e-41
-2.84884952024252204945265357591498296628015699925037156608314316107239138571010892615086291671539977929207618726541077173732583799095376739375576449620386712345088965972092487855510370509707359248214392506653302627882142961154665425238327133590225594924916835846191334466311468865537716833399706973704313439949e-41
3.06738084692937661870909147935676174898362708982718274630671743889464680115118432089479870105139396533449536755558360123166147336063682644384200953177760586668719311330534550583451412458094765616855870220077812403393714494908102155598981501047805996060932241688530977780137884916869302362237460833504394012723e-41
-2.9752959319568502432149119756873935669311260147150999388703596624964086581729910624114516741117443014609992907053822659686348799863664411408302940936029994263831321230294813076946440440660585941019230512579682334995851120063828565760820163680186390697134001732709110833963915877939968286344799107644653333814e-41
2.43886035090642156484047514500754564601720930470025436230486562983200476504115450543228562435596034477362648498017294779275858262678489789496921957262207247837983476171019693896540274331833100403643233904675234031032675630673631232764281302716467446280679124490459171909105115203055755594799111020545484318606e-41
-1.5026172786613086129787125495292027647282404116225675778786242182275066827040019684014315253096565321654765148457066611399972306089815026141343877000129315539692432997735991613972310171913357147693689822717274711945371420446429652219305367823934252806780521269546898085812018565423648316945726657232057914733e-41
5.22201698253370448794700490205190522558644128034869604967761416116019345718393458808070839104494996689824852909792761127074309891472357158284781290317014733791319233058532216829940557676056394163405950472238405117190834934766360281112537126848365373058652209591159144476079417412507752207105258876011438008886e-42
