19 1
1.047933382422550026409721083520852598348769352124307100751439024602891661950610048113723006406619594074904601622187691108984838734811244921252773150212774865282179412898239960846658992065997461774268301386206188470207335145632270328269575018479709228944551830654637623728975826564124749661938094468527504064e-41
-1.58680349973812472795962175482561351590920923486800228566102371711435656292853913203323515714266019853094441971988241877776668511527444139472344290230501013343406012734184824899750180392578898409673922332709123947070654599584614653914723285325695090138676571297105740217929405087348537270499039462489078257212e-41
9.70155716242741636132492311276988259471184872693061252290188268773945415986669641418829011252313007922119349076278756618815607264875293428208856270921409182094464952839806802793874817760328686855336097422510526503335050708394756660517874412560736230914411394467026111763262974059580881892707173736870647334864e-42
-8.28798899863223958200631201444173127512418811920801176478368453394506919559911534057642876791148213322375601450979507166776168522927135529852620563055576400768406326783881943833737710841933337576366917690274201394619246809923687500404793467643393485149613448286385480827852279574796114474355724103213433337633e-42
7.95512959202643947737219114407582339375154988919836735638559871798224910420938262443248741506530896703155788675792014006628895968766115937604209721353206472760920177109003303838701740902699367551769113890226774843958006395250650343984000991511659361038179037581613812707824023603239083219342486464150879649319e-42
-8.20936594662723508967846670329373930532984815732705402855255920099551735670203003634845397692825421140577193127386957562319315151122972620572890623206032887262411396424199481014873437010530351781987051575089208990133624431190623574685038537521005591914235997131591534633353056053883399009152702401648855683574e-42
8.93648675104043407904627507990426209695362760178668248444586547737790391992034612057911967953311514978452107350916672551895181554784011347693124644536396730568764033527767974043248515490716836468817130862900065133505585879831756982048267677618473698514121127791058827118165260768752051313015737004943409099327e-42
-1.01395462746362246471521134942062818413969430431660436061229445407432192871859115102499571838805158702797704936861307731489953744614177032170480250162905523166386429337696020454345585623512133225235787878645377939191210765436613606047809877581941076695100758912404743915346608462115131938516734856485768889782e-41
1.18745742307049407377141051018474793793607098941671319399790885444221188027660520944527764260628808641316022109462703950481551476888369110610353923522947541681051825623394673414129726961837374296337716579671511495031656841128052724863425684851418956400646908377978148800771200613041471560874970027333806118911e-41
-1.42171567903969607981628937824147908820246984904854154675838680630856962566322567862022724832133606871226038583484836553397942570239617857741803749024310191989184263733764232168028487685774646069245814382272151463110520063079099755213835969910962611558220204044220078337236833863695501809830893131524125539605e-41
1.72204020680355775493484483007079108834698909190309479185295895108144446094600381488929265278824585418290044272220118728502065626115754057923236029312294148349586034328790119216927200460299898881130427121964254537779455866439612864104646349447777939986575999175188906556774090179731601736251250191259030251334e-41
-2.0840981493113804861924393256484119769095760152207232912664566244412459917339739943467384784734537584408925899055671809236528773892051830260735862440537224505616471574065106413541585097766161739820816083371587804198599547153336475476791055723259768525957840357599834311608481616205502558327003373520599989037e-41
2.48151204157683636251613141976754253364389090015774037299074135783150140009055766325196226755051546130131666244984969210909793608820518622559099785024707546872821887534192188790102047342595726268131689208637905707861891684268996817057162358782801320755107700445841288935289091613234138898368992439017105715702e-41
-2.84884682137693415647764346109072940549565050719448610704819283720597624355082008911958265115941919358242839534232155076642876654122766619087248746487553639656716971334379107701366274650628764166067686960072006399554541671184979257709712564526203886448731549129620068354145611537819486792400522488478920886952e-41
3.06737793080614314752594281585253068007997708688335013542601616839103359599915699388668103576433498705916566797560179909508624904113731674137254479625784320538562540518373931837266877369289394240046617295179701675543194139347637674331740576121221609707316835978227533504907046192738615335574935274824124839721e-41
-2.97529309270444149590133869444195453896256906757469585554739068580662148920245407836768429403247738526703823207019665502443400455017294082654443978435198026352088655787216643560199321489715954373267904890865545922583141149717847171413561814805429960663458767574758428562763100756394070657854610936066557989363e-41
2.43885801419856963392608938423109598434051427700767621847826336243904619251870906890972934153287434597687922828678650067625586445477084729957306439911986800106898129036979328887115779429375117881939186331360580174024725759771117856278141814181626906844320333390611470875943773288140884610240589080010863620394e-41
-1.50261583283481019423465587717053459737855557093315518789904213369821157360776983538413919032101911289693668303052200067278322470820261713424926771047518045793179629915790562032906356848465671085038475530938666608325051341778038946851024294744714544039920258440142538133383221640674803824310458294497632488586e-41
5.22201193520396965263532953152657140132102993124997714886446099031508386046825329059528501333573620023974614839869734350211211904179481987979147427323361533260733812045206412807628944514745430711884512664416584529004272082127329204440774122160185439310080458350945551450290570993325773546934600132981215184927e-42
