19 1
6.52965753104073248117525243756155520835265310711864782400798552807515813595525759150064529613351490939737339188651713229387177323745875611811828422005411814604635701491957159376355695699106296022444130899698756820802277040212470368292993360680379610975313807787413790055403065551550106440104269754014840389989e-38
-9.88734933368966475778605325242615931672086772914366194454984334430114859056583422252835820448616231984427593376682692020175237064285494433233267004424737077020126578144054897953812359901264922702697108998284135105351520846339750519662344093131690827177563901834859420200492613377662365114249451678714180575711e-38
6.04502606254942714400472164988749141829097614626179789114028779456421690852319841152797510470760815405667579584705696419208149157086047689867265007144097268735122565263704018643658614547198027143447612200762044765370375440839693531402976006766898610036241440448845498301654690454216825087368435042608386360112e-38
-5.16423384581876391116680803718337793326363534112426846123779416995226174738771448739026202031650447102393513332241965311236377643799814589140175870322439444644275386380006750187249391796751350183508679804377416135722442578287473939098732961607286273497590906236274894337641640825470328515797081913624581310882e-38
4.95682968586276399279196246661914492658835980483974002884677279835589317744109177926309908391062015372948301883057270464717686554738062837917930708493766449056125327681640974962633029193145765051610397736890578794640429195996396514894528536263326751977358165055696077824024481593345475086810028205259859178824e-38
-5.11524405685745312153509259307412900903356595480161575708890643255730181203805886476812466518761448566366905722467403121368779240273416826986722228337782355763461131735243580363793669079610129271577341008173582782926364716015015096195295487609072912869638480437314815593946377674288485721287409526312292579166e-38
5.56831207063829253588061251123594736586882506089360135486842275077799536322436132808372105034041966702265822226186849784689456852641130414486479165070422345221062122819862876653028497618904671901450445712534371006501709902289072201490030110041948070608620320897087364796641597633947401631637583736937423258407e-38
-6.31793685686610975788211319501690949831789372381460591239065097493651262405250645363958276737175968228923583391613606186576047784934874473565438668296704507206474458629536587322862361238395719776522051856038414476587970423591820533381337357444854559451904732121280364816115691567284509805024002510438067135245e-38
7.39903047538248106058903437077563900598223727672311642141563826186171338590780212999882243276682929907538156350395278342797234001416114460286857415706167571483639274168227312283600086251989890726058957716788131837466727408378094962911183125720674731516417805381832707244183495864735853724578681658712691691964e-38
-8.85869059685326238447340944504962571248443961186328076827623341529981746870111536509442422607413637538742790680313977346042203981544812753049205390178411514291848858491339835530751453773924068956404070192094350279742492682674362258030642942601764488416903729606645742797882084808334367966760089557892334080886e-38
1.07300088573020191741727579947250223679334222569277823143005884532240589483933846414937947701299636253452762204054541501335410653488698143781991485199439634705151723409892386307258038362997689921495892452512314217943322452933719686718002485786792881653222993233385019354026644087613306201857435748390487058874e-37
-1.29859873364164127332568930261881553786095257663590492714598755772942767210206779924905419379638989798861191192362050577342236352401350471519256406171039021977337783987281163266675891752782886880344200837948196278351905031593236777606135799873196122452923237601790176479828590156308569552654866374433688005843e-37
1.54622684595537739392985100619995232096301756587630585064745095347707020736718925826478800573427246526387616789412873838334942677352315508955977472076694017233621245136021246725705756333984629170206104379732034848815486678435976758379126799869806996500314637477348848537785596626471428279942993744905552432227e-37
-1.77511272569279890551787219017688613085533770532980147097789483313516114781838664692777629871880345738693558969707839904821668821858932118649062477957100985322398073415148889490817533835259000086193488967807351048636391801667269349693899720098821597279480540103262498748587387286077102407012540338746606740224e-37
1.91127925314366124226931015093059255193943155797235362942434335506106814065289743871766457455658978926513436079910898789186662190257699942725691365494200732693590780518929025817184352008735407283250676363417720982839346086352766327391596066578674837745038908379695802568622658250620061454433930648672705465964e-37
-1.85390139127955686209840093701633978064585863687794548175376185151008680147900117309074006191210707624500891032988459725420198872113125730563203048292041083265656681622151125416393992894312780319921488524667443899847625196297818346637975994195686084854785339102286271605693820415301101760752450534032313493063e-37
1.51964943969844334546612996137437159219560980737682471313493067138872202420050588445736528675677978653061877589810610235560613891765079199918314138959540257373255058186458135327478187062569189380247732800729304144363591245736352516836661787211982555342363606345961784609946973171793271506167902549403830894472e-37
-9.36278131480486376016280272096127986089114790420912417006143578083756835078586815307749612218576023983689918786380740677618748819303231148136677590298639483603299293647217641252859739642787749699746839612754185395533580350515315680318298221269612715262800925474236797067726993203109779998785790261805629399785e-38
3.25382957782877758486823088052032191440377078430327555387251837658815513043889568781796563523950962492267329351210219773783934008177900000853811035314761139486615773468704159793390419840113977681262650422427273282415189543914922143884309819211924054173021687618194203382388719027280534475028126486017801430604e-38
