19 1
6.52965758114441007851165185659976803776177996653018682581798508064588926745514584138949115942454600792709009107988583805646935612533583756152739596531612359786946436621008347445712874743578357927498210511134130361264083033549697108474051885983912782964423749210025426024823522345860946251890665524879941669216e-38
-9.8873494095729207426682219212924585864207640354227184187322403315370121866232031277834251499647766588954098703722685645204047125663716290224141083586600454255552843495570216416026479913267054009418497710164128700570205349488142961394826047976057616823583684090823527067491700535783116515617775766735980053119e-38
6.04502610899008760360275430900537558624177047458983713950869656606020576444958703205643683367727841380946465147658926586536229620260564203762273028726413606690878221809398127670752823675763504692821291968183305531088141602980233605625306375110403617026392504937129901239067927111577980773989737647905127700868e-38
-5.16423388556412563731462347816123179229214061898361564711079738997854055664613559041975180819023746310678468712946663178101692681622093010606737704049729808472431801024184548422175462373845113833834417012661091914823431653852256368486494961437012696207438955798789442850828808304989420094222192995425309529843e-38
4.95682972411080935995251714312113300164541643797486702074191868034840966681806626935850218914353750344645778108181235540126450095526070944115999185287497934927434933954438342578457074104829461123173833964920035558040033666955419016944528561999190688747651523516553411275694618466648838831279192664862415374307e-38
-5.11524409646135553949986520319364570611960431031197175732202744878797306032197232643717597882161182272635643417933853685059385459095513411341768101362430531867734549486162135152683506157055606525108602330167962301831486666125921018684614049118925054741205696211883922779121051879240386046632664934632318729995e-38
5.56831211392950835409965750392869760292655607858838043175342101336655701035206402035145177243148496057409899158707914410501936313872304825797977260125038975002100252153151665581002842304974400767851529138275002258526088420211103011533791318661272028770964743463770038153521297497918657838944005966009557090972e-38
-6.31793690622780793188188511289441504503645585442366659315019440924467371933212799140662071338474003016961894647888397805278615336186377612976880278804866493110218260086501511871506431263166073655487149734032886153327199278408629029735526987829158905802205715414139789088189348421162276822292581740864037818688e-38
7.39903053352010468024681424826197562325490937496994872193298591741370782947654986864727195057469677834965374118842716830701597134798665349827374923982858222651641015629780098671859310843321879525936705648434349074331248865551599349851413954042033835519212438373315105083658918082604479927963535969714063437142e-38
-8.85869066690889481287439498760128864582131023247406423046392985337528727852662870427416747182184818587591264488032136284080803660303558962287673888304823311889339990188004497196444786756755581270661237230937234054041018450477220037047895728267080762064731155390625149332693649809189532620100312109763040272674e-38
1.07300089427657402563174279367711006762297715684185910510414773794188970733773307625115455917898718083364546584080129361409999413774784335343954794657074562473957450422330617253312810773000354366712664667652886771072329429086588890288246362406930618214279147673638157882318894758797827738870236223666169270547e-37
-1.29859874406661869697403006026372312084410606736535932917051166788153526755452274189135473692478797226216630063776070412261379737895007806370892982259524360718306044758956868180968101013836945195309697377677256563806973519632602868806846605807863879749382322418369217757666229801105784882784645518754348108718e-37
1.54622685847509632681138248332179607996541910479156464281144037695305424056900712944846499086804525711792109461903202452771642528844039870591686362237968029691234975284326141977349913975763373009015154699788347369194314484042635274898927968887331717463423098293064247437335684237785800882372417108044109102909e-37
-1.7751127401993231867879225220050593480650132453240496556059223308500585801728727085246254827485256194797387835792357311468843930804085597186254548048932060000457747974248183125539518890806743256635945099908923374959373641245414107559817304797600406570975624442699301632370871328716342255909891943956457381385e-37
1.91127926891846907550734994409837875310920749369967946292611972798245059082139674803281191120102012414005671988596729816850520465700401838641340083716270570473584051992942906870461342688397353458307108832489903066076492911978154016026572781838571073055076429112276900435889916299386607731652928627811015999617e-37
-1.85390140674301773036983460864149312867663424765696573676602908344228262677308777916555551509481502397126710407171790825885339698879168065670141031212071169985069732121785741917602081582484147683491479068755930328807277702004306253515075737100513227296976811726011661402003085117854102722172734885033099257512e-37
1.51964945251620270669583856616944304635802716915264673132903991945875661437096043369759739896674083322544296784162541947243117452644114249307148197463689957929200396080404050913766197347218141481695590437204797260089735173743846023919705038839216067003072657963067165090531584249972015414053863430149391661593e-37
-9.3627813947112091407658089303289597906814115725657436505360260816084174427934463984854176238529647254091255353071118042406747428933514856792539489725911284403981291775632210008594100576879679122116550509461015639469763490415926686892442766901038652925419746886860304890553296330125091978257036442525805090753e-38
3.25382960594314178403481260108271250556621481344761800522792402133392276073355190812042270142056853708901616664841582735711101306619589555339614519086572908774362039787879188353985953343632429055155015217150869202735934314451915526065822774897766489770180666922180941490007248066348251137434244701767868447727e-38
