19 1
6.52965895864003966240247933303422684452425615080217339633843315059758302606416928362943816242407642555415075515334204159359486009924965136441247208320556721802492277278730307047996533525953375291173282724713199073915905913659637580587366546198463215671163650633468680337560210000551139252023719957056880400133e-38
-9.88735149582404675989646187747548777990463604704115689861683411085377647406996904343221658674307895549078524164283547813302253169401511119581406274815395591739077916847525677213021997483706035015539430624333779342218140465870689186613169807505277541518468721091823173467953475132036488594785772768973290087823e-38
6.04502738577876033918642297766073907760476886444975907065259936866265082141335228807882425599999671467362609226383380268412365876187771504384908787039828326044076278351916880154559563170763964586068623486215753238198825665691650307845191209551649509225991794209444154942165898857435382302662341934980179091475e-38
-5.16423497827961606988999722309968364864458013233164067962686215419633381269286372159942876827085368600633940128981269752332424260867179041983604866392493284043235342714946161738641383738807611684650903318911412758945502164053898201333625622414420532738329709993718771830623057099245764007352315615132790363181e-38
4.95683077566076446405697002097940311402881186835412919470487794875050620357215720537210353630774090127095030572097381349564790917940731562453844462179587938227156403966090894002411943850815996207864890395838729706770093187370805339121229815090541968849597057418650893194462250084211710065925039108903418066972e-38
-5.11524518528781962624493227480413483680000933753835629505039069139479041978602899684736463004330276703421747633126172506834547753738971779440901490334801903754439713082155678081467319265714868761132987554713954022065712485991094733852692644972389640151020365250070437126638497944029081006704376863339435988419e-38
5.56831330413101884256289508499400703051805200014392311644739134440122940710958580485230921882759807669266550024302089796538087578988220875577336758708001190605662435036648490196459998816198415744192849593019870270820452914267792100812171806870499674166807475831130715972593220192047008783414050191482716763879e-38
-6.31793826332464797838921022493871400591984275922730927690085457245393959287766439230862422531038331496651599321860965301657864053012033909147856216150188571090586133757929696281452185524902291813376463793350218296415626842422378358553171255354346520153055432385841025016801687921248394782852560350410111106661e-38
7.39903213189283292128845691232073684659860252126504527674454637159498905711363706567724295404675747629689988908327270497062818042117465001646003487548421257262223969831526576827854640680046753085809209091746023406130835037672499475345875274518382110486312037126250382057633606000528528515197748964647297088178e-38
-8.85869259294261171723423564445244061640829739400336490851299277242571296556488272479652230029886965845099056015224388106041098153910580483416763346881535450405404314262821045069352779634121475918427835762123163554448613103275508241229529616789664561845364766234363609860832214117429640460493951589752568341581e-38
1.07300112924130209650909714582238446542349548534956480870758255879529511317367925809391141296212423492695418543459048907856616448585752510785912644904185026886338949292709190117633105029070304435984793948012707070001170739967615022009140055829759968995384313919156856515046714380024286872708409326869954311819e-37
-1.29859903067972711983544068621770859677342590218095095723613864573737814864090235362702428994795608259003347167510996359022432516419948912993402600942428426496481262528852622350931086883745220529375228149980265651228692857415469317282208364546840323333590971668421368294920178194980303475573268908508985567529e-37
1.54622720267881718492639676601533227664385790333015052994306967403624989813429369696937689364118643330164482477228687268203661465615611989785073105296001944528040647775501861520247331458009612047188515186048921345142716878068152200617109618726216873444523385477241004430569671409383130459960144580537684626025e-37
-1.77511313902619340921656195796049093419640718197965408938851722103573653799134909388416037202071824707307309120323948460084491944220100854601526928004633652596351217771922957499936533119101500550349551942030112398829270990068261464037861128674305514341716515674588858827668214666161339830401275968362498505536e-37
1.91127970261423445090913647195391177266009420172572161572463149536014449693463508585165704721812469376209303710681384381908285209037301749763590458687757727698837121462250228929624358195898782942561129257659447170234571586725355089791893060492938119031374970061853471624176572463266321422675987413278778247842e-37
-1.85390183187900641409223131749132095425820217835807103890342670201960544792944842880855618403337766800901494683158954295269212028772117922526348553204722064649211260697914516638154382716325498532846337526037583875410353347643347019431695244397440238041885699759706521758263603971448261023261158194409944992194e-37
1.51964980491413744371639473714474335549801177494676109031282636026683844401142777789259496169038525959789250570022599450089564855328928978642548474546893206023337138693219784452816832604430602085900346469067965342972729014231677557756366048485161424760984364179823250166142989687546646564023754720573767363592e-37
-9.36278359157222075716466879235393419267328732438103238461613396901943278307008987614255379057637615125218989761170102168346114398344640467675916651109923317622830695412245523734853362862128370305829282366092299931148014185697488209305572406412135536418430640703869924842321438441332583698272992951068996695609e-38
3.25383037889003354657525005534430468485450171805091912407774047708476984343322364096384678230139913084263052623387435347195674502127993675749161433303924414983615459435644854672162453941697359297909886304280789404757168641990799928061675162040160126768637041718757201801912652431389757247143887434038925354939e-38
