19 1
1.04793441115432767901799610806838127642766755513203292356287191846437831655702311426610697779363390760694172685320742102965636456229231251692850158390511592779608851840255413148432597975279794323640791947560843537854107824992334882556887272226390108469788084242134149125424191244276348934252161039018976072969e-41
-1.58680505757190396396970889081815027777982523881881944778277466620700634160032783104906157564815262550413133942451713130509298519586287149364531661231030693083102851843326059801535816331129175634749882008408478099221712519764498134087471187278340585212055667682280180169699033188894655554885730567002057355364e-41
9.70156669009985337979590882869349243833740458466972413709635627246749253074098551520482453188194309379695596539249301385736484056901732491781395483428106691489498465998168618388749889351743214511723567558326073332690253565495659276544436921655816821522649307059134143586220040598405971380190977488492161987591e-42
-8.28799714304428087610775202018129736536747319855622135105113235233889112230001794837101934068738734879270840948982540775961017736038308165031618659855606276993860476285976426887537913996322181074534275559880597628946754541557091679700537052737642210036074396348546831357034763425494380211848432289703150888969e-42
7.9551374162384939656004037804228638512653404658686791952338582488596453261241204721633783782719466745752756955255160630805952611519846095940790663153960684114094805246685594467213464660228022950146627603975949195277425000102325978713972717095260720509447856255071376161959141136430749389929760772411036276382e-42
-8.20937403019385244863470645361279886261991744883331133317474917801627275213396939889521675140975345159915493250568201956121737721405064277657119675386605052515831569058675852790847355434612932582391987921757361894828402456199421075281241247571966097415486350527975605347786081218950952040592280649741316959891e-42
8.93649556309424438457001343773511260327501208725436009319857187891019729594958709062554462054477788098006038052946184762175441293788979008902906722844187170825701071043006838595171464841744913319646908269325065706912358132243435971939987128476627739863552097974712010022108732154271402596225253421073654600074e-42
-1.01395562898940134839072414352273448727372578672219833666258235229187345916979901255894920885786334619161743468587441473699964529867637947234226620580521839527397425019162357278235118689654387597681983627891161699423094743359707589017277042929410797728609721842252390588700662055888581323165625885196637879542e-41
1.18745859826762191807336119218452707969449812313777845593352282930601345436967650845105024265469078481644504919503329014959997191964895059236855372495394229390537529223586793111878945572404357125957009385423994710893411645023572189716648923597072572233093541026940056322923488656626239047317202172419048138984e-41
-1.42171708920358506430386170423829082122382713616869403900418013531954287281976885607868109874259680379330944423478674786680175665168253331536161158347212834194148699363232278125752527948269144956089648488640850863903669475136862489035884824907478832619677419995792228219915048601510008305880515639766319147944e-41
1.7220419190986593988661030594517324311792405122812236925441814379925268062116967543135283845701414179060709146528258270067614959102894004029675617789451420664799980456066189789639785282964035997427819384213489840371226155707893053703409353305094476369622998487222925662907405383337029396009851018101636612832e-41
-2.08410022731098165805696092946543264392219578229414199132235377699191661917365819591182541310230392381139626503799651050052811176114076589078552766508077102332758691456303524038625632836860438253084006722163283407060336446705423848481870635103855697043737453362793521131995507169566140038366302773893733346711e-41
2.48151452327054002277243036114877055020915405513012444338024240156844609891944998549009736524788267752264978030469937284878220457740859941678027233991567306583797669383413716724815937762446064927577374529647828448290151036107781971504856203266712310557241186605599016199792555865979485475046965551685033335414e-41
-2.84884967973679382256809486541672197945070859101541861498063218585831850591641758084711527700682122372668517017877925563151520366542971293665637524050119748026279717848728481973924915636588794179822206581722861737704396230149968218035124072882798310591398146677524501964539185330518983284091497757127954409983e-41
3.06738101926288308641038813248426820538707398370148392315471742217583593993175570281266823353801124150692887994859095275416029887282778223243826138630093621117595614968024416930348836908602344519174176623431037853958023324931213870505435649562647713510548355229715360947932721050936929069805403754222669481541e-41
-2.97529609974754536906674405859518686332953064685393593457671441363164212780377903089665774887083439114653398302687300861798345943874793721128822735512747643737870124813165462874258431644921684265392220007250876341681415827473478658549102702868453156320573230479285903642798294806692149913730297006888434108653e-41
2.43886048899835433527467916404815282110603828940043430903343650743664551353873104220223517676520076206557707183269835801823545853474621526328561914073135936968610167044851901412548559283217873843216063221788501610433100969373488364462326144277302169017532351550712461765313654511799449045105767126898557870292e-41
-1.50261736410501743678586792892355669209817346421879631134677568003005975074452552579898299553254307816057253254059427989072605903870424473170325454075561896916598130492088963099793984428283481611635992499792668488092936820036237162804899070732053492300114579560435457993616219278647956358740927174696118427613e-41
5.22201728081471866735062857226731405490728931991403349776625756752934659810181880496022534021682342373698471690146063086361100150692812504229011271598428107826339298700600704847924706989753885491076440406949355220844515529452497654208585684760774864876341415614418377539216084338103701871850171752899555711733e-42
