19 1
1.04793303535638993025937244156166277461088740867999320093334660129062079397653379341314514761790116307734889869776371312119466294142318997180452334627543718758343202913640645490600626693408854098408246508007690424464501246753144691211536257015704210540037208482843155230732543943833315895561555503493766283656e-41
-1.58680297416732094654873296806714963649578533170994911973989213286540558082098750436061056667164850023275747690051559259933420592570363973643518079919141132855867110143529133423091003121192288878311361380690638949196367919658663074031179703705019028138646812487857231596709259190494294733907835603864982338009e-41
9.70155394804954036954592455004710549718112107035873534011233129237810575471159746366179800069246508680337014043095292109089938564314536750042611915680696871829880061405502190070987194616176573357653926587830947479714224798571259177425586398213595680317446369823623953558179342901551828361730334925473592826019e-42
-8.28798625092887310849795176514034115920845792459471190461837572406029919395716137069910264988426436329931418348658254543238785293278716712127521674941256850274872233409933573515328752155148030052680920677644667317641598264061441023974512125825425203291159370428647169681569611025683599941741074412990415769786e-42
7.95512695234988596972457536875535669875092391923907000226752231029209041353917139085801184953456549341665574836778738593713014442101141427868619919163926879414637598478538901924678516576804985049955824646161520092495228741012060296582517697395465141129978996081561648074270029256127383336015046829018617536566e-42
-8.20936321945154785627131111845437252773489140963844386921189802832291722739436933073291644899468920912440475970072097481895988091160392881931854810261630944044715531560594472988675803184167432585696142149917836086083105673556494658598163042435356785518498133792398317669166496945927527446284241100881882251152e-42
8.93648377809303184098048461969715052545902573930682265372749816328018037549187099153399602246358506552618174368991299443006780355384393685907470317155716946643590974455252688662862487011904209447380259155900892238981741094974207345922309452336596502398816279136527171286149150941810549120457950289222913020177e-42
-1.01395428957605973680095845693274303378064434267614852044554068365445674477512588677024619857333911050617666013187778961811860688540823917313437458870851518343556631666391829551261368138901852442464586974414846523743265037157020914847451027300598577308669811804787283469947535581028113809166463009364162112809e-41
1.18745702659095296947006469591484076259194394795977190379906151392434155841236451591670677574288812998597302398142913533736948281629254460602068961374363108263907901310662163585161812529120630897196499904006328986319509511927752311576912435645287324161248719529641117418582496406191964619743205669852982843602e-41
-1.42171520328877811492901699555910489623698621174452149069231802264342018473200479536133574594858882392488721830502382605752827070156712758390233059153524716128954513076637897382649092412481899498789238816542779521600741870996026480204326999079681875336560588993786884171987720125812535025832167570530469040991e-41
1.72203962912181345499345858528527301553219896383508108256878925908963960642674765151898657070418185542285346961922368935099443346814070821752928721159139647918958671737981551511178416535155961925248890977085707178580195175142647359902274794769434079856318418648852827944813875773192761179282877042450512849279e-41
-2.08409744825092531029062574967380417205197458723104655456479974435435271016252586398907351998451317557191387872507894671350134204543532563139123611578681193366755590012301732540918818130285075227944078560006656856085621357645564436124423700365117625925439750983063305813802383950626611284027713009799913455684e-41
2.48151120432102751552680018820419898483787663370882848297297535086409169494166602892552751523677815259310409194458563393085358939037057327810741188513655262993021502730871897194271874692284978221882689570724918678342676356772029474077170321600223210711495917554656502799274753325531531024680045276586742883522e-41
-2.8488458570442799940920298253530552639082874411575955724447939168612756914230220099626229875361973357955813027467436134076606032016500980572375582795803599968759487965412179064452108877928577530836201135274288360421613207813791448587831536855266178333198653843814318182996062642339096326828544569559732116496e-41
3.06737688884513385981202019542880843397512451661094046246891289802998102411442292127401851930425945730447743432582672434832434872206857623005272069540525180523327694412885712589727034564300959913918509280526664871440773743287280312928472826202958215435478227035977884895539438424569684605347022711010373180763e-41
-2.97529207821022962018292021815484497388037601590016777056011155038305164364888259680612919677565658260572620325459621792295700133054366698942679251743754627573031506722306378160306867411210046237827438612899130190455216788697490464264036829320498873678993643590391932294220743651195933064447757345869237749509e-41
2.43885717926876785906775505357573223330609573705273816640919576611288879309528682817357236636014711215459198517677438814122160356969087565336148018453006426915804214806282939788983342130056786760151848526915738412579040750706647777382084692116085828890688752372017761932674073760950667932174188990568739783092e-41
-1.50261531622613130948146139860295833707630365711966905078955308133699040616846401777492185825817757410848687507129585429431280492798383945896542801287472817569117073788983684681024521526352683334652744755945749647505226986149789907546798836751613663494433533555751793186212446411437605764002774687010758915646e-41
5.22201013174126006606144874017998381420051208621177424971606666958280962232037030973620324096240073136374810124793328964659038527571931115520365125167275004575087790146400912099442737750567452483968200706309117142296838736888130608778608136141555019441248907509358453368863982184245967944527684267754999476368e-42
