19 1
6.52965296049790028398401636852273824441231255314337401478004739430677241011388418254653148474770969555562486484355983540911901726564028373454480745537978044487854852805586053002288220576959347839165163601447252292410919392299996156850334279715585408242383130382964542618624690817738302439078621541535552536879e-38
-9.88734241148984143154638352020928286946569698287271652971445737588708537863061533495954579174150993569069779640246548012529697768335216967260619432517125127690620922909774929545188694305978408295640195740796873711286440235890393590963613835351906461943154319470392256718182390943330026859181286874547127943668e-38
6.0450218261535161689557202399873822729578890672999223903628115722242833503508810938393855144465380134334999080770616293051043900992365719052840470408765485730872267469199540937557227279741267999597560859086172465336931043222035584425752315837481744444505416811632520918982598399976908535307156846167754803194e-38
-5.16423022017970236328591833158150900186553320904540376419220608258800645769755050055514431044733680695001316507342518825641748331435542405372466978597229005170981438964238564333816009365494109642695931572925583097832062884367464193504292662680257664983002463626913946908355853810773132299256134812679895509544e-38
4.95682619681188670371462015135965296603094635052421719050762492408430891186051842195858496709956928069504589839430127762059365054502829258263573112716809825921860904757460525794702015848953316289217259618264931756538930200645397094506599936786038562637524482559303015089470794294380771301874695080591893955935e-38
-5.11524044412363404225830561825462979469483905969166189441344842173014917484583196413682072220939299712317390137019600302234828409024284073106136299872720747958824712024158428162950761578384675001146635935123320808061928083099532254377782940154660460905349556974422502305747145926637496853721057096701288350371e-38
5.56830812154243731479796583226037725946168961608118470927488766271197045891428206808900570588417845720724466907657192744114060448375648965261164640098796143463105835542279804748400665491420354343157983985121217373217118677945470540470973159932854796192572254260772981203760486881450998120241377210751710119057e-38
-6.31793235401198366667334402178310002928041871782347063181715747858786724593768902554594254251578938919240330124910825951048454668736247770494777812745454418257989363189362624480181442512922131213174681810445729552570019747951876740761167193565759262166196663713801241291801558215297788630333619470526092207185e-38
7.39902517197570540926011103848146809860902930182627826377829022846681853163178807516473791456212257644732273780032701512457031259476174669924652292439525041437784376223469604510571242612933451244085647007194755018709861301906993679346786524359374662877656497523452855735819252079130361721071361219357991699537e-38
-8.85868420626873714537058838130966897015165420887167974074724703991323544280472124710664280590898716146471288207252189192314432601043988380611227015604062624368119807349518764588492293361027911192734965988271875869357155174192361133474161996023470720289431535091708948897395791601031617344298770019651110269013e-38
1.07300010611702480235568315426150173460972618667628990345167724665863343092845204557642571308802608480981727014541775794505955395424781024935083115083419365138974269931417672968193560001699804432117906124119372073096525427218157935431100404471196588197522057744113394332643647780853817262152797564252726898763e-37
-1.29859778265956926827222452564651797989732574667110914726470401558856942482957702723878174004755115631327802043386939075840065753745476813759814766385631188416101360742819016080514898383438569267052075076820236649297157054201947595679779696890588178345973318578074001075816970062526561198296818922863685226511e-37
1.54622570388831680816931988055182620089943802154057828936559035066757590949711539323216846502041642828235876357645741240430762990772945120533977935269407523148155001155786472783357622409188480311575088062965286399396777144000134869068404395916787709456940491158975212890435655445578855634303521162104628636769e-37
-1.77511140238703666221827357468975111982226711308632698045560656560713918699197591176499120463960209628157785196959615070823458853086043656392817617619081308743451859516682075049934911734552880855046429899465941189628871198507926575509081822591678646034753366905592639358869484234450879127728050679408668135645e-37
1.91127781414394765308997721944469230511255311034829099369389667966306864760554338073164512238053735173863402469082188834332096535713225516531255866678104986110960526810464942672251161611535139648575993503645540610562181245905277215021474749126645598589262111772330365766496573427614944701325372600042851274468e-37
-1.85389998068204201542639252082201813097328450136663778920747589994696074888481474698260682806615748076495701046102032606832086287060476863488145723040609144050299997324934742307814761096928219268678704220663731591199709572087236322836160943945769515554584175650256868879194397900593810178945926443528417183254e-37
1.51964827044595447948529515419915851626636165920664739885243629192874169759146286525845475662785980649842140091346222478031505225039276138133674933327955714510495118649718079274842529245836454827419086925227163389531992814002034006964181740816786120235997914691619855842247646998532692736695928041697243651384e-37
-9.36277402564924829480323735856440878928550076205910921521830845601843111766327901806276158310722596024837703303339343616158303495023737966476822700025257075859604538569404297568919373048585271928918473453191391046746477656241708081074896624780762862009392806846213692947225221487620766998443856253848984207325e-38
3.253827013203156910677690631290163092846937252840036337366940417331486387800524018802147780571436409748043915121607795647524650078913492382710306006245655736405823036807917877286020268010630465507743372972002580567993946663015001347449072516824015426475018807278434803825587236900525682612990414675478292327e-38
