19 1
1.04793268753458207968240665043916628985525563500844731397689889565760125581082738141698578893704875194197153708649418827208840483917309856254921177997902783860967261919417677765576027366869001993619879099608292271822746591692851905668315562451780561282906498919601579039501143472480725579201464017199363945757e-41
-1.58680244745222150844812902226613975931117366133059762161780365314938361767477845291128293483881469767535947958436497143958190368717340271452526705539360066150144299372493073893055585935086949681760621260856255433392610600925354519919778261535288992059599268077362160907725357769555393266729828250517536939982e-41
9.70155072667318943366176296885697632219794652569487436875939410338853897660314410999251772852594141921835988075052586931629615568970811817890213871140848995683775618497097383807366571004759792166526893263354873636137178397732107361550418461727876240669017749661387169644435946332042116686794292684070945660382e-42
-8.28798349724310779920084196360032325025783905507741200095962213704191713858143043832129751019595833321927049319364575874009800502187869241055153785893831707034299660432543306114528452799940561762936012714636426444792897509407099351432329027322543619574200390435469768938955557608674208438815519379546948982886e-42
7.95512430692615191182028365529288043714054794163458587153538585150416865422181517952914600003893703604295013659045637333817966212949959586722052705032190036454376928817652495345742752894392898564663759883443203825079047000848652448711556921424265079284033387785838737226797717136470685883485463392171028844717e-42
-8.20936048633819925383322716134170666388016813761583504279853053522896946601900024377400928543000885049236636694060389740857172739638776956062558002673859126018001424508243429881498721402878718115797485078533414592409315754312545418134073670073367515607829079379121736429912592030877416965000463081967908697629e-42
8.93648079867290253279927877047709425628085885253455514678120042390116250196807788685945385595228154552185181247709271272744197542662990774697534011439525672844601844143805561919926507043949467212608244343072173275988249337380059700664245180130998014787463289204520585478543565532043490548223116679012663074066e-42
-1.01395395095284976047757792660557084208099649410155022757381668708463227484237417456633402262384576257213577011005687589958818364327499358687413238346827066701206622422372358939695843149535816234433310687559431167547039752381604682649724115494921363540361169226179702506678969493297839467823040431693225553918e-41
1.18745662924820454820701425610880101833863558036646820217511384352644092081948608084801956903058436402921971278737387564590512811520801179877495982950661484180550834991398534439497498538175820434382634318072295469765808404993265462864548823277426355263567927669274405797194667946982323096951364023656269016075e-41
-1.42171472650207310590116757367564415091589656891411199651040906978555252246666706038329551084360761604173621561067851551030961085710364068169701710054835103040986007904161102551790699234741214621594526884568723269349998070590757721296956386863881591159226025408771872420568034893080325197799040727969479808887e-41
1.72203905018237343816227597244463824521746162373483771584307772748837760194634089604985920741756281297048137854859691486904955116183409587930489321180906294849646843453320201311768545121518513365406714070627841196732819564554899343939847436532881167393749835103996799059695925395265997198659809933903796509275e-41
-2.08409674566417646402821497863896537545380328321415440822726981031808210022711493260329265576788286563981232385953764741532362490831207828238917727868642341211397275409771913769937937797292718541815224918622165882604987974554355894478898602550353208626059674846319272571767183143129606152766618545260377396597e-41
2.48151036524243093987868379822486044335166013107991995140289263432843890252652280285098342022119192366566457097440341198309501696391436355118684534704367149020206424572115122855516064702518323448588227068388504870289625274617660124964032339221345965956921675884955472453465335973151796999610558814095363129122e-41
-2.84884489061220404647080402338634090508181239181905152705668899645240998049723457898085552513441473830396792183147690679443890801122305553173035603759747910278789963306404663862090352559489566660007344780736344405475026282958725233025201737877004662580338565505494961985473341735964323038317678644971992019934e-41
3.06737584461572892640934460001427015063038405527494085978932462027245943816525967247278827259054173478489118965502092590630330274579752513491703344741860268235090849248967411274711150331461117328806213761602900492566825342923497426913216679451331937533649154040074718495643670362447188660330587781435293316714e-41
-2.97529106150744840407538963842811972445645721618381474041161343552859735509453092714508445271775910733930854428082700574577734637224003767498713866956483182575424728792259977566501039889442352414270569633956720038803362252474683656113696043800414338895520384188313493675203808031212626222124372565299486610055e-41
2.43885634252133734696086811627916890956621116828062782972490834677979599974589180945129364645335751923088577849016203017564001252344978572605608843753625428811393227514115308634799966210901428800200771359110195680027294186786174721484854720544380905720329355451357204560830943866147644295747192443962121940622e-41
-1.50261479849282078330392321391194914163119271294511648965725590292973154256495334781884018976730273904658418923630305807499563024844513718553673009783751236454873196670260245741843238932176261099539810170773859745358113154950288240682911689889139887482416612013017039652386846700112301566795188293419910920669e-41
5.22200832435256410823554018280152181426622959402424633115530196098955194459707436201069577256548078302708018547817428802499758699953868878017331599545394061096458324252154937915418646413501934073218789202446466844498519211421484225372879070703121551049607314286042162674361930255599668592509385665576531407325e-42
