19 1
1.04793272422870184831102244371642357361300563476029322631504322963357223238406165408156971182140295781494871275287239104364497192943357426542787777245054547115546087307714336630085831697838493194162388935610088757534253226160414754646482156212061456688615643772567401798445126436527448828683724328752209275759e-41
-1.58680250301902756212757755307585932376009022100176460351625580108534953854884894083613076193357000258534947961591792102535701061765515577616876588626687643688001400916062004438819437231426982180310995791874060940112687674895989948703570466352628813574526791740310891410637185088674655960626885856056995447901e-41
9.70155106651838258246121715138228432745037634708020315318879831976756651066057945268534885911762983650795404944595127258701848645174714182342999281090723365043678896801820448828378983460081456172022356842480625275793628388956870864134820869877549239377650048853086320354676411198497392784697839662351606074453e-42
-8.28798378774839709421722252197050622697174717709131291835537905384261172210086365049999559430552008419932743507461772840654308395732556184292390095464041190674986337914362765457540119690597393213908694862029490176371620101353259913963319707214028974855927603903995037616824872014266062718447633969085147225134e-42
7.95512458601013253575930499361125504468570091795962041580115034682351892927253509038714419139888518076868279716957964666426471231947437997786769495272895434836505421788176201329812181537295116777104254966752510248156679317444605925509999662256635060958486555903055340607341860999955684275248395657873218016063e-42
-8.20936077467316045249601736711853026921058876621674886082987760439254698866186386994244040087011115732428898422016549703232931230004822292027180506381802897268822327546669714844642196613594459443564516366357633373250750597235034945733862876711387763840793357009531915634563327175967986211872829587836980674655e-42
8.93648111299246176304820849775757644692503210246550922507156436020980905868863814536750909408102889538482436144275112716802661451584262163043282484914705781932486656645702776267212904485030143038651328066655445901596397938916466836520781513653141642735877986530334625246059361349076032307868266895183461147489e-42
-1.01395398667654526157790389108554981136272211218591744184095091874323876614744831817979902592673427467016748783844288667643869602153289924919400066366960549367094273230332126420380474712342278717024982050684325000271892972214107199459069700406928112302009608417178129123810017923686990223106512550050453262167e-41
1.18745667116662844212331748230757114755599951848246939396092086525617580444660086337185461241478956403430729849904633625128582608904302432806199387951391881152262048403900052899326433369764337810526520059192428019644270248331769733789887440604765736071601860126354771391077237855432230845735464641419911180048e-41
-1.42171477680158688922471150778456429694600983626636382372096683267012381480134952613630179357410884639517435798585415638465150194072804666915920483861935920401313683962076170555252615360161444222332594467585793524624403089076639349649047755454782397569494177411184891456995332859011260684471229012162028284986e-41
1.72203911125868236607231739742188967146515173523678408384388609960543477859285693717495434955663468416618319430677180312666453690981265899529946050646234915532581225369446722814102266583842697263022077299540999407555568133075104810144439016434118353383567046909565000787534474451457410420134732183048271910069e-41
-2.0840968197848908952306701548973139770006555036774507931164390081483633450122458500867925106919478372075916924258457084763644733374857841734494114321794263531160109730651321745860156121133526370537097368615788851451173292203488053503545294054449078178346455945465323218551201084274113018015865645491457232339e-41
2.48151045376260939089453497241968830628651936016509886176368974491688517237288044463609832027501425309469792432729860464467216585567708970219628773511089370576295926992684306382254711866908419604364677590771692767754502888747686324554354476110708820018510668331054290955122000873678266846866249055590660213669e-41
-2.84884499256777673468475355578846140394800516655097490576990423111351006142591340529258876581800554283512385705006004989348701957751986370076931601303320457533127500338633632383939073009671369773636487436503316168234524050957988419601108385377061566805173216758754935318812069667871232433636935909646888093253e-41
3.06737595477867605515993299327676018761278556385371965838102662204644729395306211989878108576359905564507255010537130949190557805484421486839063084637735365585223616605728545447935990892557919650704126485231465103405346613362912762677748734997096159547109230364131442001716058495701055382164169366007990877733e-41
-2.97529116876642112358320711935547250630759526296682321684103225281328382343528799297656405550915363983069296802176066633305615882137195060375610124357919056726514731719762671942632319229504809605057667939862774069794087164943123059837536287512294162420287976723741174706104400291734358243693952701411315988509e-41
2.43885643079558053975787018190685931986161634873362515812801745460853684883519322917638873717246944172662418334066217601041905593577067539353707192737180598904080067738543620840650691491247662629790577139766828565886756640179569476671706614639002256645067822347295159154926584090475059199964766771232387347073e-41
-1.50261485311206885876086046773855024079526137997505796631843362079566040972303995397820102320805603378493564753289493941297173275635425097652963050791096322765042914837229681593716340135608513525278557411575704925805750190860241615748053627180306013017454385453847231357882362304072044652026917595297341716167e-41
5.22200851502642650010511374812819535769349335781205105073982368653040399223731186996350355929425202018457936514032293265490600514597436724778452728236610215034845425047320624366406622913952469065094610777495203745379010199028420373525316856326719949908661395593537061948406722983763208367212059791560500837897e-42
