19 1
6.52965182631979805618665589333404830436825279999663134180955589842892282975267528062681355760121024955088460680209270106514429673330437703013736957524981401813541398513678336941979372113390783447884076107792059458960768459487571385370093116647658759854068390993046316925160540428324436893976126302539099671155e-38
-9.88734069374915979209894956753941419931242333884160847102010687686055884002865847049756899626986655370373749121241023954738207092122888659149941943445809107277064356489915872084611344768454355526510739344945686686183684720217414605549300365293030338764948235241656090047649054794982313245191554196589896309751e-38
6.04502077489389811438045922473059617396114183931044251517169692420275907136189635582528603113492726225731599363595786151663964722743934016171653330466099798801201875965806443685019003315188526954913300316410062487370662731855343036570441643261507292750892302647593558896264108226083943601243181650278749814516e-38
-5.16422932047920575112484231194976840602445707515271154159339900074652028076448481275164288457769518389836723330161093055730040489939031751061972247354438118740934551954243958438711268007478145232477187873954300326739410812679107989950523135311093716185572383597276499300974340657656740552069178722146264690984e-38
4.95682533100581934690973074032432604864309106351520120183104621223682026834364523966748345909591474667602167838619582246183290975062042912346996172923419436499606765287433934785691879179048959091656102185723174499887286333378999469233995988461818188265828665817119704667096171612696612859689620471847400705726e-38
-5.11523954762590147414161577510086098605921569593257718114689913043960177232021964108375563296256645281315396760017070277291747314380034998763321954093681328870231495367673652650445663763677925449674324151178387532063994605319700406309292314535621682991973113512496097155244148426556130445207286132453790949135e-38
5.56830714157692057204157843381656104213228015088432015540610063579072788392916967461854793173265513023153680938875905733331474272808539470454803887209269712059140334932049254740158877749685590127742925695314009161166293464012581108675267930846115788829471248760560116965260483738783457779049412868925495491863e-38
-6.31793123663206049943217241900413204912273444485796618179796834758920227478773486776144198589571914327138893906528825449628290871185442052259661886811244575714320124738237512374466360813858830283384684435096028749820118045313412560525197890768616714496929323161454770487773746250322241237193007209412073145109e-38
7.39902385593969525199338381814862836987222786314178663134449616728319119975527005710479390341110406126484151045937562670940190963333112581942445123470293405557924482481511089588649257996305521830509557366257518454572262149699229232315339284063731328664020750318780720033520373623819537813693371642165470956031e-38
-8.85868262045109164166538122559787608998693174929258282428904608225113182765027090761940232465720518494640283357240246698791920471382276790872866442605963576788662940654499119372531798030402757106439706142996357227249967770961102958673290736142956943864532536560763933324959227220687982436445406335571883178685e-38
1.07299991265681958091661560400882094110972665483619389015571124837415557839822786793486372710639617247853152253459883124348380268258167337550794255333993770509942439178096792058158707771075759731848145331601469742460118269342108454414419185709968087758301004917114397196668936009536275904933797963897053482945e-37
-1.2985975466744620465913903323969835495456570315842174523539713851440075574895068182313709178191935277315836702247031343112404852378367921508960680646912498944542749520690428965264366463016128572145034815871833852781930395507670277000445475131575647113369676138811201225032248908878096855485601359896285106833e-37
1.54622542048583526514988081465999492302138243226725226519310369113299999132595856508507966105117796074297247042981490971594238044852717782130155043472080525171338400754892889711155652370225225431747546082260786582064364987989188710488152869608148952623197932122578232165408195187347846509682397900564714710415e-37
-1.77511107401058369108814285163782986263679527313067167194758862631362458493227366767517399285833391657875357240590833767390180091209301498824848920745216076488487704150529091941762918713513932606169024683886791048787135792169611668654122654164810293114679932917845400978552621160123517248180507732451086472464e-37
1.91127745705841300474357167704866345235370724821829487972608192501914705550288525219883036312870882068979469300396477270352488404827682703329307734538421951715428001207565760664116098497926002518790676478294696787334735334124374180511114230398165527167244008040444178211041705051194140231207441932194618289207e-37
-1.85389963064468436284561055324614646280322136130646669528501332214557121235167923967893835810004364827943566064072459976228073815632240066052485967912341568442700665457874918063239624906430470141703490675567571034989085130872684836322706825334442176389441567389778309129402771557494835027414097307537953570204e-37
1.51964798029813904027193462992204613922811797463077828585405854184534423104043070414679899759977235920631662129464026691378050299037978868473113693543649860999782186849301707046407230644400125954393773150278902401734235280770591449141326954700095880837689619766974764788453904120130767132326477510671591080696e-37
-9.36277221686014971895603197689388465407736700269633436351919291784696335820880025803776427162217611904539415300614867296925374865763391572393856003594134316340385854412998984236606863774446079416310010064488794079854977130802456342753681670787852768350440163262462927519086784908222507865793042118781085090774e-38
3.25382637679698409853197764206269941802644746080702804425332394606632538444194293690625039516077864331860956680107238543180339592932464202945357829302722311258249375063327998866923503465296880563011172512547578012113416768702645777756447699848744788542311617546670470939562307102209038336878227088940919837416e-38
