19 1
6.53471768097023956197254290915001287410872858480263415558631206329946740076098049919228984532214601594783297586650341713421829197298491773483608984898272973960909549544095163725662265309751009098855556106052909707259565401344155827141885966337681502719164298705257495485355341740173693203135232090086014060373e-38
-9.89501313064056208273354686536378822757379761063240933050579040432401425973589168398943444067567015608333906844744267639001235909415664863153996386849182250668792640147549725822260764316761334111673371857298225868179380004137405880841953412128504111132503793863509582288433607664202917397577055926070285943049e-38
6.04971654648908086525860568245377681205306244055541193328265672105692071040142930506350949800799775364442046864129601705242651933314579998297750805248430836620891041064663204978996523422394066434517166682198007836178083535403145949382135654000834131760564593822241787257357526171735085129554533313576379230693e-38
-5.16824846017547061923224309649083350159619972809618555071108585593553543109877675598361397835644885221462905942381274056923836804072934511532567196482060345457797455077078797936090941448903871246763313288972764847176825103071402971463690010844275248977596974632902911236254663005506224624847813529388985740073e-38
4.960693546364418155055879316645485844275900040673659090730083424592954523452220033767311023901082737749286119112610848631612009884283364136202207560977894338291415370126725852254136035059099195137591111495567658606679534948457660252302649159850044984651277253011016328252499307421735794423864814471644109094e-38
-5.11924554403084176315142539523883046217034376930179995416828378534229244747540859689185360250030362816405602986079053523434113182446856250905931072247124535054114169433599441778890292173386704517547466321348259790861967062642747648304444045289319399359172650030696333448085064019109043023904168596241706742327e-38
5.57268699545263151505350832747968871669298751506695784520837321762998512906981128754265731984879323086925429300079424016001169008482661866653951342005428678366867148819132344659241487050924895266226421811771046194379183827342254440712028713131225434362432451839874059151356173065289560011418381657260515138918e-38
-6.32292643666077888133483271020424790840894301503154575895440130626055973496095285492620182044690613522148765720551585930202034758009158439226775065676838374953709134619898613377092648394201887585872998505638719372969748246974434976124630688506445285372809935213108931945131602502723325234358567506364032807212e-38
7.40490874447122377729418869436436681106717363166993888792969394192304289890448784439524213979443502716105001051006127621686381353868034997056499278182997932562082475657122714759514040884715703134711749058129466768979369125677459745454656649190111021340201109587513274011306652598328563921535393828143240865087e-38
-8.86577606026742853628136111601589241648710311541063844972215387173446589556338290985203596597232117345405487064848651329764189480282072779712735935487202816537805112578404494556888506292593900369522420838077859368586362137943420663074697124508953201819900510258426534191686001789531456042153263419584675703811e-38
1.07386556319367964200908164247599398116271249511624657806385792185175078764549047778148881877770402951678863833861557129180900580226216863140189260837780583361267035963738495447440511472760826820020721294218849192272846593037548738937620129116606780659532819907669048515502819103147802106533271905262453013185e-37
-1.29965386880969260009349922844159468444633387577310101611858107038151209918203011198069239531086521243302306005815294946121378728434986703479537186777115874228787403985156342943652003447099751100761333988904898506719949116595823290965289234820386737599090820467370760684429347193242703506983673549682261330016e-37
1.54749450076474991771542873264726366315781043602345980442490922886782909982406848052047523259945359695594082358599309244233623234782282809704371460402144182424592552274205713671114294685091677540654064518096201211735270312554298791350190232757254933736373107649969046842004965115987042758821904829512801339708e-37
-1.77658217756151402597649340322489544096833784543232745214619839335080206080410042822297330437342340545272795575332576918606506430076673622025816478631862720901241512118418799541630943721965487153715338967360159132707747586080362612336761371080407585032118473077820490605625637904727008323173901583728291117187e-37
1.91287790176672164418935011638242971703880842100755835205609039120948432348304651130733959111244681007769839692502622106182478300727605101403002010183099482928904471208266438956069983559876468412201199201881699333838921215487225058550014324084440786882852575155996962224611778768500208893836343442651028434161e-37
-1.85546923656860446885792499826857176199983704199283642975950450577804984757526784883712289511482845567541472164881631607899073315278522431675644293068693782885536341325052057020774609710088454243378374389047860469312745137029503439499111176272652575745985985316286775978074914566275780339344930690275144487046e-37
1.52094968722117225205771745419979563605305871434592480674948667303813663304056877919431692925770738729344216587240512715254007659446581036523217025779453429833492121014670194668997101469252183859937988276295904381656786237348622196582335383727023940832249744532736664661737314891255040261250346985992592248883e-37
-9.370891330148911917021791962453426826929838444522956042277091526804767864457600074694903998991040897018946916638298472104612975918464185366987834937226400792096778988972383466565318076669255326903392418028207875913505761857351916691828331239165860519465784625206885123090281363009924941910404775279467359611e-38
3.25668456033699552128636515886711810931521740882585846655969545564228170546268658782247286514057845728062591542975874708724346623680402110339500494228189079710645583339039132165497200333793984364944574881918111363741019226051955040192499861581511086053252717574007634147831620306586517298601509039088119397323e-38
