19 1
1.04793316253565015193314277068028620263480262926558237147739331358638249248543811237932549217436785241089438131563367377263730054328542655103194012854941242036858101935868984648677563055090575537748950332703896474146424275429079812707471478823667279902740719811610556489503840532236125908616548121692102954829e-41
-1.58680316675799584605987805746772324681461134652478619566865868847036867329645297387865964279930652619059972159789566744123560937124395959639374961589581248297842735788451837455680668513163571537136538747467112176134861738936414341394476657677307056733723177278179038995507196120426014886936637911031426556733e-41
9.70155512592928471743612410152600609187477167737890236768194757593902329200493301316970444333448608206485620411103007197298489453308799267714518399364640217936124760915140065767836023773042650260667250569889444706850861523430675933402502448009435545802789649749743124141926473966520800290278540182510674254305e-42
-8.28798725779995633928009639402880955633644230019584781218963995490547916069920753890901811594096028550155282697514807248274813217621032400354956844016830681600657261880257374225907979046807246414508971628704834051648943198458842867432804915115058055707926311895588060631367869746306056401006464295056633992528e-42
7.95512791963551708776688843878746912767140600604972511031431042175225973651617348692889568143761694187469883848146141246306474894855240574743355301941753855342213264292950135064070205089497058025205602836600698724316392131832286959680108650665822303140857246045277220196640571478307066403647880096589672516598e-42
-8.20936421880044335470862391701584090235313993475605655513338025547636886473151333133334811656257132280413137140051783501058761022094497179640017549777342938742195018968141271649537719933757257731366742892227728204395667318660938355814674146963601965860858009211001648253097247590766240935989859776264280367049e-42
8.93648486750274834439869346474643101520626581829674788208109839010997789697246357050849334272802673327457111445319986880406423081592136880000532282581907722361081234394889744183931877571020446673954399869226730466698421924334807255883710973108637370960138924805050254395127733185810772503876455489385361704436e-42
-1.01395441339190393796012305563859732239238847523706357811255459235544046590241449160919667788535145223878732138627681182157948914789516831173794645933768227959225623110623428987598281933921592459936304842796981652234359140647092769161329365558590292603520296774578570593145293268567618169968153462090827658784e-41
1.18745717187729750139059014115174176135689460477603265876206703147400748574639105045670353004421061602814554546991675608183917886426441895515466857065745985670982168054901279584111493221897693578913917649970956187240357882438336618978025956319645178178688121144652094231987906648163090637013399631097645042172e-41
-1.42171537762340129603920916649757414139308514290506181990176996657357518974469549591444240066805591547898187613335607781619973762985440454542262003714706398321248704669558339429060634492365498591721196129508823029367380250735585534354367367762479836126219526953388013180897729006418748873653580130168105646687e-41
1.72203984080806520428483203840774994836829585254564728948253534002275642073078180159469250906755377151226675865455264065098866695026065130545958189282208612732851127344759365340473335864926814550916944217429899550826177527427828388103100526628839285906061718891536409715571686504164333897743685472381343168925e-41
-2.08409770514818831072515212504004870649433367667467364186128650594206517504898119335823274395196259676493325650446377447156817067231421811510916400119437986464269795295887726297428616662507826657351548753943302032003951114913663523017060951086397979872045080646586451209169036288303436274614671427841714085211e-41
2.4815115111258437570313899297001072661736089671882552696256506239082645066367408352265192899504015193111254856381646899861695124629904215798998532930807707436073110328286832265081528631523568472889616769375638278683837039907350784277115499763720701589413494488905922252751019324773301470723950815982199777204e-41
-2.84884621041525364989521316072247280191136646432401614489337672012496501150759109338430696045500258716452881538292551821172369672250249869772429191774031919355875887228692552439326937803745138359461565712495264045167090801346768322514789020841638060852021987966319095253448666351369407002207363870336037417857e-41
3.06737727066231238232160162668409984377715059828373432635044680573040915319623754260983942556754697479163730982056553137782099672750480710332864961157255908570182078006208990531609889349623671174372815658323175362442364964203516911654397812228847377826441728247999737530070220546044538556114133956909304677517e-41
-2.9752924499624454505080287098286627440613513832910910007857445897504783239038160183610702503400569674542450616283205214607558297226054648086282988126684597449007328515120042704970275987588537737482225169050128402601693208528263546712888784514675135858726110358093589603273554839264771203927272643967121782269e-41
2.43885748522122887322607785879674449103317326241825997506792488188303768334352900262661865005069886947366064420711815653988899063682847416246904553247241953343298051926783645749488153250877930535863482497064180497372991400757242352224147533188928475939820522811812672057372155234174545306779268113636515382903e-41
-1.50261550553269899610431910325298124645873383088509543253061176459432412953171802088290769654712923994809814740604948904397798918380155259362174296105708555810606256715431189278994272747611889967059637090769153478210366617694710782686734687975114905409874593254290674774375094761614066260559039221687680831729e-41
5.22201079260381559699406888626243046572844071213057727757009028871349612158165743278388998331669834200116844976110027181751192648224235769689109818560961024018869570694297502355969361682565722610919069622179635611238063068552426874379985830097377633202972554819238189413576791685977697132070602356138119491679e-42
