19 1
6.52965413160128623467152416869017963778598808680011363514439578719212093812760702037031521789716597796180136771300494123027393679584961040334075918465819264249934670446213656534687478920967089226850355002750769123725121730146904067520040874356917604091458870557649985311759741591420641791607831964773961899711e-38
-9.88734418515478418504688208571059839487149193147189338735041330018984571309418164031109320463485031793084045023930248518915278452317138463422383936972858487354270886361953227698010061390782574280610334073840602719879575565388476906704262677332071473177555462806258235843081460717649032596528848142215376771676e-38
6.04502291163888536179070016868710810659142737248747581248857361780911944990226930381140552920561004770062748237700592082416648040809598407556531598943610078404783149773397257831090228192073001182151509407745579822239157475968164429823812731943991446346447596920057785194642538517031425365060817707153863684496e-38
-5.16423114917169807405456383311082705378778077953246637651743161150373612902065731888201030208067921404716520975863482810902062038852813072607153490898819314716026971354164690674921816537899411209730028835757251009806063975031090047834899399521312576659439542936718175475630479762442713517845463047135041193301e-38
4.95682709080601316908371947568871561375101685505380154993557958189809164050941330537388875997155990962492695938696341101395036472056963406389679201847764150670947288735014268197020407215290556911107397147863663122612332086068414832424751975775433185422163457484615277660969063921318336217388167777327279127226e-38
-5.11524136980873415865075255177905028916545089629172754777173440792595150841623200783764094324126836114152152951470239757474839913784732744035585759543423469354910917444833731914873034829667368929998976373523787370464002743305346105484986336471159570675414370085437097253918838173832731085665869939677318707693e-38
5.5683091334128972867473122873135743545450110415772263082066416321252977254271570672629206579279063280702564062071814981839993827401954822653808667188400369336036290459955746360694089596303088233341138096308944562132904598284564163567297164546964179478693546788858619657056324941975164183328762268844380082951e-38
-6.31793350777082314930651385830413740287951508833208742983271953323313017469502812241537954475797000439556055275685285232489513939417731506505055361240208774711325700853373852813108821787729295718573377969909571904458412455323445181294577875094075477957836700644236048688713010368462852201233120746796629702866e-38
7.39902653085853921609598789834121908234961473357612329230030692125853767486973316698581029832060574678080788913124843227253344700284913320894649665830751278005414678823223202984204934127546300658397336997591473421629354532613889154939521843295259270334259567253651250220484638441150985106604506888488149397181e-38
-8.85868584371688077135317202613861236222436949512637037477598050040075859853063761668724621413258653996950619960912571870178964703204898789740080999230540514451925495643638139168688771634922219437547175488205346146680438620874944378360730472302528476687002281880278922021958929992307104218433562481086920208042e-38
1.07300030587587541216720998545993442915466503829869408392528759783362908052275931937131130690459324578650858935058894207528349637798557292478712124198477169652011450214369259730466086958239860846413083712554721765237241163225197588167840779376145821428016220061566687501902509883303166480567199192348420942371e-37
-1.29859802632788784640679314021530347623505987556848693772045210401072461848133726302769896939377773142513488031437384954465750523682869412924125570891902024451718578370186667399361469891443112020972214365177475856576378784153384616185415463442061225376109896201003771117699384452204804256781016667604529616402e-37
1.5462259965178875085582222922051568426042279283730855745573335923548847806827689897033633156782283388844009625847260472653128320475022787904394955292868239201269157294807056164463304349554737280848283925892103142732926088100834488013459683222249155756903934776144383920434317607890534869679746390343363645258e-37
-1.77511174145492862250254605988473341116478044372615239267224908897488267990010586563984276189395256063085385441223693344208355488166705432493006042752707415169326140871023336320172108917044657789645066750540832278498478826688638207472157354949629981225600477002118475265110495577073309219388600282141846131096e-37
1.911278182855733135440227014020584701647828971748996162706952353256421431855154834901519068296519999441568904134483124508495216887191251061105699501738625621597296144943459346040560744668701185273345490203357957041596492863941116592273285539222925449048918604138323230949631590500678418335598230499994305726e-37
-1.85390034211626147077371425247367313765466860476176363545958954999203832249042328420352399474782594574297850276085270742434977944547682550847960265305797627325628247698969871762990399560133601837604570918568627083476584821125110878325693162152217968052745631740190630815444811734821791045809479272851449785915e-37
1.51964857004076762095097680505363739728110632212488459023810941514740187539618403062446616613594861527641042599594212598650300041740152628680582852941805831770785774537789168757311608797433761387690308305702062173545168414332361254798395241024178175494533206606513907976095210479873946254087159558780463347073e-37
-9.36277589333169001619336689466309981780759446869603423326476717256367833446580562034622740109282267844610370289755747851206496896873182536136271848012763253794423270331868976019687895318971001806337097122375136367917728664212065892642950368127528310429036382126685015478130017525587263032046621502097665731888e-38
3.25382767033060932197619864782416012461132694624300020598676833345299432949028090256844721898824461856204845069885492931107174753048078984630277263263436133870959354150234602796721203887254007600008230110398282045822885255820468003628411566091306226078237056608732001751494469574973820909174231855078734852235e-38
