19 1
1.04793261455091890137291207326380414994127672214278650890835730665821227549501848658232480299836733414403629642472187541006534947097888987007887863980606513720134387947481467680070582974422964385645695538604472047871568452693072834411187565613490642229727016293971891885928591224204188285538955738198607254039e-41
-1.58680233693126931930032602687631046687730130107691650482730383008083733574057835630634310394002867065646793745760075718345988621150743102699061654225518190518900618901224605482991591603354302042766700935846378152550831479096178989049601199608307820230902239191059385295375726247011217888317643936997071661044e-41
9.70155005072981612789035306061355197453554056382718095113588543648025732500422336646245867747626899453621839325621802975008165599992133791484519188199663689199716130177801895168232273845722699890930917167871945315182893231592985392762755831160129669343708773967382079512824522177835489055596468000911670222559e-42
-8.28798291943553830035869937624965216506181134209801979908299505434491208721225856652506606290902187803482309759062549826959166248237536971948311921106093776046992232340584385211148692918800610068055350505988718296625402406777375001739935824056429401379408712291568838494810319672853872062007734957837938811989e-42
7.95512375183527303695469497834814007232440663240327833767617333436597204756893885064584097612420166144528413072301756353180963295547642608320212736503150560448554790098700280240664628515004931094575198314830287419293814752382242579162222680832914188626199721549504126487197824865039096483223838200400246550085e-42
-8.20935991284735813189707582890207788698242289500336956471992626721324890218436527534969738288788318970554229050467939508220987184084323299649109671289042591559756415581161374715264994001682034484212076913488975721562180384783012823501914049541843496442454125716263538909134289921992928719978020280253403115132e-42
8.93648017349936362276538926336951533264672968608898611886440402911172302502585184097339007869051613577899405376584494356387649693941436371126694495112122653764546841150699071339658063949525171183150817903633164038241743909356113488609515288642955540427182698811779670897340406662216642194993898195335983243733e-42
-1.01395387989933611030735751106577179702138029214819122684507163290643906126384601396232935240678927656055646681641065230603117925093859373297997588993510562559853845142825930665451965561361852137149802275115972795158284077983213418064610204127610165490663369361909537748303524051488086615866615067918814000559e-41
1.18745654587353529026364407246806285641180383761491905861234296382057938162715466130755659653727102955245812164137883238472235023092174802752252172626930324698380047958802328325221750486249064169993474715520274911329429109404854174588881754050772859849761775667009600563932668975248121772282822855144308145031e-41
-1.42171462645763144153127291140193562938447531557981226429412477036084643600978827166950579731822691645064497447316637943778404672458884989820486007591471308427124156495808742125889497753440209639117320443976616951670846447132155588982341467367994704468859862798306381350300086644749206461992475893603859083677e-41
1.72203892870316326036896478360670994551391338630200439795984185366831313015531548290670887015279794214736274431502060201387360965924764628868299316482941653828194766791926730746600647710615448646577020127143194887531495176444621636005094623021774603578652649552667877886890441464586016071883335458856032064832e-41
-2.08409659823997918940634254886159629063482373385879895791138191684365003406479795942685570860219936954426258298279934498746776443338225375201464268904214811591575819483614813660670232480214713038780553674068748875713687500728524213189751391347844370331877761482436488275675305595955815908125464298886683004006e-41
2.4815101891780702246576690707610461657775441248446535162835475500603478951994837488607111059092627484518658025494625648976089636114627170827356181646303252730245710862204901584246078948110440666389217573480123070644971294760900274353218268092793966274424954828479209839506791823687332103415512598096704292207e-41
-2.84884468782519018961930108816849686685712397215408109853618886942170022540294166390467383096972572218246500058159544550749778733625565069369487263010493166025407452653165178828815358643608341079117634617032841634633327846142239114680140453029887414049411568329849072045193551349492528227420029481103556976709e-41
3.06737562550445918679162033875240694228548538763503146750194323511263404341236863729562027889297390797806274219875162089420140424481625140138814687197284991855364134659052815924168771033186604340663442776079497492257148401666467652494191800455648367121211070945496531363020878778666041145663072774134330201111e-41
-2.97529084817211010081506482672122424044503411553485240497792849094489395642920941607466375962028713648782529708681729160008233695574706680640872242455836110364645240032215112790024091959978902607612950148863360230584361695549735878320538197361567632330234852020784771760313570592357956511394042947064918793411e-41
2.43885616694613870115372260561569175453334608372845386473624890333028709511815012853069667543558277936177337553420009049981020551322272083986522216865587177185662104713354550162690240460007268607198223008417121287266593393551480114330105725660938961651344686075745268903337402403074333713231954994111958131693e-41
-1.50261468985654214073723900290145549297259578175596376182766526374531306640813794363316575723363719131703382473892480219248362619038182681359913436826765756351834537948275233298783863293600567265653121980719867443339420046915408611478382727074946188955389244293136888378834621348480872116510006934435757505584e-41
5.22200794510716143449511596267519732060917879798828658490675216982744157293844931704403767007224581451463484685217730939405962356085976453449857522940754194950759390003209603983958130052370665793313370324558890642447721880774927059764399446529467181178129278026573417570505826958933436673511253102977662516978e-42
