19 1
6.52965060295798652864603688472192471811997385418136371315557748200780681994501580954321029329812741552536399841368291381107603341001815931100320645887486166866212113052544441535844107022201431847907297842793462665254701607457845637149593053097846600011392847334779805761798297829619888458561330780115993424207e-38
-9.88733884093756272198856981246237746769410191389731469756371223749004173479942711239748064318295058033888922570621545870957465506935679582393354879779924046340727387523669163227470337323727528872373632782379607452713971498598537364990584132942431731142272325280714334748347377964001623395422983654772996574364e-38
6.04501964097072716140407354518964207717472011642613397732776055707070568084696365147776814941996178319521665395856421769049210817235209476837917584299433115703608646730625602132897147375762801542579781696047236217506703235368994424247622859270759805202150504767148490771626478477163578196772398084476458776435e-38
-5.16422835003272963159110103516830587380422279651547545532405654612670539815461633981360662478023484075045660613957570480214727779821060676248203669908263708090951126515554861118776427906681709402451000154544757145630057493554699055083848169520822900418899814648762137984042220534958998855923714954332622349762e-38
4.95682439711905020548678155395376870756991380716904303336962741988512465612958724046972494012214942690758661117597014654291304694716121067758890482332307425173944107363416853596395405048611951650800458326936398579898267152601165765731408320043413054432103619916797104787017972079186363432803995519802508907279e-38
-5.11523858063418287339801620410673171156626666558211695837410061714290818936979344592034006733584128826391596960531141552330349002424399442367547732589128542550032541843170759844390409227428494817350354406265604729030523506896116115798734584294477350276281814005693166791447665809349688631103963008304528780512e-38
5.56830608455423983885276489543691904000865763259348033414161079417846035313017724239945414669822042153303208580699295365863178240668317419328408016325018561650285105125551176963642089492579386320300572230187333356808038161530895242528683265620647963410296363269305905863856251257237928488695910822925664346648e-38
-6.31793003138988551280927393750733779886700780366605624120146208845917876288043936490748918574169549739949218254269775461030711110887124527983908808893951825658575277190782457112111002862791510413737260143314392466997976667618476476780242736088430791780859404508106292386679336337269299650869298858405749255672e-38
7.3990224364208390493423889313071239478290364245589538112817628255597187924245797195213259815518749444582266067160325360407337698105506412235361251916435192678264993939706280963543149423247332730164750770133468775701958480591437516474677592718681611803997448923496990685714251337970453156777407412896340563178e-38
-8.85868090993735081502994315187524174589142071469770620385469514283608633068710717902011836822128897084607681034284492585603159133867839061884152708972347064459168487765524324952282479856144117517728043255820798468605359163027852221322426120580034487334814078549951700669239331781525988140442526183882890934175e-38
1.07299970398447957461503519625487168432258907416040721028127122082811380451762764669623992535197082142351405728402937251500554294136092634573358749298705950035068748270192022143063274283484484908607918198646062660368300559322778633829788504511298532056736356394574629478742763627855531328928869192373949057473e-37
-1.29859729213345886990530942758861889967180369060417157440654770571249776592563970964737605057218647944404662841569814398164466141691033799322402956845051308178105221054965455126921834629396966035454057411051786324400162055435916859548999331040961179249171263712120501133368925257351713318456510262789021375167e-37
1.5462251147990177022628503525579959767716291904396622332923252795759063666878738458932418517447004735548191349735330903114616804834000743964752784862887859317447277982108594393879140826689809805797504298082166047800158514875066214408750432875001565837238129327793710596211068370702397316810656155786727214785e-37
-1.77511071981350965721258666154321831977044625697227182234032967126034253383390548012469759685853945970950924660717231664861627866374711423148680834754728494077335863927801938880899259270540354354249490125015876567563088439165408054877374937043949706512974255593818686103997133000921891095154160843562303067503e-37
1.91127707189492317060893199774992855802617652884351356499175153154822095364887303895245029917536882272554379878197519598263627245003813629955718841764262506854157907147766268627815443921052698761082870068782900698070298194188837775268481448929482758435518003652730672750503134113062975286576856999310011281171e-37
-1.85389925308367338414000962012054277145703361590050384751452163373354067398907903825738306719507273010939640364014166395382989503677175499459380994678828904900994781789959085137248077974551410860086426817611474781481602969200720676939223439894621410834806904211604967594710088597407605692092103165116165188853e-37
1.5196476673359065074286854017377316676187590079673184794183242213984859546016380212866244036073597906904580833498355981460863294108751484903585019585951237592329132583731003118533081495618694286919108150977321284517022439758005529872585631167124475807503691910394827137062539215332177008753700242268788233823e-37
-9.3627702658459255710517936283328619112385714346888715750766605869491830979758417756794718761490941892890477382061068040060908694179123409368331151571408042053687199632276344681464278497937869335566513255951856890389255582325143175427685132447186680644218041325791633138633434043954730685778613128661176633502e-38
3.25382569035038077793118790786281960230583936866281367038474158036886892456543612732381980180637824435499323361634451091490751956056264472748813743835316870175113062601578115938978227964602331960950311357186072307423270916125059107775144759254151474023964316965108486006659770320482188596697709212535434881859e-38
