19 1
6.52965135721472114694811921543566031132917657111713752669445103451709234509014115980575542257619178326463244241560147326823556405528239152588697350146253941332261295710946376879540719774560272667211454699909298090100698793275350993869964967655844032275778187530815300824071471821830387769574161592020127229302e-38
-9.88733998327796474693225935298990002716551073567429602407353471664256834433205167956845099084806524746973610302969453265290252865997947689798156520993037046047425898960359192211589475360249189466778313213571528096810283746484830202264524670169836839925340504394777901383912840557561320465621070454882275449127e-38
6.04502034008457458701833976386532240872120138586945644000644773572199225954320280147683721809527116354279034744325779449255138291489563110983581769196733238791043128447191071390973364957090148483360419110687273037097547004324699839508779676283625952418235936195595308970329407045462974248113955309043412644737e-38
-5.16422894835594996665347161540234122915291015853915812115165567581431737856084112845459500851038646999905799692078940110404803065467418881876982534023462900648086327506066731316200041454832753780315142900058974666189300330399000466048588848662616110614932937333378366122742356546704424391313900479065598186705e-38
4.95682497290158466722524036548164539563612834979978112033220357033771823125995429405481494977766955596819471377155180086510308580521681074211388975078921300809660678906956732226031560870969003700679223059688932538035276621132505541615037956296409998025271978103753929626686482523381656098257763836984682095376e-38
-5.11523917682737367719285308841651409719870580875856917607033182474091392558280546534681995596229904517222231997492267261526989719472535463714239772018908698085499524638259413354929604349155610753608884539203200726986171320580353866559603144805245103014448613331969623892127285087662035630845541473438531010328e-38
5.56830673625548925045746802802995024199120739886540030628404080052120621133551257069408678828950677626965296707788789301402785798243174240528870293827161646060394462424492512385670281009173799286193378177073734385897750760650324345361362232467787391671637867547255885175709588282238437456508292291260197554512e-38
-6.31793077447499201467539889633856813124241132489342805481093663211659556465011833307533335051297184466918817783498776583791561861203920781068366372465281120465615167526832769927127654740986737800436811514457010495881103344339509111623720864676696554132534820476318805601978087531012158473396984599696578582838e-38
7.39902331161697100277106413867268399133380604649013750424848119532107621512647592927967665455018878767423314941135755403433392053467630442806158230256064306838042065971109873226689018756183267901046185513464585642771136634460031859251188937724033191910379423197177253307939113547471186027481099475516651970896e-38
-8.85868196454465939889138784683413668668072456252643086339921176198938501899563589418857262601900339142977279730519831907903514933789799983625353808035969484987588776480516171650770870456893230142444711794066127385473034971106858442666490896798868347891763858798525862697474700781565156195904475605847073180295e-38
1.07299983264019371173684114343649300948570903896863985071251960181091325161680818080969915495331959941663092150906579748921131060738731982391043428959912929002354884590782748621300220610269016318858624625363823344358552688973743862037232064398147837228960712880451441889114299808417985764762070826655833593309e-37
-1.29859744906922352128480573250274277737754074606285262187272672897071127192807657806814089928138231158292928344439369921367607642285605834402212934145614573237732096081101694556237898158240240700373269494059003240283363991856312322556133649140702450667208956111305102124190304417470702914036452684572572422113e-37
1.5462253032684265668460590498200892525399008792834766020424791812582592559259549887217434539756260445552654017845364167499166927829641909093965489047711293578254443986845336740239926592488248572444273583035160970410715221709857321029378053559787967683866716693501688582324922134269457122060367131458824753195e-37
-1.77511093819162171636762875136122656905683280748551894241768520518512939660757211808410953614554271685490921640466955930500477461168300313329188827619216826566192504397920023157862858489945485761682966825855810087308468664488410406910407753251647924859175463868211257154581890121614677276771279119202791364469e-37
1.91127730936518425327779220000970910179145174497389310087628507431267536131754907315132251281282746538843110361196321442488863913053055210186105937256714801484954497702505843009308334694730448092685978466731193014366851944590965328606560328056259445694852154568959167649990366510458097275613071186070623792825e-37
-1.85389948586665934255235429709103781841734457760559826647368030503152226446199209049464313809040821970434353922907005835347942930852427073387036481009709690016508020418983620445062484834784699531041796764000174829379577960074906319231668855667353972793074778345156211045314034145292981239095177095059903597103e-37
1.51964786029089110944476579763434087355623594982489646381792347464265810472192270122925659769382592555200141034595901729975552406320520899882642934784232769581658835151526577582268872374594307464664625265211635590070037934845365261128076781118313636082603082157522698118576365631677024880381636099312078310461e-37
-9.36277146873195886447990069710165567250628684738930805816407157726659332674102890101677109635018102477101145477976623684993468759106311853750991145889448696873955042568336081184624722918466293957363622614496328339115187720335538307853591232308520449944991407092178288903480429260430906075137887801396785903446e-38
3.25382611357486242791238410145174521531392922828271933711341343015516511132845012014790138507774259878265443647971689499663182790148728807851725653610640678643724390319459009050295495091279316581602480959156741360127636236744247063642946157088280808521010587347992769604671412857072603072027922025217557644811e-38
