19 1
1.0479327856875562572657101190288466774076512448397276325855318806370112266012334036580611368755593109413023395259412668568992666865518030451562800113932147466830218131762047443721377190479458764958426085825228504350960731367288422808970199842985940673445590649946425467114727843485715190064714648436034408329e-41
-1.58680259608767902499849058663125827694943097203749854602802258147317949547552797448258045581021837385080821703267986630770203831625162240965559001514840670769532680790057043329644444864521250277844142572295750205295727808542387556018239357562257956989049863620545741257688448589628922032955119512560515320734e-41
9.70155163572392255829313596792998607899297868256243811198287847676295360690477738480491988585626528719809735156089188079897715357811036167920600852357220698193222415459540899627936212270607258886567099286679796729500041393706140795605696492652207495927240237364483066157620674047040643239585908993594236161516e-42
-8.28798427431470288754527108290492435913877246329934697291713987061481713964170413753970100373029650734069209876214509781051716428320006439432832131825651319063452490357764394415834376805335163291482613581912156647035362743708187862403442897913505913140201876707572549641317915600399301722298652440753929915525e-42
7.95512505344692833986604004794380277848680311379506183597323454266886095126755361417187926736512010821830902236212215322679278821840702564335435260759105397608124057971011297946852733137112832759080674369665706930431562970570336811291193637833639452472336430306381033075226878196812230895607660650072406727254e-42
-8.20936125760439231051487724212085587789532200188717333209212502012127961444282693676402965947597400321397256374040499741910741730565917937701215893708866630215052586163261698193575264040454988649983989189119792127128133177015784313590049871257198197655579376307620906397453141730595611516783388804725894912328e-42
8.93648163944520806230754344170960119343621764480352832429510254119778360571454999864820128066814381064960514074392422680592529965460843210591948256504551560312621480483284048562201589006463917850282888116786332759040758115642642577375344742368919648826326283472682508714202045876023021753018459397371210403465e-42
-1.01395404651003983007500144457786932980946792710251791303676009238147135689684081497172353604674938408342837332572389208529944789985509086445230294319350387075901748954046373074685059916783727044450935442307745213925944962922263277356510777449682420959999566489399848702473314744829553613041402834047317700366e-41
1.18745674137565241531519567128852377438872230733733124349030303006501446943567546829126399223843448487518297325572935992094202321944932245983834645654760758168622864473884676605923027734655320099556384347596264865317995850655569749131879256464495774502097982492330430333461835161477148946872258475167541904651e-41
-1.4217148610480696942351387468696295015288400635407947312537080749669301710561726769142641381612492913476948692465593103705064847263912016600287154829789919729513881500903408388239225149743762564233721331916543754917210965996698299939211118732284635048131162963523258676803905536914340360702854304875974403763e-41
1.72203921355518261217254956224896620604096512971644199072399380200666078685569491472857348563401115114286132623949179509345101300449389954572873978876699989881297484657604065448537934818392627354679282068602842873701280350370979378875530438323801012841501169366860290526738446373850550399712208100521998174493e-41
-2.08409694392942153707096163953018169188628301500827672781267851555370303536309109264542519860514082849683144557428362992166296537690080051522511997682333600095425379507144728165011742322479718134637114492655292358125675386427623821519857072973619320318257089561574240775822316291189017463565608732968988374607e-41
2.48151060202475347726641110828708157485482048249026749879613940527012765278651014660913491529029969955373163294594093288972577174259480590676715011615706472211477240465230818207131626989493252426977435988587815632633658458405199905736223529430311499404684953658201397735426367993942700864773777883453784609442e-41
-2.84884516333281728770771201395221347311934944064153778069830293731499196282828578317285878409972667063443746744666247452192560411973357627318951234737433688238599845668649162049072745097827074477504411786735901000937398664797962734149109202224733969412424747235400899371434023850795167974367987594010418970005e-41
3.06737613929022075111147315686318316023501566596430103915864203728513818740941614052164590276792186919870058411154864384572025994637312042036295997205042213230027765821102743724620497477188602701263203949072556472377106871843220890015320741466857617769936056522753766488668308992566130894961107674442498852005e-41
-2.97529134841410972617745067316433911363694646875403816439690916001782420744842194949722674552475870433631143173537599127265888134605587276841681336480286095525998322857922072343384443264695366527788951421254741911276452341628693764938271680460854993623024086969264828657123514310536346892242031365037940601215e-41
2.43885657864581088286599307706131896877590522410415065390607168742389544120159977509422176224543802762766042772732323725004644216220812658519263964344867156294348353389582470310969947561963593331009052277377102325215573676196993790036024302226754546706942210994923351733315656628302965398369220675605067825073e-41
-1.50261494459366252537969009242582090581007527768506011678568514600536774580451850122971308417406734017882778692799963331678602790941638447315457071315313300282029766084317819854663235863018485718693094209033458356091822806568731271801931556024692270100887294652583225526976215592609085456252468100707777045995e-41
5.22200883438543459832348216292837582755550987314293644790773053237723145549092850147507356033331371134273940712524131907261744746392928911912822900820259466736735571740424923930633102553101884778596464785327356238420198086222015914075480092855665787175778717578604672669595627160157273088536791208365593386238e-42
