19 1
1.04793250607699306856951639874345031750489754798469019076124910473190090960146445137866320582067290601563781154333417432143412933327665853295926503077735253822446368642331115889650663926861424021412445149855918399933395654818718322890958097873365668541896818866176554783679413650829805433310210911795333202494e-41
-1.58680217266654147521844894680941108238827643890315494163721725379371539633381838897641578266180360562251826518079611600038597278645009040689060453984207981609033843823271276456520624879168702867074214737783997166317399093724751579120825312552720662014175515035974027490140733547391500269753278235361296882365e-41
9.70154904609085874768689672853673505699700952584431405198310654232875946186335027876671270074777107398672750556245616194501789696508205247828798313549508638352273022030746606506073117877873834177855554038033816978769956957663202609368516780456174646934319186668491267433115385239033523510950675793160722267878e-42
-8.28798206065355096577151254799307048274737573273246393855662464788996374848825236626922850702144637616825171321807511013242873473346967648158674600522156866715846843244483682448663244937614066819865282729800514660898703732639200373485220661968941689913070500199460190549307522264130821596225642067145792264618e-42
7.95512292681657753144994207330832188845338696483198604781247022221617363198234322563303459626198455420187412926036435941045844215400010618699807935707550093408392448000340021265606447916958741328456371564087812424605422282016117845678707319849840021062201125272608893743221034017060339543375835469753112587994e-42
-8.20935906048122763824437159265732200445472920658501462090377809439204827815413205257234683775841718545240796701163788392820777312598654195987567531765679580683207613560664606724356113690901163884876340098734788230089959117544461350840195361105795163184171970637565730382181065754410819583407877788266380388334e-42
8.93647924431844132741411357369529251510234203004299145816723483967593506579437279121321039968701252786654132529634929294671493280346427043924575136290765775273253922614007725818113365157083489558658913605372550306505953393947731917285792465121337268283169283815674742149039862680685157488580714158122579265368e-42
-1.01395377429414810053743300652817299213787634974354648728617447305208862734465736290403902263007597074698021415206777313056018108345670081321453007022944332060576883105293875221042826084730648533107962602827078582844233946811126214447488043506320685928561258380405679665545957237824258060148902770650490323189e-41
1.18745642195570020568164124879266264847371421813043518674512314276589534905382213579870765677791197648614409249489268753675689132645538832933266513778836949456561988773130843757691724146618260176246417693673807980543042799241729769729813096378044893640868094313470809399409507879421360929772669447289002828239e-41
-1.4217144777639013572833369729249277993684512000289054564076607136726887217935372193532625265825444922951171038125886909339585834164461729262641538077888518205348178257434130149042747350506180484358441426402083072489486443445263510610098766366825618145505768969118130049511325698226739860063800096488619598398e-41
1.7220387481514354874896154576505263324341800719574639971992513381094474095054168884944004594648270385050569313315510900015813623800940699946562574368272947001799879676738572269378976189558705507812687971028416390840071478755820497490038190591090879738550256203921588160059333907107372159958651797754800454923e-41
-2.08409637912682110965143255099311846057025502204453238602684051329031850996263511108110626407844536094216449330746009263312966013620364038670165223417422279616298091530340638821224351008929482047030605347281189199313962183048997706251262280762225594071553486576357439986267840779643957172654164594054643739144e-41
2.48150992749770447328674728840827804354941068315374802128781164846359507591493271944964852737833882984585541796582544706341395352937365737524223699170690572357768972168836981984951587146411803645999774840911314774883532931026992170959316566492792905533779788833554553549350674531370162781143100887793285760386e-41
-2.84884438642756840497406459895573288639276988584819987028300609193041741536913486108593861872559665934766496976072313414206794359388557844704923514626661483619338946458912721153113630517814954559108299173663220742604645056123319206064195303244240173261373128324422052181458454433381004568765203079834612401406e-41
3.06737529984447793782810345388791681576064313826268775539657074628595040889708188358140345385674215114391171250932533936458297959249158656659424924787112694407332902253588176420192717629221278459673269612162555583908555791131295650787684229855657000474301134682829355905728924915763869096475119969199273294915e-41
-2.97529053109676377580799167539820181773393905593284889446594220163838654216121621897588007807447363192282418959418720761574613895740659314013973183318156914256200645646229418417088373655079610886647630040918762987306523602854482509898402522637242655408218856655488263879370338372783299768222280982145621880787e-41
2.43885590599281093478679020407230459805179918749234629770807761186819468383072038462187652392502659618543706131752678842986723590604049976891460794687623827832166308575149188277011587367937451201660791378780797004650143021385960861529029548860046438185328115793546128164038316934006802523739677507826663858325e-41
-1.50261452839297325119515059244081969398066952279670125729157250248378831283145570411234062936496486881425653490583903597366442921205052873771358294974121384777236863055540431164846594606366395843543092959509428112113358101912327757875421871997484174741567918628996070543134649154801444771529678527021177239659e-41
5.22200738144356392220882589360428881528863653159918128418934841957121391722065267317603292386854647849168081855956778277533361290872769922894552543960455035116088853611299700344638975449231822392264841312822001235512184839599400285763951494115049293929030369940454345305386606185775440346920442844130321390281e-42
