19 1
6.52965408585674128459223410139976458862518744113428942626803443065982032712814861892433999408431674343899869173056784036529974658440747850864459934835586472583046093067167228632326876902139946628630180064489424749756819470989005186238696644314275495092599809525932621955085354549975911770147280918802781734161e-38
-9.88734411587354319885623338966105471875554635788983908937386415697670368215980820126098014305665973416682444395502200431184009911228106881670141092611926679926847377515709921205738305955710244221861322352588755483515392214344057808094026646635356965351209323791832903301949083136249484735960642561927935699974e-38
6.04502286923867065911025727812428359968077992032678070290889455245298031580984225498990658537877070150597618815920294920014779499217588095741063365168382164272390379884527532947726285747488894923995423720969507851577151222897167034028604627824087230619764896487956621178020962404320653701372439820244633226412e-38
-5.1642311128842804167989203590642264070665920331458613092761980595446269714505661313779422977684383816783626750230315978646164796605087854055458770721341120274368376779683290814519772088080972162131488454872487192225221016455645688296463989336023951785805669678613077420237960881890844485622602984306843703983e-38
4.95682705588564847332839760482043959406486267466029135176452236827398110012784237558707346437878394068009028972071542301986543521126701636745025158901553216886016227305111366557730263078924127269811355598443126078930306496750549659043419126560189797672363291360312436005881990041988039032548593291041742324473e-38
-5.11524133365048470358562235716782474847289629485454495541939767379926926943270222355883190553059867584400379970692725922534270673695468410375332346215392804061355981346158895860520252361564689757115496717826815029522830430792213558576153701599281260043965306563634259319991442304136237867799702995354130599051e-38
5.56830909388815353504420006207612425155711988361449552023671877086710118713689187367686055569432061386572093202347576206646165500957364017901103611708687713479083971300479209547454905414789093092034898313761803561224546927245585153963596618972743445820939568163349310873955701754316515937709889860452399521894e-38
-6.31793346270376463294341651689343486361758864437166449407486536228106343903350782417706799855119777249137427472352890690981466513565220905885866455129539330407248630518246763181625936351225159708975640742915941452095971583502853241519857097871263640973118807190878044844416688445269627972042623504939262713947e-38
7.39902647777911366351578461033192912654021444264614652818587939358444759821334210922767364393210252519931113591436797215233899365191275954088734782478699264503375239766911639657769011153750204056550868179130796862822960060302508986695074080581857701594433765538313693573794128593044599173488014490009967482532e-38
-8.85868577975638952276463474397618676515022231476650816916549845229612618629164285241249944139815568479842323706080465806660635899096401803898025167863638430636806937639932192482682957239124536470147113161583727459017196938426884999024773935607617771663582094331823539254966136904809501164120957226203229295788e-38
1.07300029807307850154401547453429870441188451112961690088123025167511925221343805026023383251949920853334529489275485198166339442292433924829226225640252206427993773763496460554402239515975352217463652556356311625826732308125908029759560379086072898748516880502895061949222962810378991129514491823549507859357e-37
-1.29859801680993869729878298914276656685618601302331357692422930599454699235518862210497831796164691412692622755229005248770645086780194912568044355119885436993635367990654506650326552724344956552511719961932240180378618435216355206598112825689163161051565839715777180238401753351855699878290911667680762120895e-37
1.54622598508745751844778146169611662573782962246577712396322100187508126246516604019486447531109431955690127328453455962868632101269683283847975134052081077714813181514889042255675721071009581019783721961140610595538479047399900067000905197661019093635938942806472174581242575575896429941219625298514319222372e-37
-1.77511172821056574799389527438274794629920923477388550046482794281756340841605647852504157768380551619433697160597292611559879940956751468732400456943440467074921627397185385909578664054850910012661644054910799290090610978124542451809285951907215302046610723502851992453932022070442751340582466044158366667886e-37
1.91127816845344568127414133338572058252734788031965054982258356292765267116581730965748585347088559850550324974010663896832330531119387466867983055112084210661050467171105981740666045282077279831606311045229393892832664374750216053795151552426538917723470491252681341316739062624360470828102057174662909619913e-37
-1.85390032799824202428831713764818971247766373492000187368765720723448938608897442024309785331590811787443020425762202624166696518307212227953397832882693665280685704604653573965365342693675895741232534304608553384680447407977577057774204739087104862431731561555968303836861807525174760214892170076326875218645e-37
1.51964855833826213187185752262045167221440932096975554252928506161450664149946246632100678215876595238517169233168748169129881961160543949690807900756309167758481357558211660978207795034443984436825153114177934394435071465848557218706246414483835334444393182748860123506172466174110472815567470273397737335401e-37
-9.36277582037793390796387696086356085716541984453929963103428349066513045693246163610913124449787740941547910769989665426655853300435870650023352756301485450982179520337655694254580722852112241578934702174104889984099021883935765748207787179036797433519532312457414140349868011044802411556837859005236346676041e-38
3.25382764466247568885218699558745109092467102597989925442249126397022032846957892653881679112099989834137876786346028635843871070953717975843310229176684429865155691737726050669136607183517706894283716883628958414811190346212451493716250524402676321327313080570084515361646585010783539243160708165752549166414e-38
