19 1
6.52965027295522459414041998146070448556218784635545325884734723692743378190610336409133494641278257598594961274737058505860766101242941671484517448613391125608078627472883876545383206167186460993871720895160051388251302007956175105606828210725692294409440972628613405762733919034313393466699804413195394234793e-38
-9.88733834114025297303910181906143316712410691089561976065534134309437729275189351264421334594459763887351317519294902786069782325806239078468197962517581621400634899269861949212382707201729175102384003156214009982219092136341284140479916533264162521296068878842220350104172334204083762369278424029927874897316e-38
6.04501933509411166658634845873590649934199669676275975014384018605056729589511632874285714112644774088440242488550345824700703374656063020009621107595119254896287598372728516233003731890614215099928359124730820658226576098504302875755122251459458840034032481581897019338359899698517306023939223775966067642219e-38
-5.16422808825408185038055561484380118808881641226542752858642652980399906137736108611773002673303266985928726370985417757305398234298130466082403934890964725302736184900357601243886535805203846520106784321885480277090466270042974062973795628367792758553677845565261912320304033195614128842836014116391053395928e-38
4.95682414520242145759073792924724238804284168622696298181370661806084796819170348025334492966074408308896776209520171912549701895290478287709317124774736978635697927566730490456715606807822403399175495348171001665729817679294337229530146088099631736000793472915692620182298031453408308777056855064719084609388e-38
-5.11523831978748536667863243268100895446076597001036974240912037823305197803976586194801330701329723400881481534621407802485439794474930946823193194194962538276555180290473857154018211181538735961683789685673160138379981262405644844822381874592471642995013383684681842980122885872610847973804889371224460020967e-38
5.56830579942164723751004760959324252359822583033506947393176790375820342511952648783048982087629730057027504499857764325915962592041387194913817888290389284425936445113772442778772262692533296015329054009440691927232017287899731935152686993802577040755657143876857703102878136959345840832736022296544519697518e-38
-6.31792970627501017232191385320956721834999526109699608813202753227017058185459043155733001103442849386734727605924690221093531742685816733110169582772382358216453648951829668012980423931040952528218202137868096461722911501696422017069490744537446055158497492963833529872597701020236733175063786083569759526464e-38
7.39902205350472404482371178846102680073120474524455123812079996263432130605061108944886543996943862071504701054063578011110422873199891880571662305250397857018936002766847598997968443442508759900960392166300096650781312726236482906442600576040263533901370395456650699348274004354173732424562672711538873984963e-38
-8.85868044852523070983381505665432652933886304481924898652176433407269930012171496571645325403004092891442949402015134682754893463857295890213618629766729502825162481229684668693986224006875094305264177642214832008248795032985509136660282810357305863650025949341625466422336898242126627231318314280263669608338e-38
1.07299964769499594771490923649575199817338882917390727110696476446286892655840426894104454643699140386569317630856727753611832813180920850453608184564809677192908688243854858378834501942327111243492974126977000016406834981152824955699963835754074344327573809939858849256061131987949595080253273556829526351957e-37
-1.29859722347088602966458767278788393339536097802402051186549943926829126968563863948094520750996219466816284336515288296562134012756636597072775075715633232258242149004237380715429294263890858681437431786099100778510962181488653786920812159078616740673164682814243846550646068361422301885389022304776389394361e-37
1.54622503233984557565390509787098300913376257357856871681913587026438622508250360428478786608542947388465058406221642051795745434511751926883462338806959959429532046573472739672859807834087925034770869765373110737069029576169365830353518192979422107712886761535402452016008116687539284444905879232495855236504e-37
-1.77511062426868608476795405826072627458103144894435399037415173200008916630163361129698880793964620565677170601688403028358108284872872905205233655029024947719203587610419825687452200838089224773223032802286095264475183286233787020477823914853187369943740750128174413203704741254339995505576346890972026768935e-37
1.91127696799691147413327592817232522510668550978428234527697978483424099417672304988150446718185192917000155145140449201384633123675001383743146321349691594319553615925625148386252463703660175414101603507112694167785293636225876200176843226693336323951263679205129865368025636498313720360532801095631778552626e-37
-1.85389915123645086027174725289850316757458885290073158506236475869748320690329041470844505757879951070360801903618477932041068032204978658922623801485104284996925896013012325966613661535446833741494374651346633082892859854891743570806440469704902815742950882974331215899725290783341276509061400816428518475485e-37
1.51964758291424344826093529950230714046861823710751730766440816553422923961736638112348154597794112594267059442797691853082272884539194715517243297975320669500991393563411456095078154662167710334950213298112205118389078510173982037347026673813274409947702954869908108481846138010448816114148811425864986378892e-37
-9.36276973955930782951478190211597703925363250829823622182359215640349394841438083195126481590096911728538807257765748855513061426673416020803739654178376258110946703229736413309067184930977781209349186832380130695969026143723013283716702034013850206148019554194664509429908549501280483416255903940979106340511e-38
3.25382550518125847251819168926006646810748074465170715260468863204088366141177374731179870333754854162733115251549895355368851218729722188959174415909239552514674421327385663122874415319508476772490126600858244882373302608793587015084932360815202046028158004724718168325070276729628655159468292369173654096092e-38
