19 1
1.04929915924959053110356884816664100079797409095239198512377352752120480477771199521627040211222390385920270122732547210991229301197193442729755255791960638077673975698322583366473792528289680157938090568651513929051751955879112481730547991992650622496668782994339989108952547031420079806075527936445729634633e-41
-1.58887173077494095856880931120321498132873093615374626499396960471253539313058786208396716023338792494899741757613075454922166200611510436561899493267863400623799209945400322112091144368600896431489177711060695797347308034095929385583836124945937136133269154050449847047003288864301168216539699288883937063753e-41
9.71420646269500967903894958436910951695040664210803081909454711726347918223908607067986843342435365007579562472331582016682194506396742955832970626762364048901758007789827829041314254599380439295084013280613462691549537548176207784836620867563930279841849787260246313736066767775968511083452626619845146416944e-42
-8.29880190816282290120776688182471481403653502974833254605852874368387103911160709846390183212412264176678013286849818340960038206875647801965614133261991559007246676461887667477683968604506853681318361011251245731805804673503956701220795547870836176769295201328003825942907646146305965614519237003231757724018e-42
7.96551749743629561416307733696871153069713686593980800183453008373727278192574530691367158748905815189673127624899704709396398524978964344301712063298796513552769496952816326635077384687442027198981276630681538073465619213391417386092986998133508711512641630465148490374030925219179341395108223266243199150933e-42
-8.22009833368892068175186608627484090438064865902634591899138394243246160891384462885255252634009338630372537422260298210542746464226982939307026138842549555989123085175844682817437870839729312935320457069726055093791239219168248631889241839115828066266667776208392041420713463937906672791559592945527903643329e-42
8.94818653277220679701764982537257590158604783094147461035075234176202147072667481061443503576986313711393056037221544203326477046266246629890532061304481175887739301448787179642375486187594330954213199148572405603637786197432250067638887239878317216036402007803538984327895796511460848011806884628737129765915e-42
-1.0152843818761386761169794344759648572226995918173383872680451696949958132542381463588501486469082156956305107859635602556676672496310845895985817629357576525533682258604495571326233380651393432544935913638650888780346453938394398731439967245326091806652992527688823538013091488626085240198983649262282689577e-41
1.18901780201973224462378251642042272672410841100587938069856888441389312998902441024867318824446727515757454982328102467617502072521716840859520203728519765874428136777415295616248526403450575060564317668935131883857057001587704498559709052050186055153812596944182245307645408654707955493957420903168489840789e-41
-1.42358808647984199558382723353571643792006815525179180035656734270641008929422431939075452553091717342139162127502809949962041509819349576598604945356804572761517883948324704472681223797938104572695125976621910409644535910594558734124924136116759954659650817196635904130822891440617702929493633211560949296161e-41
1.72431384906222336283245660695364976801898264302609297879494178559097853680070265946286429100900996164227797954950607538771356030250270595505595335814420840291221011394911948446501260900876316240341649252685211218465079049507961679910187594191181688505209034891651478426997144964625518208511280259619889478158e-41
-2.08685747558108313325462246117680451956405430842064875143279093372294962051258478718001998917603878067639284650804818644268728792258514793911332743113840927328820153780553824321238970563041374691472001429441598806832123499374429467726697292720471937075102265145914852150641599228790577646018977466937418854486e-41
2.48480754043212853736213958425814264505983954594145961796044454744647301067105097997963659837974314610436525063780273525243641234389995710740628165264515427270077689025427081995648692518212322567983707684302406872823172114202383910408432166250473308287700952498781103495742148569992160693954217529038217708304e-41
-2.85264264984136809052147192365804398540903662323604866394090016394569620896776970921922634458069278484438380933985758806576679851241433457539458784757109846443880526323813687454561788658438193149070825394055137818626813290236243937747563599843603873378915127885073093150539608163848824935390099252446377327888e-41
3.07147949169909588852518904007402088419490265750670778446715069377389020575937298458994568237659413994939416882995245563739684355432991152931536084564150294730956988032610816378860419855580797060760198523010949901576290473685006750712651312189033683244138742437519080809365752116687727108871022005002703005169e-41
-2.97928671072242765809488319102268443118794860090676260830721259894876730779225871277180407669117248823582122200011544419799819811692709592799803007584144015176837577431028455074769047832581546871043815144940693056361777953002668187756805008029096196178412443382460640654173104158929379764284878999491707160939e-41
2.44214492114884031507196415043645122552566114550994195892079230338393507536551808590066086104047653922598815501366973430514776595911313362501080553879836035461547647074962627883876904552437960034509237128444485661071885306605105315406153185823211973083947057737053097274616614043565444237522982574351949966994e-41
-1.50464969194553550826333115750946867125275446525448080200835557533404016588807900744852359033368477632631467070649474954699008858782731581724392722329153498976051841686681072485740392900219372364157901927742736777092154532668437040836788168170692422162252998614641517966427838500456109618403667207686335705278e-41
5.22911244051580162915525445925541566874348726869617252747269664408862525288768424153130280185611332269926835462469868859324513664055154103322108955215158168171206215525198131254949439920054504876295411721531976463399654604870106711839682321243852733361039695964290887645157626570968783117434165973290570248465e-42
