19 1
3.11409222719543064309908435327650064992980238355280565705351860635073624337991674878121974376691248637917583266255310943043533084130520407900992066563655831782626245406739118637698740558680426344981663622347696129921074726828698963640508800191045303714249491618361137092548591663246561767353281946749665983668e-41
-4.71543213194775216894154310114654292644222544503522284678694278698717116711013296671319850362015683860045029345710041269168647654986643198559395522640068945064521201227084630841060680418981958349363379093664789669119695642135045401214918381965064087667080597379800360610444389957375327798505933790819498883033e-41
2.88298620198318164889947953894803450643967612453674523315212727765758029413210143578283537113606720767955720552516471152198906605411973234752355599328824568050292923517789322501169413507424526344486957919233159803957016557971685123269717764737920939469646139558155296751557131354585466480541957152477182222589e-41
-2.46294812848219447724435894103443267104111607614564928150454887541688754118000668853779360880898772801694922019938269146520771444836528326211416495676678405007343648302457729129619958030174457540199081264354901158234974183457277091419670721896120909511590686414424896386714117038205591876363228997897940829367e-41
2.36407121681494730446994577327676860382313908172147451754645327844947247848290342306932464643843951377801140206573992898069661469457424653510565823424185595612245346182373155029498662485297266157267844271883657137307437783918535619369225933578048813679573343260512519784517584936058916290814575980601679091867e-41
-2.43967695427233669750425610569444341663464398119422016455769384657410623338665189497232120617491098193346667652755461199633847498199959585649300565720376449145662067293317934507403183575299509761813175871498239514450027979629641126079291353407735087860416092543853720156807773145000346277617036329928420209342e-41
2.65583537091072109693946770834620953947324706715399783837259739515088002217902219900159214034615617639417818635009673041424086743131628158003435083336333687165947268898828274185124172122942026439868220494198859814481294712892794355968483056099196643479657017671341827383159936069990504554637917222039269442908e-41
-3.01346878993192018973039226357512144517000796343377101229376287411244284376061354403543712885865880361194102455681728187420071874234675343445036590036999796803215098237285891842266346025665904122671271367839186819280446959529161546443029298734294002875949363287167843087689372572369733776101439980791191365573e-41
3.52924883283290952393831617541073622531504276151950132366598677703345289915456479116504567947842760608403957125486090272844043874694896215248480802538945366815835176858020688749980140359406875676992108968887202568127743552586075044096655752762759363463417316368359651813717583844363279191724341918786012559978e-41
-4.22566688624208692325071829794256272705093480939425684565331670058316163170146467454596236988005397518794243965931343673131525200145630269270666084153511170182423449553548167040078735021519422688858205255170919428236267899662112004407449693805147653246468450073762312382956594313755348892179508653328284635522e-41
5.11854210837016253546165606357342496445917198375615403748402566239625868498291649656300220866479995204617739957476421937873226351502151279052954588118440598121724803276689894554561053295231370998414526315867526563095759697868545283725086571577551812267410812515853026838224176408996570868003575483938115935989e-41
-6.19503643583515944982394552259989827252408629381084988221097554503719486827905332323204906106920724653984751151776850566477065114512361991621905993946779706143554130624664913204626995554374382225165379301116422983835782104191834139212184803917827740723244559007377058693418894857515816298696176600149517458026e-41
7.37678293521723711521396073745143251733335966116382082514406014747341448441018584497395503537785207863944901725621581701796949126800747580259158454991181190764504966416727579814681144547789166059455287104541116456643641262622523862960761342414979350987661153873691042829602037332035748671122037850385455227707e-41
-8.46928705520416090771026970837041546894501056754654180151331715760190806730219619858644703848063659805437059064853274068274954510309948440145662715486188876348915814627476688289037615221384062785133525926723141216723563244887451237152642022193655881698464499535309188000627941328781484615473694590354484911649e-41
9.11957075905275171634283814616522609206159629321764681666908692597303084188048879885565527599582066897437126626302429759868254464173088841557097678365353751484628519105935435585073572374970992808472007250679896999937145378375809326471373157295230916214108974231076659474614695943215025545415567793339537629083e-41
-8.84643793178651887019860948140027115969008966199725001945769500304205099086290261145918051249284779581214683273419174826546121739867784654348998139393993202235957451634188911051280645212160529902587214313734087894432805924771331964956906937706219720724005285482611773814024772672393008363824894065236484041502e-41
7.25201991480176063113977841335130626126427547976883157710376064126255723811011976813583974209647615998167237377546300239368902837526139786695331511434682385824744618923646253758233656541991251103003935985737606129274154871542726872344886882076946617323374216029733364345775162385343600309351706427348450312268e-41
-4.4684452405357414823225706741427296309491046337274488670136884766455263452697604273788585410043557099973095170578979864725215485185110377392392990647647533821760867968970818708782311836140644391056420139786985091776404491691123087345853823513684939729442856305929846957849134245497437928881832859864234653157e-41
1.55304688743344588386561760872947988319446792710942918286973814898367222492851633046210481323163393399214229768174243511147105927076006774126001447211075186092967687417130579507122240975933559924283025711932410618878477136891654062976223597129382844305790635914749187193542576787449143876830793946389905918752e-41
