19 1
6.52957975322267922061824990745940052736737223226079388683750993257936859461273773650944676971525062754969418272576850321005044239171357448525716600851343031862585176411646704838598950557773271289321468834647790856417914861609051104076066416529519784253065652089218126542586964762420732209058764875965340873589e-38
-9.88723154335360189895042563159897745182451849011160262174321355582054328927786617080765918727301691410187478613476148377637493685604358508014360033808972206033639816981750925825878824124042049928960069677310767985174355504777727727025089840896756395812460505268093258443550859386551857559605484976012470249371e-38
6.04495399330487617806307007780535757419382434614861073766511477841707710182704418414467916476127635190975387453914305578809112931137461869270688132075545384148606887613409607490337161972787307118703156838583724844225409409323408055424507473576705715233995493283508167940937355508445364412306012800237537530983e-38
-5.16417219530380608675573835990639824041584825143842035672764470688523728375944657055136249572219569826139111658207142113748052359486714515870951069771995292529202306491833528194557989510175777986621484754676324972592962350477457336926742333295129427295813209543230712468811377997171357039810378798510734395731e-38
4.9567703974528401604432130821384397369288049094080825824213807466209799356231384119486596148437176457351473217731873601700338874300771820588166890241698324330890373194388690269952284518432651109626176274941370051428923671556423350521412725584180345501051268628687859103952027826123620332039550241472227594065e-38
-5.11518271997930198172131342946154875927129725303801899657463857297921903633063443199729784972596340585812823893619915284843907053101403010227588690896367728175001542114370744711368778948239476307351867875546518523357274074652849661101303254944392546475780329151947440710243755489651852512476000113881362369161e-38
5.56824509436650059340733447363261004188389041784815032111933342422360341201943947203129084482731350849531898773316713468020567573914112120473603271671751730677706000561559293398575614002941651611813505076516592141613655274757241887440423410391855205378116953808065715974350086684407362573989198064087546455171e-38
-6.31786058488536963297962571756480335647461576261703797296121080135440906124731841226008083968882740531918849900028445531730073617010497288998244990640429168190337500001081388014535365453020406717261345475775290111451139389485528750292584255366268246746850087031175083596512637344222565618806654514968578126613e-38
7.39894077291456900761673481806969400280350734976857030436365441549508243561110694387394480417701620432504203656392324835130561170267040747327248217534530688723570828356007582476266952802272388203762014467644032206755079086261423578495138506841208202638520303638336336238310437984158399039837462689367774990817e-38
-8.85858268149086342288107148486826876228407478870970768418825116213422415570736795492307460034975095879080235148385493191895483812590687667988922190845512638941802406623950593616486819249561225252136740352664540914632745996310209480775717196977481318435889669967341327300230510706869481899879200681747872263578e-38
1.07298774441662307467055489859800476505620335351823660054319183546614218189608482090396285557538290576855685820013222415843540251368642906905665249452902000974066737969553411636476188564606645891642928545700658143751541000393567813672780948129105135348326541449296246968139997931359521413171439429413956628552e-37
-1.29858273527948359200218435885472817823784564007063859418874779575779530060111251863427006251290290440933890104934242255036963446719112082537183801233609286548505044329823412167607181565358232246696111324824827527120358018222469798145038027544476983592116833293124558146615595176762044321394006185437973489098e-37
1.54620767391836772681223778669830600703936321195383763451489718119737125512940946441410186838114092824283275718617322216322404629044480610625605377282657732547437742361374714820033432966265000988255691810550096701458585183102296317686267364522965323790361274687025921323921794583120672266542680679963527455514e-37
-1.7750905619257849122207860220464727368275450234676180204950557746043271862653414878024541860849943402417475287132416220098718037910547813480609766696783209959963857173260747268177041231769956778279130964879439219585080819838749717295455175969440750644934238289292019865629828221685762125600978473369993271563e-37
1.91125521020181250076432946724120896319676847290685344936995592215248192803789996817046538579101688366077266123547164956683959323521206268517977437900787234684530767692482808665624863787116544471363926882830183707420636653457665625619363094295712801148253478198546702007896362023596266880363979733210506760148e-37
-1.85387788336965770711201557689138242885306018743947320726548756102444417126318039952542925748866453384454661569027933688721591404065731107423551377946020257816726708130877511192186611188260420936005645895126863518839732514305055630178950611686415881950888906662691897257512534360958846041945614780608531620009e-37
1.5196300063579565412084987951704926740369832556896393835601936042502712416205050872484114926434401440508055177397141590878405181922536895256051865221739987453865241982410011512438174709327631578178819393703121274405211416953019706966773966526994334066169189585697995458842411929411090822932925628782045820123e-37
-9.36266050763168087257300758973090048478991313318265614314531343109993415921276328563712957359571009356212218243395022085927751364046878739547207389012127127948398246872239678545928934745083732126475809913731899356540776909443620641900786709241933497836697227876534657267970420759350832578323562736995406459717e-38
3.25378719716133132530556920790901358060609457572783634077790274035419957236747306070103307297658925037057831647917782578086476683344720552618101407017686541112489482458886611249025366111651042706159592109152680019867205676594679203818513515561228368419263162147135191083026142239219187720050590546844476302521e-38
