19 1
5.10450323169885665178711843455019642865104726317805253012585178024160203169599483568929552043044974036912249245105551930895543864229925964356284290263540043222373674238792655865690284425134781972851326791931331932140997211014058758919017707239390644356571720507023200853448787747108265275259877563798409954606e-32
-7.72935111383091493591213372289991422291269973881431838279838993117057040570958837638264408607131086459546221026083046799339560177347726319103100900355791927443073993937174224509095112329217605882127131730327508880565277995251720290273272036320867811090126292577157768644904860938208768614581996079619349339174e-32
4.72565188106504144582638412901467938118779763609301015197115380716887589552541684642545890863153155577117377866672409009273256516627638952939969466730036198843335374623380848512689532129563379835715492505689244902702702457425655708466863835110868570664043510827460885964294809123998627316172467152694230280646e-32
-4.03710598876782013142699650517138774325755944834425024958851735280822453598006844309482012763441290304019001022630396892987441382793852249825510479547750986471753849494699409109819730500572780817653171066874962548182146156856270775847841714615641916413275050102357608524940880031220991799414541649028429331517e-32
3.87497821171209934838854264973903306911463945055466355012941613169982074090822388630140891972092895412208245493358561666672370137812113459453219093918840791018869095687045943630354517616456859890173939412112789190622562100796856151931332119012437219097700376392467005541347264899706270277280741821360135491606e-32
-3.99883013412078961878712449914389410920999317263714569362680491977386148648282017174888512282615157501463187722431375812137107929844887768784713218750147281213201414896860711016281447359111564127857744601070062917524834696888737058448831639681505120464551168546985437859067169233437288325034071391897094577539e-32
4.35303145278333059144030534142186561845142424545803546621800282109296958869378592784155469955977169317716475048743177796697913457161054504452437200476847739052683389510852114656652073957528739627001202042685460190499212831781285059944263683150238098115044429966046148430201839659783688544015859968262614913194e-32
-4.9390733244471361803992082239704601740428599750021930289886460180362020431896259542796882449153533280850605270377025852173413846888508264543889633408906397729857089142919108805195497242554780547087538814832206382568874240767173828746108023864651174278700882440566933590553566785059870127163117960773375726545e-32
5.78425293491086397532420609349669657348573843079409038529275353630445461172003590318047904461111331778462945419558241855174223414388652127253879302287437246174400796810869987573979454006411932494101374320919383222620455738020467218433582273778934423263716332993553713265952219966480923219678707646186854242025e-32
-6.92539537841266993258300263277065341125842866533903008096734787989336277101758986963892321390328073885280223696989457644748756963465161842721479845850970060221793131225841494341007302827806591600989018378584896363887739367109054699811148935796683594265404280176819101964904807002164562681788009112273685865999e-32
8.38837837932769460999729519184201580445718472680287411734304565849548797122952683215250674473796256615057400318810526451344768075748670361560520366827119242288886703089245589595972639760643027330650935948952593504263687729836728686898243369632847211009894403129231141174138568824171957003870089010523444319922e-32
-1.0152105261552888293669930890288711841583399507236445072666050607575040519058115136689915872593004927046871164762119627888562236452197780832338757953529740155146241619377656719437673431625678578854825782648266577189138041117948098832537402484875740960005384666471629787218191204788939194254400820182483184941e-31
1.20880950013834803487521631548365464224088114907064392879618907693126040997399526523308886946236605487125029862846123464249407851025331733056654171385866035545780092210121948040439333237866438810847445570570545597286858391622001665038486305957064622799241260008333836071395696941691280906575547507103594465277e-31
-1.38776018578218715147234243177293841004046336000230873638221397566441673445327324363497578200189106830441192754174806902705682530311266223282189963672620087606936632703731990339948073377607548952267969514424333335454196382023916460239752244968172392958653189197620850243611366046400058706751542977607547662831e-31
1.49422767436372300883444477398654049507147213673825297443089287313165456654334309072787432895674805329392570861512131350090643998659093451274109639611549488219808843526713656826520856240868809306666198461959896148984998497716178047331723049609009591750328121159353010858831016690798643660641886487699487257856e-31
-1.44938484939450344099691503013279505992845076963711031641322732496478104636808131464026816384793396080022246851053664729091118371532721024720752329196513110414774785407171575884808331268105101637249765377746012170582070101214204689587629546678869194035571905586222130995590522718790844889055840016533735216392e-31
1.18807886720549680281065294631277336684130911230301289804894484300061157606342076120138214524866578057017475580254374804310522251279611608947323398495246392136500039673920138692377268095562230410012786192652703628497972920847027604507298229847250030843544609834827722678309484979713035451746413700100877489797e-31
-7.32001244280446535743742920824712942307934645512002069794430413486855817870984319682736654581145729345874144114178645877915766950019347621641344035292617320145787669097931261951222852857344837810640572343265423346125172795910571527706264919445636679591459244546257214394146256378612829412736105445001306768173e-32
2.54394160511857871688877553224132752071063016231097508380366817110085870699251189787985696875721401271348445856532310704366780834544134817670806071236708926835389340141376868629747500848182083134811782800482162876646915263995695720581520346219625155678056363746851258199948597727685952592444687355009049566671e-32
