19 1
6.5339692811196858080363657866916986235069172886072304853751818636420125699888599063160464356356584063772306909948216265089561832307019869483950885535307342562990298415328075253747873493183999347882248046019699454914621032701910122882564911066141034035744480277933441178888910598822341378994603560572992193684e-38
-9.89387963979341349965454232994822121408583606368286557923814548079291917414526294427952534878827770526120539842090615782713044139390713864657053566524930764387377256909178039910206493596126377514531297748354429801168829758532304523572604475162737664909961805485619779025280913842446560564246274827088493266673e-38
6.0490227848837572350843368187205689133225628118591363188891939937903488677937079886734087953572954684046550331537655373790570316945377663679298195415932285862510828850895529595275294361801539320864726460415899751434156392098782464036811079585770408991303937695166553836526456193268150952063241421667481782027e-38
-5.16765461970967084916811208880139332555416682752707442975506962830680428424461597153731289964441584126324337781497757613813622604519958107359772361450434419858439819102183644249308525181276722942083428599349342064475052437422599053530408246103145029916043862667814131592186190109365215519120748346614591604801e-38
4.96012194225530746687477410523820050683445324646433961705663192193726137701774320547997710865314602555684213259950327545524918724086987308655517016617363975858692144978802773978562753573544425528166732292273132027387150844446522701231754762525186681284187933293377078199065654899253492902728040414676772198107e-38
-5.11865349503685423779133272324300492615219665616151197940634576070541847492892180927947536945654524141774841925625247650636177530804382341199524409604888310403471785618480451629567292924333253530854171736927494408250648716420510352999116879269760409872937822849378802969350528617092645114999109678410951271327e-38
5.57203957980851219034755737705589841388095843664239963756614976613372720617191634503934299678439793350330846175738628068058788285170689333619209175140148883564326096666738677426201364473188941705042975104667769180300840354670914818836312897054309947156527459515492575510108738323745697339691482742741430838613e-38
-6.32218790921356838248225131248061484946780522978334806256404943023406181752414804670833701800187341580297914173486695685712637010686668515620904209734862518259763864629026758482922197261667118967666472702511838772479093346028637353370574322404601604487275489809115551800806665854681303302093606837554204724946e-38
7.40403847154801670100719669857276811249746591089601417874050134157691666945051585255883976314007329550514818428533477927245819881256070640555319202919798460838283192844816396397519706023478734267757743104027925679696697884975034295034066667164783978344724586671303409517014188801651500114060557140661069646839e-38
-8.86472678268033324718176643633075558506442265152841790232090568452909581865115493420599587803201091913031904958161359706103950748247779773283797965540125900665026366182763411175064537578326108613151504636273671567609426069324908374725147474763403775324066063659588708713394637547373187559793617320994280960808e-38
1.07373747630956869873544718574351205069214405748718498272809298203463801195741685975211704886139393322109818388920765277106895220699604227106387686134104097872252024961114021030861230145018308160377836769275457047392154896627330023909675266024324864571090052710903022221608102003426612674782901044356543497063e-37
-1.29949751852069299166585842885276510498061155950161172144211136129103964421549941000892621002959620689993657392783010956730784889455452594606118212153168683155458681818321098114433348969782676775295432876191814185203124822713964464953362318953875087212326615479851271074596297400146031828919341967491201557003e-37
1.54730659385877128196660497705431321562584889476211278124554749382865060876445038348460138246684525425174585820558001852361317533026395286631314631806761704222021467746411113724280297886173024552243489827117205302499917161074563949835814994181652057724419107824636540368446742541122241122226635788670622856554e-37
-1.77636427683570821990086474724821096789335316038786963543749342773582751185630369498985789013130679208139535484733645675459671114519597625968967624264787870615283692618178933107649328056762628487420080175748315506860135952386664676182557917710660826334233530389764647004533694808038438855754848590942193627668e-37
1.91264074928236242177148760597322367113540426020271035478382241374431590768634838113808654595983117028199975363733939711005160470728434371933002505712604143380171439434825918037946482969853973022241840068765775734784982752877805786800490862060103512309827283688290951589854590700161593884770302697600159786012e-37
-1.85523655697028254039015010256681053491787135804581700542174286528906675799657597922783756660173135229130995272987370947093497538115948793963936924007107898381992372481569160400355969875480931370773985248056484869149826675787304657567598846255235137135504117025947316975097088922545680343670333924446391105344e-37
1.52075663714738589058676844067868744871714313928929880143476518182879458438588824856480058831055663387165461457634485816266524155909116611560047643748618820439498103282275741007495609820517296937375902315282440714604671339405656592868212339600343862573254932661992704963205779665398428523555211732608240696069e-37
-9.36968667664152143376275803419071271870563304556632343963964706884660180225863897412494755463137270620681929862861001335186175303441057767229345434858815243606520018157372546179108080520493668347610594258488749349634758115654275285536928740936661809487769300573295870638327815808871856843204697673505958821021e-38
3.25626028531583826419358110130200686254415692989528101930097851505208358901951944409745427408702855651554198560004419391719450334470224689142960811606196765213167626237909353738804370011205659955147324532006164284551646527246338592220558727923419004765911868753449162623418702018509555643316098436755076472367e-38
