19 1
2.23284328938203673017191068703971210893974695929004259605889128122605987571600278732151682596252998953206430499167515029769750527125278074072289601888390083989799147113339704735955661478941867454148554785827943473797570710043098447253543990663424591498542897598984639382891040072108693404874973779279631455904e-38
-3.38101988399099302809274683822355853212608776319793684124588527619758579477098542709015871983252274620174059986845591814709096605675238117489471962196145038433763109460563539062968867853534940534305621588789537215123189254885184951100185282023424178341708004076599753521392107544202632049048212159960630605992e-38
2.06712175268318859025606196706717262489789559250293919124586219757460184273531510211849630617029811104892670986376312282255455108803120656659742077971392139136975006635158654116724362225487257318136797475428724886314265353097037347370073770509888814240664372243844669340204090295130740957600094006518516276986e-38
-1.76593144209831722612964237017660462308322589882796630771930884496757614458726932581348473202004317668443973248832185384681382338329924329132874357647167980087693791125622570687151350249692673898583346585839331529853001734943259615794811602188301234104707206660768172367852079146530256712658067877567644293268e-38
1.69500905691095392514631943924771156154060015714872630015457734988723977793507953606873691973690255128672282431232648165822264085081648466216715653017745627671967053227039993908834908371161939696146988497467790899909743418079739661781808397762285431617902858584778886355327689690348910936137646120950337723032e-38
-1.74917998293331670859464109101497904049459124732110770503943425329350680171621093928846208568370010104291017050212484212362110418907907520111101371947032130616653743209331339250249062867580659700482290658722219058774929658101499728872696974866050083050050009308974975614412263585322283939352874894616219892984e-38
1.90410917670265270004707999679389594497188320967026352430965563654547212847255388265934073092938840499945578639685354501009796158004200548002268055313458953057288496583770326010614869120592964567385717695225976373544725540251976940454272490768773987190227023543851498132242504075721663386534924959389986004355e-38
-2.16044754802501259383767634167276023115612394904388862481475150643666277856327579018232018397813286702854121360643800636533499244490385916164353877061848750416323928666793741268196459734457180783684193248003346322085763080315372509326854232497813785657301555236041046312934838613390964426226718474772383053539e-38
2.53013360537134704044079354618824202398609661047832314591208420759895547528590336796883710686325672783806592097421169155216491080888527556730141325767987940679078304718952922282345162406717605223073741381856244033640806814858566211637007192590209523093771299474901747746141637861570861651951364916766015172738e-38
-3.02927284830433298335860283438852553546081627414637141169470033694506194503421462484239755299128509619712328277433358340990564506447195036605300016920624266265023848266044558574849169605974123191060228203239385026175095662323564089757898444113069467700540659993667835396636279515401247240043756372180578499578e-38
3.66918141947216788960491459846811441244181562586514898839428659002485680608733524950605501635574203850700568599492611016961130710207003698038949756444617688134262540740494718409017361587955149041719309227685458811758921399174519360078593326556821836663173186440148261644065889818809585729212959085998440628371e-38
-4.44062759353254179208125989291891170629447791240882836241232260959718257869014129648622113351132536479466290727991656221096183668409112705902246248824942613478500507476448767137620945786096570368309210909915596020002658549302695037830882473083013094636930254945665831651902832970805903315685892976803700493324e-38
5.28740877304099572596492054667752735149871190707387151582586340058016240123492287459732900538740133536268337290122361618608170392169209544129839409607707633292488714438712720150989713375695493182840433258618534519469366152696803039129540125519121297341772207943678770611896470724751357094465365299236899066187e-38
-6.07010134196439870482788685464074595527847347699233988433894662827257620414007795226782745441189715770870977986995063141050961300500444155832026642622186996414285046465968055146187322892275345076003352479824023686958929988669880785246834653953579853160486017235960833185852794711559933038815928468273831607368e-38
6.53573602521120951992839719327705876954812387063550573054470153730812214339166267986972831865324974685019486885323524299860984047456229772199553262809106118119856106472089561050030045160572288225525005114772690231207774416296902544117492904801639075918874660204093559406360641656478708153271251482203492863765e-38
-6.33953446779561706520095391716766617417478773244888723266160207890083813970303580609680400339780449773691579765607333197265733917051795341737352494624052514181714780432088105496502539852471520533193422746712903158577181457091179367555815649648360667672551769682768017636459263158939672067483084983396302812605e-38
5.19654338711502941383539566406553215549971169421537527396463887276540006238789807606649256682955363750044446857019365719451148341918705698641362446482710135080132853763237912155648762208728934449483105714506415519642604271387490220079305144368339898348598393234635301449029643386761790254401394490111767755933e-38
-3.2016691850391851107725340856437640424771110836042372654683084558588162478090447256270882629612445633395394340456361365472908085407783017983249868629541298148148030670478810391430664255241115547189354551609486467214077601766436013667184407525955104132242871322663737584831875988666878900151857321991955997742e-38
1.11267117829059255974961817833694088382516979226503579342100897694831138504697922643452872553366304537171762977002408816987063586412324883415583234793784136759422203386669668066563884841344140276084569451972940753544571888084905457799821093979120150782412283922803811458815712623513851240998180361103620840213e-38
