19 1
8.58704517944575622450151606512437853534431375845221697137159796059196990300336118399011438496031855843312990870316503367708132347441878367107953091980710610163086361022281539304411064353605706710874994688218458382804128968599926925412916441749685156510512640739146286506150531615907408740073981823655057307515e-44
-1.30028195808137505605054781440650841195787769211524485461251699647799335803009796216107615343862685948885263160016651157868505243848959977371978423807445587559346297435303179145729627864879506026254743283697570830628267006675081916329357997583395590726345803442607678200184244637831855859887790978539121812752e-43
7.95018814260759718873336978774181966676625762309048164932171050524868006231163494858389775036290199303830812751842120981572428861736260035663325073302727028625754636090588253463648074100901774503830375378611240047226700881110400141141109982833546593932704917288004508949589822019410524322116468780285548378907e-44
-6.79241106500866793531552877313251206999359699778125616495104831630708860816600143886627908107154571246172764012673682201526218962330393080848205783568334446799353532386824134548372643826818683628646595392143988494712765866599785032513163929990972863914933750472096646282426076045696712328135506318257263526286e-44
6.52045887187434858848200439516927940211317572802603991847053383168444150832619779950734169452666190613841463234995970049173178465458175349476864938696398435772552552591847795098537277296429982442380299383941206709306330699852847073483552133416658017626009967364685542854084375096498196255016195506382183959309e-44
-6.72998204112828581041091723919216442670329264423342438173883333372953446503834443290592203970065667624335765757892893730593484904734735967596650312568493360151213783497360702612564581071434241414022130273719597027891813857212875346139103312530363479291085113540051354686613032168474510549947182635205855509806e-44
7.32760064442288234122097021416084214042103328023792933577656151481253341501754317630780864292927069862882634779292110755696561665082528244828375935373166112710978239604190387097194098231175806472827449752727624213063699181399952236869045168954794884977296597651568927716420242499925678917346486249625959168643e-44
-8.31613443265490292038090367186873282243114413082930208012968100864592566730899265414163370430635211221877466957046962352558229878310499779744409045326658015752373456174587217441230760189932564459283340709344066790093008273278715242583985763918395623329194035255603129789596246106046615263914152834021764836245e-44
9.74196060218860581248042598073757850026025891915947795410159534310259085073451234503969549341329615499977131393748769067002658815525728868945717233529250741882104591964473821798490187431573069314913294547953394711784391074913981337436665239018824907247237402044144220679429646939222788826078684073405903459801e-44
-1.16676604845483986347484253663280970371007764071043383218159548998719323524250915813263722727879434342115698622465190930106297489740792087007339781363012050691575969554121397968367458491071523078602694150723601130797439694495971607757898994873426391528688177976558676840837645797015244438110153824494412447486e-43
1.4137558691330145787362553233853221055006310347302564669652564325606346516075916445517407041353758632799118968318841315894687034002233342311664849683414837336648314607212182313254586015506078670924334160162161984606973812187803898898379855079222534894848634095006949347551983100505014650238961028395556624914e-43
-1.71169678059935737668707565149069904122952336586113266981495353685327678679815263884617583571055214220103817382032306875335680441173335363421994762087524574216987790852855792052122399387237453667511123128321381066134980203033857876662341404465422488060203903084836458188553171393319010439592954950006538275901e-43
2.03901326623334192013053943154374804926184184753294856898784875540658276214642649095080388919413352527023969660123982737948774273333958156646919429392717232870976746794759989072087342015534940042756743270030616815280302941981183452171215883988615218714152522154627372250088289531973437072981013864053722794117e-43
-2.34199125298333019333990527520289081243049907929908444237077883611534985431198896585366436470009654219942599681447046081900532385141004592877411116772065359505536859284417875153261815523483658229669360078119215011095584239759820512440267447371331609094093593838548256418805215716561128878918314194777764018439e-43
2.52297830950362654839753788880720509658505277575321991355988460797689153355634322554758994566922221975874079778370066684264665509439254644932953877845356359886355755593160914280013677775748834673543300350236098576155019497921429313696949035633936776235653604544871458615424059558373321670585637630880142497837e-43
-2.44863267818562284611437164213952706948429092086801652053453298688614139915360814932129569458744332010057360937982537360549210140008100264482883934563783654358354092236525976009941227405677254452600886029065697065794888219684752545782814667728909919897579940805335977578974680381560699676506797367526120632004e-43
2.0083792071297646357459526102289825625724904361874725174580849789511344143518168582764026600175089877658530948550765170443291675484041570846598140508101346306055606140571004713175902008891431552974130145733659693705180363891148970391495346203531362968346787159210092954551258611811874955340502697276927596145e-43
-1.23819823856281455720029650530979244853982321005850368624069557944701221068786185449275126253574184992360960767044668242433051783359245701240372908847137068259940694409361480179479232050372920785664469988987652802916683758521159039286442144342060770950812573335269607078954938185519499503076768969423600273893e-43
4.30606789911440405299218391880723223793070197827433256187827699674180588736665279090649239468160550516769906462966824561603679281200605402973138265261058315437463117488842781999709082107052698398066429611004612934568975696586897426281723046815850245927827733239177452123642173701589628918408530831710132824185e-44
