19 1
908664658053994625220.550153442957920466801263717222842959482356819314116922164817913088980333576357821978051221227938332899881852937815809860776969820402176264320860930371110561462370785185468517585020986531827354098277302268908229434457338369247529256478624124483024626994351450816977709421597603122742974408
-1360929875462141660746.52133685707629828882117214502076863624199812753018704476177880279183162094581438754720704237692660986634358765391834552338135536800422893872801985468271838894198990342791572932878486482377184152553287734302554095600423506410579018719808659122916865197067064821198027313247973219119557073
937940192714634324662.477395490988459464323944538746864206599657556800153266540843483523995814285634005973674892327022439635514139263532322391533520219998697639114980004804795544831196934496337327061278910228690869379153328520791014071281820975676797366712422483211350587747150309867111566000976715332319132778
-663282230626248322528.190091144101909396964619621635335887895616870599702579153184387102858553252677970136262813831128357685770233381630210923573963628958068712458656959223123881536271662170323683734868173825397591997294307364298362456829400533906381269429292200370886878014913592811874983443925460024388333845
815153285600477327313.52815285594797149350033703165834025337836852296869610073616983995743270690323526093799062349523057274686438963491840485231345077164019069652312001952924400088927674859102930184444418144935106963807814567535363328542475946981542644227249881660225076629352516539705380351231973189627755945
-666075028850486431348.83906994611666621091069921419054788439527045871475908863109997808654026858510545683974264926525818765122179008288407156339149148195371433007238258889983369131820221388380993347220627760754457473239283876565465751459752523206884011849184457658093776631108368509684020577039258935342516771
898762833712613879829.502365102041571846857149930433480352036127333934845328123837382675612386063847881016265856634712916775799895881087086060814879415326460267693673286805594439152327209542543461124808930231871766183427106546640322870770837646379191322114425759276121654561244732858894756879472101052748268585
-863463860103252641585.693684165570289958331848944506107171615965105849660284391201721498005392571765897056653974441187419812205433313936148743778550540175016557319158180067096782558626152566476337772991386162415956137373641704602290874290347821065799639741718578458754173859529346360790140465487485214531760667
1164354449136614518808.03899000152655166961690185734822205390063293472372172270419439650226790860661180196387241052397696509449507951819364917030132013238860147805816365033900918048107146584075588539685574329305589393798499165959434858324074182067323638347043833027932744047746280839483172437176381520153610181
-1270561115576494621671.63534715856118099714626688915124153935733104265055767764759207216567500265153659753863336975032763246955099312623093323042321478377007689049183917176531498217411644301121777889031601488633092283600560957576241196532121783160087890800944679503563889925969605418012495821931831748607868657
1663760977845420461608.71090883176040776301784553934313807619139858175837101524369704104262021246038145460348653872955207777415004195540034913913895565953495341476461143067687066123185684216044808449680713130666080248850766845693519385510268538492686552899011447726098837454835072610397896805425225126155813537
-1979401194186162184040.4268622016447586062003000710582318455901751083125381265723146114593109157739273030024188044519752614606769804635193829814508244687611853382881722266959162332196185516817019594542328231924791033867599183063892115291626481012216121913836981577412143775248281719067849341962106269923428237
2418882172719117131345.74099955622309598483895047532146484304594240099379333928086553920795411744965496623007713204471412319348596026825983590372242021746203881207609558307209071673307530428752310340597835652799648822391526319067118025388241568063604554361132868949980976801617305140603469601856009229640822356
-2835497632882594023638.80327252023219734992345551224558003217115544634796696649006617139546245459793996076272922021671915774373664895968590857953125847188478841565834352312054906872599001817472629663093262058964264317620094633164669615835393332589962718980794486885536562947438035045409507691541001490353493637
3122527004089024555543.17937308367337672053748636846739842495184253576354147440182268047273458171587182355057557640818232750718646536792291966338574404389546269591321822184985350794712364823723333405231845129871120811503048520786199071545658926161079643706306062103441045238285346013829051055328572685672251766
-3116307209211095023895.46808781143925237110856202578834639867504761768375234720224246107357793260129617094659379924361666545861139484237944667441859058698820092321741335549653920114755229531652166386347663838308911961081026892003172993783857169184967947396461061809373649028646205856599162404914173111048106249
2642012514081147106233.48490943814479355739855502830261230185371758714926341877767348474221399197356451513930996862624676239885375328753822367136459383696030003771469468693504304260778876967069134888538826315288973914707502872057472224048923305586746826622554290492059009940271444659698588276172966653435574918
-1706692555843530212121.6446697657143836279604335916920248441686829474946168697219722256557479371242958231954658661981552981014537326160975214206535947780358388789481820906586724304550501673755263838318048351186516825619189408230906712737456379544903322922147485654437394342377736664367655850431444985355215689
635967087523876097717.311634246709680923328423932060548590179550244822727868698287596372881239604845843073051298328252751312433045177526150734101925931549928136722085568070913889105041934726694585822280320236331350053739424554232448529877818325648956255728224969054608941163795091161697107898019077450198622358
