19 1
3.17999009060274803636034493537804016225881774793629993855223038670426898850653087789136995480362935918768420343843202652553483957973819012556480530998422766745421548634630657426983103115554232262415576066777848170491065570765158886386398631859576966813760615775438716423061519281994312276122212700689556950207e-38
-4.8152101678846055471275738439586018796555870075702305223640129722511069158561967610583597008133738257658793803683729007152141018223421362408331945009549815741590048158997891538545441402636486094226581839182491059602327775742115294071503994755941542395032297162765228272793383761075514083829096038124200447336e-38
2.94397132968410675155955051010911474846172920158710303513106104783440464434512456269451109890297487846726502205444776058652873091123648930990823233275411933105771923652594784415360084642052976199616698476919167792826081034305991107527081337603854083929094242941387736647702986236485365729181203849636660171991e-38
-2.51501947354747914422761359077813303261713853768768395303421879202712863942920312681456154603081639878945671914382654076069568241717637520973841501243011872867691718069733344092638735137525994906590041903481260666188586785293522064489589002497212831378048920005837459779366822553236328412320587526639056354839e-38
2.41401256993894544057834206621191186956925124440770504649435684560675163918967149289617518649132718818129116497391377000378153159881889181784374208193885868242882415437241114601588363404127182717804640421692000951590600468096561849040157603828044742704434772359325506643895418885868428833052819190521105473761e-38
-2.49116211848989925822359208085699566325473014982914420681275096838939471424398094865445962966806817067813473463662612483321606117229673097127289771761873547395280780936187940107927213020148639799349026776356629389347361216341200028174869313146164185915575687524168398906116695277649706864763448942006993312046e-38
2.71181041413902070548845194037051724064401443320522513008119139200057691153758770117258021546124571823274384881184143399011351742320741577893088941650137747211027766764862186768611634041647551745782811263470249033043506177745750424366043915325806677073143204149211745653222705163304269650857608152035394455138e-38
-3.07688445674865536343854607685955693521105145242455920365348387378768777842694790196606158241789487612291746934721092688176427137700967322473532261118686938076162291385204828531806866513843940530659213687471208786999700798417559478832147065348874830247817395789099045629598517591159856746292509149275019397704e-38
3.60338690757648840071887202018143450208686972346658950628648753350195882529079141926706780234629073654411914224204425783071574219585981224040239174711539429631544969827877103963216988090307157838979249424426309491600830204328867886976429119183923387235958129644297759935943960318597154225544836674058105401381e-38
-4.31425499893440531508183294411942533099470745897395756381847571701022569328137277672650929490092162947380959336272286702890227128286784449795527919293245238287196855378356899811416499059078489669071888852331239120816080619566474316402837869030583086302259865495519198270485175084941196595617680364431279841512e-38
5.22560500594423757920046217728260283611084977861465453209445148161871058150076800919261323472993976600005421297890059426653270385465740423642232996830251404413699496268785707517591453814497220818310817367969017411979287557798891529793932937448795525160156299409225190202894130405520544476160924910312264334067e-38
-6.32428916267988638405839466159227127579743010518908925059611277948512810577582511594004414994809193033465183213306160803824253469801004960190377287825640473745122247833005254671320628470498183874835515047464078809148558099340323653264255591874956557431159885559977829884001694687490720191662196748287435229259e-38
7.53026434502609450087654685489802788344419647179157202172683503335454429722623990825700935012759038837861995034022628821222077657795957200043485070216647517750074279402769921505317865416542829457205710619862568138346712604267128113129029690924063004115845323608705277152243890459000171769262409296145129764626e-38
-8.64496507610994089344442139803406089326754020838469174617151900299815558161642331703980464493974405792185796136059616360222290718144343758867293365392033529322397016143933466756942907807097174214873281999840455447519244275368312655133333493949110248952481402056043747802412278039720915508134571837088860405143e-38
9.30811559729855602059529977668201326916890524554124548658768927628410720542442606630814151873994621883230225406303453377237126655208581811499944544437408985045339923761763389783288956418148928426580645307920451774877005396315550268155159888349068740588816284710119681322642218178012646085673566453284491782212e-38
-9.02868692148726570472150888402158271323797129221849604475316267367944636434424300729240750978636264477015242240430591610450621519577653023138017359843457513782025056017723824689908070064594797523874607981768163333848503100572418485943839974768832651706155436706678499975803349774020178627630718284788512211245e-38
7.400852390113024212035401034828118569337616746444992129243581445422085087118608305877038782165300981840761165400154156875511675530590848820083818711913977742778573058551796241578550104097330921166570850779220318201098636000470853732793481090144104184693055322096699626061840627126847142239928933347162411595e-38
-4.559776923752004400171792935135890854844230403146477361957854003072993737352666666962229411352948478776153724561482954140204318262609923275019745948138277263239483488611742574858743206454112467825608936391718679488437294479235384284088779327145473704455863269534621427966098496926671971554257089580136176603e-38
1.58465210459877214677471520152920750150722864795938932625493430136976289102093400328698455078975171914858528220891085946395476418710547863509139447369691813091925189507552344653715854962541189434151786739810255269016725159983115552658112836421211249064513238686498926525924142986994210745477307849297021066821e-38
