19 1
2.22882782292763252253697366581884903877200479858067374834363190796088325303981115987084220778909036061306117701021165364894685885774855136128310975702940593650301438424667355275675900784226095138123293675949454138318442834087372081915074974009106367110380886958376230113493177497515275516565091887827744012263e-38
-3.37493957279276298319802069513400385462234631806930018352928145060830725742398426999525822147203026257280976756159812991410077139935692667950952794761861725101612102828732234412452563176994248935788242628161898319394677238651034751591134169286692073446709246900356404317005157220634066565679088013411110364055e-38
2.06340429733976893902168736354610817595341942681648927853555718231499206563452752693115197702474141083362468254818396328205122218873193652197434893079026993687871711954792316213596098597202834941642307059299430693353014883599872522724218526054344717082164247095712142012347984805646995686361138334367591829241e-38
-1.76275561786171723190904562233807823690963479342684506141759737323241145339391027800504752086859961315082180700253613380112480541939291765077916704675197380557350107189355176083258437403662353116481128913171759478707396587567658190367033968651441746815607108142252733621434824902928094350397100849895489362876e-38
1.69196074884353360219090513362510418509196279406151275481837562012930860357742783536595195874929588749570106648796305366788069110949693797871873064795310492781068156286806299296850266355060560515189070119614997969955679341103805500919878343737777104411385338283099689090970241128921713081624010528116042949842e-38
-1.74603421384844629609220500798509667875240351193922586211841095245638787904971270074101741446072604958529475037869186872899734125811850331886743361443737466793240161694040916842092804990511061041626001076278978323176298055065523524226449069669005338441196512601941758429938334195608409886637524113778652587072e-38
1.90068472541757883857473079892417750782827489360470429153329604251320114964025268441665142457926677558074050769299782058585206013318797806648459678879577836808399383603366238149980961305426607153862519998515690366778936011042460680689626792454543899950390639320518286435234943140605703711699251385319698034692e-38
-2.15656201169121479961377537886672018075189169619510434411864179696087519190675604732159521825344039364555079585577688677458199768693458105711136336294566626230290604616256638470696344932302663437469933327968224911789853078271598522583306325565818944298250182701623860878161886527693648497953430429664154290863e-38
2.52558309509198119660843785867562347322583754625370031168384544320551575523250205769390425059142951649386527959071037394868440773621675382301893440612960215886043939770171452055822204148187597843771249283201648819915709409364445572056168008344432894256065208398121518241963726291140224715129871831606299551855e-38
-3.02382448912836890811314327391661364959782589992776968798636888524075452000053428425810331949846555907926307867851554766945695829655920822734709724032548783991329679818096448537104287946715936611536382778532660841120161809843641453029784795997868753699368030981499956385056414679581498895360177916104342018572e-38
3.66258195777641439922388284861027077013626600602335569734952239493072654432113609126546939019861519939835433474253069990816519872703362636982404662186862708510815535707742359208285188456133296156666951107720094401551821962686324475886665927178475410784480142659532492567739957563642430531936544860310309529039e-38
-4.4326403492908704518684139230050145554089759966941092185269424468624055379656043895149664212256152838180573762728979629082553789861787852624222511348336133477988154141132822229471074532459756097249621115597210797853030595054424232954478906107831589637263813753913835615563401067037783455845499341492671988308e-38
5.27789812567323382868473041485372198648642873017518095639518570764354772081671772940255113515532861907733852460453613180094167673416283228373696784619303745544938028188936157651008725230965487348194754880381673317769006698528238188585509342384268846337951647685694131856127872889814106336390257378854235152144e-38
-6.05918243891549805859629443227044684339230695226704647025196221789719867018269515928086142177138547246084602725433538900172681753819601539449341772364565115435127494972186578299318506199231183233270965597797291098199878046423270006962322998244666271957699958365931181045427600255861438167475844755729340386671e-38
6.52397907328591709216662406273632093180452622007821692880219831394329104659667221482443804553389422528430167360513852392984196389692356022186406203687781123633933399799739005637365462105001916493523023077423516165137429469231486255188872306557257075435703419951845159906105074632278880521162175741345026416691e-38
-6.32812997241963069669503404285422290644199205704402602831506079777675340977172339699751797650569957176480351635985544121321830335098061651187273782685506421246461991142332065372494843481129708372187069036236610775336167548997778283238685881819934011043040634608472729362656408609620644542707051560302926332038e-38
5.18719464832533554996610296142249803367232633284360173216493227358443416100414867819067535539356284035085459479205550147220563543475002566626426125630737274545923763169066723700415182761346268431080235004767578586975412864097476051010465904086138070760738951759877762409357413476244407259406406457910310846702e-38
-3.1959090060245311262486499155179267339226202982060187209823188773856918282763742102371071429133533992377531378116630524321426430960192986320289866638855437507152763017988285769268935274781690430745759632973871886150059788232012679148730499634562694425677747069881971002442144285545349494774658082994856592024e-38
1.11066924908846669241637984998835556916682469851057975695097483873976185989944801466716349967922535131164520269195823008531252953693141661231746801773002662627120073271216895011289091427970116754437065955734420704811442061931928905519366256819531610193275115314313669345773499343858244280637037183287742527493e-38
