19 1
908643770646197915092.784415283076218891775216602137753045211701831613742023508366718159297909110103074859809325885221390635518549667652866835701404408229823718298548105411214832839783791420142687338106822528401930149606857532784578617884967133702199225613313746427618706615511430620560141337742968386829196099
-1360898296979950519787.66673852087655268141678157903078958647275916319411759168611505147188159149948961004489800339548683903729328482917441511198662872882707256586161176191496161303987131831348261993999627143466781815521212035868388009035840792328795150155726970846033281781542365640923696688666177569852785043
937920910830479678317.530744931058991587710156979622249648676027595259649704276904963529088631514837983240389319947450348485615328973533495074199287680738887435454123850599290554552475640113163011168760103292117884130242895368578995927550052616478849591123397522492059334672399244486843457993027338892047598985
-663266199724984422160.013787314315708022816219945731294748341208113562891813216140788694189744179414356706635897183899170598174794152479543913158574862885519440320406268457322014523528217347304879796196192750198965508993819909979694829463500252312164423558464664046141229582833500713931393044684482304073732647
815137371491089765693.440889205064885274374811321153808329028011188628175308024960268523608351112107380295397038245382451954923229510194808905241791675214027392356767400359069320138480380145064597751745789837407651677621737580126252870210075628761431194502673693381309976603273991786216814794038374881529219809
-666059181513729583003.402283917350084464196809956436312799509328495679394498935889294058648095851791561350311218611258023863637069367864323438968505089547753349918160970830156772975110722086992173238522891910479036683827201458171236102621729734521528862067485986163229013055606273150873991180682006340582204909
898743968298074707812.529016060085242956239554555267943245246904586983634330753938543461753147194482950315732978204198068198643975416241055049512688187538493616727122014368376915058228746702767908919928009821053567325948148662658434368632229222960319427376377579444084804595363651355948658019287833825610608449
-863443413859690368805.339023480543941374981263530568440117716434387708536100823827770555746024149268060678774391221427539041782097497540281372955504848706727364318432725949970619114948568327159279219365464185527298535909373536592700380910659943110139766533721199902470520974124077895110634143984579273888241909
1164328080871358995125.96372087378887304373945010679890660095400281614505400611762036665896323352245415502250806944906089429509892447652068191414867644350971345405206885220606738591486159619860148208495693231051368511930250986898493067014874152347401068515807098163752270409512188752630004091889356365112792769
-1270522896538959583902.55459350860991873671536581682749863465662255556505710943861393039873878716987424760354125098766204110754685494442246504974632853874274331531366472345640537667143054348330396833594505790608999076150821840243360539686518609988495327117614893309922137848024695421756928756056488094776976403
1663736653655184330762.87602010420802721672001476521628328838729207672708313991160123785148997611186782489455427468632644109678779716129337766228817323141331904714987885559020544798792955711857355648712756166242069856630905686238268027143846311797277808000658228848853477974171206163674143349676975841956711841
-1979318447661897330083.82955623688409472741414384268137457752409520908216988610317263014252287302490065343027811700872212877304452883409539417281889998478257470522658705096464856411107670589496072996398553728188482017516473383355514153655109372412955856843288731889501466678322897853945232178143618589186519855
2418808695342910373313.5489208031195640583600154141743478704107006675062801776437666992265902186216011928723480041184165436244030622312358314869360844904160890385711590370689059826474378407455164687510967826373507852915010696404268584101668479016193516258587720858419674426843449615997519232176386076813558555
-2835399918982808337440.71753182302960822207255371448044400734102752427476428962323656320327255920717162707787744209731433439363977048254650156998255323091522414901769057036622539228293991831952127842587076928831140094257199654522785839493519369712472258124731367987891187883244760968928578349033826293520198196
3122419375679456709540.46319065458316582347538827577905978258530383346253759770034593942000345887544170017044197082826280616918842089052167022258986473263715337536347483926547944588314607526376701539865769414426114616352575453320152425556207640094733057420057450476668285097984520409183233423737090260478648488
-3116199778262406276466.85862491329418324901898871870699567995061200036972642850684410879886954351928541764990922969824994616886766222071267535599336395338216931314215988591706882876515980267743173978118451033668191210480646817948483520147786987998759008862511941681212752405618832778584855767240521110938729987
2641918895902882059452.87589185313708345750714894539937328728600493409168700684894067153046581889158458317216385648455559619060356146887690932138575855368852344249074552088315542563118694699732580828077602916832649842890907348309900558417772797905823331345637422972955266601214111340348206441342355691604311485
-1706631138749028715295.86984736582118267985980961469915530132230813847343325163476471636703709480895585918161721539646183578797327990779841090991865255996287032756214302398831255708567649843341481260611572114081153202720554669410061178748038620120300391503282629860157839072602741198966585015029689853461920698
635945848358288255507.124802472015488140565906967978703441392191816110851877328186381204115350830636358956287167282046865321757018690322824181140683851013816887784196144958763624208057670900627580926807720529757882283187019624720238428464978607529780709633263451847147480755496430592839750949245448325017133432
