19 1
1205770086573346868719.45466454393199349828145876082408472280980340065597295032697253461486971847691321345657957697801560252668329692315562202171897628111488670334637288101784682150898724217648290584708171627827641307830502565156648734559985666002974907684339549688089735727490877415732928099417313977255582868
-1816718581384950762283.86455961943363250230094152329630766484238861183060474843053418696967807227664159857511132049870705810274561610777727476233531676089670955842340495607256085709074787167907848177533026960665047933684341242568936104155317288990087008224869013751425530491538237158707792554511318256788007883
1101487634284233621830.2406875983360760606656374350515247472883126306132937703383377870254690384984404904413390652495920251974338552456197491012504886845016229947507933113455754972280015145164651640190204082345257811091942340313477171550680243125039719378122838308866879668535695307511668152372145058633367939
-943595222616879028229.353339604586406925551697898176455587020410363146781433796281521305464952925015223764710758137643864877640738419472404435512307484624734158205182266720807804835942152685475959966522865406354726498340600342267404650963814860115940760577381201728649818797711829845849601077907901957936822135
904869564842321105359.842961433314664550594163319412064765977784115538146430079317038183713042518482878285738609840691155466955280721909731840354357426732596005823558827276937063470181182534163785030148792623585996549859025229809749741255209004527987635072281868272977700800152736748167402381391222517316651589
-943897120079720463692.424075455311389790531990222256531151618899907816396338969600537494122251507309374473871210291575460744872302814851346587993874963880944405255790482361795259186448917958939761871549170601169999288961652983899648184701832298489214987585031030125884502861798597063189891116883943042832644784
1031468838730186138955.75140779567315720714881535733031659176088361798751869415056935182957760421425182337349312302615246589644120844399371802585226418793887507457138824116739749096865606123977245333038638029682931138453160965567936676080914190884004562528290497706901822734661395688393929555287982883868977579
-1183316639955057550984.69910489674366576100056747244263904262040307709274158226085740440743705525297385620328075661377879708089627753610075063515118974774871775971552919845450403966921658705283124104982959200717011750859730380050523595349674681331118700327812908011326592941281294553396408969553525964069972355
1394617153148591424597.60211280974415538781627378080609031271891575749296854587759235233804555631366307779006247290608315877140123046761334969542303647339436511221334807591922125249278859911513915624618344953241549007124917913089792607713565649584796470463388876302257313618595832383287762891754233303168708028
-1689027856669962342133.37435957637624719524185459840465864481034016433976413565686868651928579620843973456684175044573205115432386093477458362556712758397547727298332406663877549931843660306544524257618633872985005124329107805371187310875539865103800365996892452184068772576419821518791292691915937177649771077
2066047186378554464037.43362746768832449838065631477955801928033530412971118702140108294207472778138375409356436200251773409925301666566023731675192320153301743234612742517497297291359494452122202651816422285907961563540609824001699385457658491821807298999664674531140321991909836584930193175744453213305203261
-2528473589840711813213.79304154867977890466750163598660020613976832914901271688290095965093468267313059362960833447416665833055339202308491146395049394440840090817600087412210955689302688148138969461243492035804660398896022842718503066988656677748397084016551113456856122798850917187641329613892577607655908904
3056348264504211798791.25441943778594170517985798479521452417059901672391917137937757473292970823216537752589116041681771072387557096489621791556821470587748558255627799810194835857402882989688684932626149436382766011264441858241300011115116700673047684368261802221826873180139205605270292273183119324377994956
-3542602034777606576754.26451362184988028386125942741233500228910951094625940437005792775366753077894960770776552294070790523358078547527240967100462369395249492804623118224867214361953606317247986559579841616381442065517449415799047721269553398833685346268312931236927803269087637005526831926867289899262131999
3913560772751098225147.58198405569012099527521967022310295384331653041695010778557738767013115404394989120935959590459910407608542428687596420351734413646633415474198160460279604345585903856260204808138326968452780542120672822814763634770615216490538227937258376368738986787916445057695055543607245414840995081
-3824633284046376653337.03493998803810358688233807062962316364107411298118035877435146071644404218400124016366105848581832632766219998014856161241607036488457382258494115848725476560191660725459970723657361423114257754074910733273770660215898093860321210751500985278465260824801667055339167385315551254415588138
3277938993723275991545.51755994334295128045526161584500707414450854971089572812176091401378989277933658979982358768115627502469013776445797355111585771774940742482824378985274098391598819416913144687617696451364830781741840647831772318825928831315593361268893318078126001156498536614812193970639405424565767471
-2061352289590838988502.24776930123270818043987976284189828517109608949586010381873799447430767230518511334203705566409116171869383057367779439121945245175628771656980131821451661722519422457798648168224873547010393345121215570966768482925175744070251637867715473312215892676704726839207085681541469827417639507
821240679990591193565.451050543976424202825538404880053890381533134294158012247480923324319981952430436494094591924127804746230133159002384220117682926191637699957197041419255499171363593531057934946734342943869949480767168562336560813384483091630695727378497694858580700248126206656550275164680040248222090933
