19 1
1205765177502594421693.12257155244500148066804707704978875221154683655588001759839731039715220603574850416544908961028291284625361564555564090801429793883629180716758958926796476151476488919712558293901793759596732056451218187252374166810762036453508452819881279281966646280275035504715879741552941201413549654
-1816710789340384346687.86396560473048211269253867898572592221724470944299013310668933549938081886981688692633794959905056988284691026667806089288173242918357675134599646549865913499193188605196870196901515825758714845733075036185787514967923474807629293999878947703870972460953238045740440744778510044077827997
1101483567816406190548.74781205851634697466674295423950096335370891472722162620137804434931646302644619832529554933616596165519229132075714414334929345799723881096059392131263235754294905224777010326608193380397185547907516290511763028680141316301036376555558864930372341824815043065945211932965067721072030996
-943590889748078184662.325294755982426311301140198828125867936686676811624698205473009285603663352783732012993638211919592717704707748164525811465003662626371769071646400396528018233629005201158156430675401528927467853113410231121653071964661919919365078530432400332198466933791753683293749880150094817843524077
904866608512973203268.950169202917303249897196842334691213071410932738942126471090952073797547179425188167971259054890709583325211762779038515627390122752178542239925396929428300914407152756121631171651618830059573065593248866332822941135271434205082424857436780071626350499319882538135237762392155447867612205
-943892948101957739663.428409708415842765533228593721940955112420100480753462177517854865340680354864859857681969307269449855075771390418427898798757055920119394621713950558375324334400226365611156041481213504704938530720195648062678280555663930791092132179913646261211608326979059689128279526834364711088754387
1031465137470408409466.36556758321597860483682310539843389925182144881610220111158903710913189154078515295498559839097247690389920353073356854001004037872871683748044135162883901585961995966737294211717374461743421822769619510660123266286124952897116901562662347414507541129680305869062034079113799935574743651
-1183311784702792879914.35812462304249128999791913613613020227514143666840341296803774277336337509427190625600148256173048592973718405768733282164723690145856263247725724306109884256611555546701255834903068475999262507322702537084724578811022853670807003799053154939596213440802567112864935996007259289762223295
1394611972977403614839.55313838979502886163811161351266555279473086709252264528872661655692953502661822878850986657324501381877257043741329966482768192312500341965219016218688256100474371662072660097946381454720638423707067471779098594576079037068934533749358205513696033784513557090321109442938967003452115968
-1689021220978094992598.09098943792982256384413293611788629303274990984622656538933234003464431348028343787039268413977516665914700501673829585945438024124861013387168869932004556616966323160841043872306753414410083351258661231083093531587397397124472162070871417129952582546185373626721256696515713128333045534
2066039515335284733620.50154601262496057222117627324860900005001886187402846998259509340284941642126420277296704497905526436131864030958308198841060510054266041956206101175903504314269600563354716019719604719607106507205777389674390334439611284908023381234831963785269150516565489596714683322003209830940648143
-2528463812412762982385.07030162322530963877932621604795927514476052374888844077573214980728423743209432095975394595275875890955027525991137354278881385710552956996408045325494355673194947691927797486503105863288530504269426162042397692239481688628566101982518002950016109767251786036821782241423052709408774615
3056337021551957566954.55927575819710065855377847292889078268515433871187522247222624876102239115037915009625693896341522610549338847800901821942808134839259647933540656579555338902505072404487869053545185999774901992557129555078911680426834868968240780348631594386217266480648682749832336640326242979523517106
-3542588467033911696178.77603636208020223487148734039108411827166052395910005010926076249448929102745316618262137835780000527925833551484093612475022488881773313199608943696726645856453863673256626204810814997814973936190942357154093335029853552948831950472169427406779313379169346990005028012171632089611890319
3913546316251653977550.73892416334292228478329690408430115663733573449113096029587484873072271181159506315537690417123754532039140244834163529323408101991044380208819475937157784924633662301613456924598158254839335890157014038374521825732927894288928981787401306228972095757159506798971144145495493594787811509
-3824618930515746620104.2865513240539777034647829471492565079865958993079708159795277589496206147456092701067782799442478943379817943488561638695173485328135423220243101476121242997837816038313648174049719675080680850345883774561066515603268704379877867013199466343113000099538218903149233456168180245379590221
3277927092530713142479.01860351194859151926673229157682955678434277722470298892707417997168077391889918751425525015179064802204089237185348615081015878869951977155668345523672682486823940786244144649171349440071188632226657094930466732177621912973715892662463393463120119235345188063382178791550591907307348548
-2061344889925410527937.77433728501871064951562834357951110094146418329691465624964647676696175614356029070635030314799034242062813815092648633890728988403163195849012891953785470751730569105710289986454298770363697169995009306996537748822270650183439126929646675365006923967704326762681022499041910098915103618
821238042251757967760.434662482190864255401565508588897253733528886960593213769064496914625856612118613549917364042125519291615193043636691493178397774398542016945871011114234743001389553756011000325331532341697602260479723109402442424740576737767223028074634216611380654496701340154664157824824503284123947316
