19 1
1.04890222420797565166346194963964999807251809820531273142068305615874271059554098640138504488912965229505325704876786949823781143574742718761108569116228660549415821825648563176431897464126613385950718160645319302517535606609097840446747289769348374714751961735946033591125680674151362272579969715192469398781e-41
-1.58827064147830556593186303170678045230595828360250085960659031735867538423102987525694457124143958557535248940278576796773186418862132003949780170515053792223258883340333726511797843270128023174042456368955775090942094345588261756451825684890761911760316842817531233118474328813343637120240679294487898590912e-41
9.71053019048685894755324984063053803772423244903951431074711877202794069690933385974859023548472294617499318013399422920849154873043686581850496197032658227553701044630065780343214961556476124174723935717279636243038703238970511502300586562695521483798443063051147275943225820121791622488301931253906587435138e-42
-8.29565933125502850170092248687446693906357253017151447136946481501726858147113479259970132045284057172977243665415444323833340949316798100024258839637573197812596559296976941801166742866760926109459644837483264911459792916326124842885978253122041340850669283993879715393634674964166647507953691166962303455683e-42
7.96249841837035826976194382054108222281320921344601254317532152173442126493264670801302569791458507172031237528834319686222685309006675760458705745908283499818506758943480109443226727650471034207628546934000219151946679824573388233091213272644709831456351020110528232157907666326789575302681541657862168108319e-42
-8.21697910693469658711699037387422358528031135513196257302278693941857209763689081347061710271433187727747429926373731602219793247146366454152113970276125880179060034330351760519163327661826073038442496766190601470269265441231275157478799391364952896010730058979052014654428218302711269166285672401094724572399e-42
8.94478610574060136396427868817274710513265596353193558024432161750318947845952358519989690697707918385800541074126135346947744262059780346510697129675036209822664291341203835106063295574382676176835270487761150571092814672898208687876875491980162023515629354806043886205866306998571096769504874612787030673614e-42
-1.0148978964028310040839102390552584439465533030421695436944044283544611543989594592313732720897265891678408275882131403504337039540882863977615424928448182134106774806388848714654357072621983222758283496600834878397220134198685779747240442969896435621590690672349028162173052571918241881684210461233048635742e-41
1.18856427955951451141631830548461819845097510161925122509143075714446840338118739102253980483585789797930975714609334857974577516299988780420975058209008073612820309243952913035749570449607186309982737096600054243343716436833353761849393032372773253634285138022570114466718663825398670628082753443787094680394e-41
-1.42304386334713469117973482694960159388841187407623937271934898784065176926735741642194663087087265537569527478031656268257672885880645638805379930655395362569674598490050116863071903942985163730725495209849016858466250085566342716626844990308651078846527793294848432454608444781566537560866342408476887261059e-41
1.72365299186159133567683994556272013931741455391324517055696222277743017920049883848574147317993666755701219841340662177459837043926246539866369786391794007811556770476422866634907650608008441992606023005503644440619696070376586349676770626933930039408433520467423905341540129197576010160249195123690941769067e-41
-2.0860554313391521754468939269855528719918554627923989700536980527528494788216311549161088788405616307672941553993499790036546858313127806457752719574779467119091613834212612149275837233937168266864798025999886989419646304338247572319573941207976635087746983807350694003466839622043993615442378036032518212208e-41
2.48384962510544402872364703657678684288229431250399418727007764297680085663690581479922032069085006401987460941553862036955887353807361771822918450095621984663106999574560317299069463190292657484783877675531876548409462905467410327446684852373454454588187896870973135223894697620932972358586322686993128561052e-41
-2.85153927234442677138186755814955644632188815101531967130085574636517170638058422994826005965273243852011948865228251702143621569847007792662893540200074353926239025779594852024074819005422987922171596680205057408995319428616928809757620842703973117457538667234535785089631667680055623283414610751992505837314e-41
3.07028720916214078829843842742096724583665906229855272731379170160276746755243054958196729143164083294637412010691961433599511150844197773642438895803750475968272442557104818235024991696085507660185157184660237180404689334042696822475266719417805979206766737153728972919022829035312305786604459881210032165319e-41
-2.97812577040773649184953007818855349065872746487650493591809947739459666956491098461132167210629282002426987189502515574099834490175890238404138731490459782492962747079449327882021839725215100032247125965750224529868718570201104648802551803181191697897399603207034053248770346496961572927564475146194118148278e-41
2.4411893896872927947172335195191018222694937746905874112890720230944657638019572801345540656823114182512815540470375322120726075075711071346775486118640619087272063127666051951964825272903209849279624183585528019814875239891139411469152374241438461307295851054085321404166112397890439313164573992462654692585e-41
-1.50405841151492014337264533172779075317491756437111036522672533164211783949730894678139617200768640646431890492780880347512757683428881619553093572027873189066983133765229563775420613168335213121342484070262669181344801347017732332113409349578439740080122145805938004814612566774503433228603912446613177560054e-41
5.22704811686424138611743269373628753787149656878353789876288954308687068526258449860143595194183338554496615633510965211957340604369947727445562181695437831072901426917121592890502412793151025749892334892046016024103612166136432377922061821444470707353899085762195636146945438178269368191530842451219740066948e-42
