19 1
908676397986914909630.637967423616892231279976931490071615423236064320096887511825386192808812170842625712322481843868338724070566615993700203871622822113381783431457465607017307167139966490140970721280099009083771720083511925338413280979124708539762714241833869811291763409239674963694379066832374209998404703
-1360947624632369036576.28323262126081828657372515020681183566352837075435048049058074121740516224423975736820090833147429027558155328704493904218584848954073582096979873931036292708873654906381612652740426548400270458561069556116586382262166927403912310075026007489445498714343992442504584267029497350338723263
937951030806554797698.030211040697677803516256414249415538934937137400301166968822872071429935072543391308682184874156533604652560829066859845985782655871663848209644030747940343439122526022057157148678890576304268337042278619507486389954195184048224827162365064998615909686377605621119339280073998695875679164
-663291242291391605138.796744228776691132845274989387320994398483161787357816774671508264999751452076723368643377026412139043871949061219703949979353548078316316009649332153643802668861725787622737236079131414337832646216489475619465376996477752745867246145794397793254983848118643718432727578777224399833041751
815162232158050922286.539933064739745897338681608107233575883324401672295649102503094838496169366462653248207122254023396238248398466610862414500108871712837164836795796954832335647326008156533292998573882665370998058362957312359272223119642730447255704634269306918008652866283681117925563068677155816855423372
-666083940643600378177.050659163133568537967675777396922132318737572504026108538680735291013519834704369392207373111168544329194288815699036589688265659912439652378884579791795224333937281520788677380735378820615157367808542286816542891539475324643735443793120537713195574816844311548955800818684409321780424363
898773442440275397930.154465155892181485771112393400389060303127749225929194937578820384801827557319716397963955939977861842812800970349217796277560796690450535986433592563144332037585968687992442954324979586004714354933809523146870609938109856443839622993634603103163874484442233289789219361916728168400049317
-863475362114513293739.383725244385957331311923969384043049359031908931751792381730937029990319472605113137511639625179017013930270682200684140994973448630579438520663478964359675882920479465341492977132777208840640916468494571028242903020891783088037388302104879660073113987774684033161548598221945091949089968
1164369295465582232322.03033069201439861057123211293717188065438911180237595887043885530848947721917343359856441853100257328078782903175115473085036666254893546144311679323846818308636364079800848064888165753598144547455813408907029920678696406973964696391760737845549686370679227548088717575183251248178303395
-1270582570527837955377.32227301793601482962302863571432433306080628343317680041324105667864609490032382797153470611951418503389496247757655127001483277929222012596083991180820098306556042163636871656815362639807525300361869072060589536500094689964404442175374490352075676168129092709842466715347875934475767752
1663774771593829267750.87239533364454465827936109742015445222090980041045568300231777378423828497205316994175100212087452349233145399927839360053584392199451291500957186011462720577991758433030082085675206514992305694158911965617908597254141469337007820969311575055982898007859252596709396533756301709708832341
-1979447689310490456636.51623617929952233525117623247889834540541946269576375647964247517444424803249083725406823932886078106187104067747566883655247729427888913224785556127482060980054247986909510623852627836633602395573593336373371778711317236271113710936419300441406777252751625513883102964949123236312758502
2418923511764481248853.64985286405292521967870022226501677047553987439994092408384222907975767204428129729240503640874496467119032212405101289197003722591353866087827695824276943805502748139131911704547745054201268582808624503075163850030169350192726239051256968068505575374650252168999442804536427892279563444
-2835552619832524411058.37841187049444437773024060238652402892580352985183109176869774750814373962581022301464139775861825035462284946630952422922095856569107914073370971426712380284234321000769426394300211415515909734509700419441233815918045432167924331116163233697572850182300937918709830219873415648942503807
3122587575416543872579.41871707950969944548252527850615743931337406474280235528080246974715134858567821742864488539923670307894941668452856846483292593299696023431117490699013031590534533854217405798587238176554757304831362281382976637595590374547600579755621792028810138463636372940299591785724695366906725737
-3116367680524832364554.69928527664303782169409579659573605168371017578078341651595278574847953269283868818115869624379140736471271889422518872396001081252270970690503215727331373820682611136008577079738664552745101474106236766570300614765342988246255555026306705852140154578233259806177102113344592717637102875
2642065220995360281919.24588390696032703247991415522304214758447893546676885575412422336669196532846419650988494033539053384192225106496852991654686609868041264231979880173613471122630038030593634326618179068981650645803163287820536478718018433962798670273222278990156884118298120416928400871975959899774576023
-1706727141081854076823.51043496403678583109224881096453053591103241648366138670541884924233116540528563624844635910868836331911284981749092103772412782399488206341938234354715003609399833622565365723672118881324361591665799667793809886102339919963758589316232547431513655047577035726473261205170965463503652062
635979035889828040279.51352566893133514374657722144874834814295720319015105571862756338926682711533751494358687199292971544765739526959565305596309106639468713731759220426009678952549078063530266557933844639106313948134799575759900875501248618842482482971895829314788858180315714020234913611494417023126815549
