19 1
6.53284702816858895034643973184974702505816518681308621204630222501630928934845053274833714052292303259380674682833787973252272811568493575174291054200206086390832635448767268184345553779300095056903892189023515989677529287188467469734848295727875924062387551891371989492372524792444296535480275010649670920325e-38
-9.89217993532536971840465008607603733618008165786158347590138757110361250906565528337632787466391601825973973639707729832676169382558101128970775468452386972557241791022243379594779965580768758487898613053886347094522664125617327044237812765112438360081703880483627595125579577898404377912127633067389424485807e-38
6.04798248789248449044483992201371788763850988468786315253487559157603679487545535488402280097459117595192038473652598247479013690542438598865897828217749586415724932708113319325135643515464839787142239362127008346742576557419064043196476122424399343827256726842321104921130739922883525524842191726574087932434e-38
-5.16676418528328002867162712112721350704922228914452722493257339320291493745881855866054640809096614850087423816663450156212346294073667265314034063743847501951299741023892112711992468382651903495021913854598813538326688763205519661451682558248081580360920313788776511776620772838816452665842325783777116256362e-38
4.95926489250159931573457016660764072747444733848277674361473657436354271409265500639329984796321038570164493084448167749001756904470930570216480169856009748118071317318100939741038296118823968017978856604298107382665094049027919415795584474895762698547221207028638940097241542105600641561692032893478967889828e-38
-5.11776584771051965529334980071196862244461282274094136035161064330129819453780880985819241058611367594214577136680203706269819732259815996930459745141091610230226849600829650876961594695415383189916549644644280184683669732141000707221698400507573225117079014633058712850727941875056222890585574157027597032073e-38
5.57106899875449273255700211218827641403708554612410108932260930304617755774924129848497761619179817200506816659942131991975856513366032971633586620947297135266290026603022592978631844125890806929590422949779395504113778424341091556093149251851932332856487440126110420419877585227357963098314750426765757851652e-38
-6.32108083954122751495721926761325164543357587744922077609501646250723667325204336148548387410109871236302480432872971121241751905447289755165014683031361525309248408820191230554855391840344471249865815470264783273072288275911322125129442580642747210568546198562773176852240971250884207281534165179864655223736e-38
7.40273405125744075679633094598239007029250097393578616089282952354565030367769084909230813954913277726419787432845853314187924004346434763918147164688873932227364018047990693499867917019668255801231738339452024655846949290333953031339848066320448369213843121875850237991079817998177741217066861133465851993546e-38
-8.86315424696914452317079038447073214479386046692785684987842300779910937734964391856828423943230574068500405167313849291032719040750976593620271077570269812413369541560221242279748040929053001608165169546782259311400565696682480324797748935983160034365070731705154499295595727509890818820542397718161561695164e-38
1.07354553990623193315813867015143884137473066686775325560043376928406492086523195672045285218146631086007937320329140357487734418294399087765736476499032272450308319541603884680034232359096284381892687346910852839409351787497974207018672042048712731207117113313996447933541497974590536223326294600899464240339e-37
-1.29926326359367484828189931842512955962492231420965510215633360299884612340715063818259949733212158535548762360193525258210164471696197829409941219599383504308952906345014821585656029130319502176098716063246743349480504234090109806774916350770576658699442207539713188127652801704690530821253585954745698136429e-37
1.54702510241397100893629545216524589533225706321601443752388981217124730900315962246794860688726179737626332915466891298761101591140140946283875030801532326798163998870489114456075062262591521838840237282711137580740667867372651366640468068167140367618049142389272253109675274182922532539603792557996916991296e-37
-1.77603790783990414440414758580574465424422076598677521706667605443617578769709046865272755423592373664055529046065517833697350500613533699909381483040603823025531072198375616906570794939848580813981164750540982831045256972533523624076891270625868631968203106476453708187664280550110455262550466664323417571854e-37
1.91228560788174934140346229012592476571062373237049223475185528518179611264145028114750243003801622455769750731297899144354245545769445519487433245276363013032379973331698363086537313359557200805479526201454216908024325883986936699797342209641851795116199336229692975594792975832029822283685035800946780501117e-37
-1.85488817851481273167932572489403402789203789585064363860336383936230838181252368772222690591195203215590585737641459279712932129213172599444143977951290419818941711348721380783394997852465830990753988905681435070743440863716801373584611763290044046309851784570144579847262200058511285754472740266784470115692e-37
1.52046764996509224639363554666624179183720635203689945955724155380661623927033830578811949665691282302688813423051467666983643067019750533090890227276145342626819800100947054434084003709761391769418362401343812088698483074028491069974167382209445276048828641216535088015766712619388245289582576268892521074759e-37
-9.36788372963476244084699488424391694734029022048630004833891598328564766375503410730430497770521175762293675848888730608566836030486001194884206781957810138555494545053591422607834212890064826825892682671858739750443735883569014337660896473365331363537230622824639669949424509082025672998585493581588447119809e-38
3.25562542618049659152929686286830278251590851468847520306902623786377860618437340578398116170782950475616441803414518663571198525138584462084289412686404367655776886986817541343641368255267395724170622902064609317729873336254747785914729709593963701340869337145458350958398393036978156284426225789914095900156e-38
