19 1
8.66462099543413541252651233983973866870842681658468096569205619044808585831456440708899366556607370891049379863151416663736526248704861160689819796485747383850113259056185821989363215780391292372998538225707246265584632308897438165245734844658739057601996329148918634643443182447947530077868087411543598216433e-44
-1.31202595514749772328551846854389448276784912453828392855973899925967144985247080720489665442994365094243826049389752300469837025985224183729515670475980294437358991274007444592020564411860397032947658053680561754632441094163368144688669641837471331273998193257331731101922633035600170933888895115012758944833e-43
8.02190716284719380037557407907009830882445065438143156991611236126112916494707074714383041168220319623772922878396919567486693111488521737204885632606647182644409945453605649992290663224454264415525620712836837869155084892836092064453769907098072411399848790646472950369719214997701684860442723615788076458622e-44
-6.85355318750158723435633458656314068435410811317259811651608564836751685161637447088595568085731929145665439720719221648240569439727699204678122409824010840029058798263825425295607219887288082109192702845808986856151780504360713325993895655828282442148532905566411838159244268374361227120216942754813094528225e-44
6.57896917234450302125860909361383166202964790620151922719621425368631270947814628059169489968262079833624269054521467813656417322321292776813899058920951242777580240162408882048252969218201569418086148915065386444911487176706908835668831784638874738948913893272663768040066954149766950538578053485047538199658e-44
-6.79012423254860476713825357693787436461943475154006763670949491085952931253560944797875380314584044345152228877851696454926006079129863615984326485492870756320920970486619332106761542643258236600590497653279326171383178782585900754302013043330887420190644704081489492543361390107810285048222668833732669828635e-44
7.39274937639525332937547346112576620617118628000427257159327324652398664550056686925683976266975821905415222563709336735941401725009836107091983109268794414051199896664154092237219836238003679143379287638436312050507875976156970771190781138718580032823023804670864066703525870726252825507936524501505421806827e-44
-8.38962045781444758606238058771988604730108203787963041060624644274139486488335110170893807213620147950841902649882109901374276729772518112147409628038754618549438734742178948958727581124100700494382962493929407387806334389747935877711592214207801161920894437952187007174055948971869863832748880334894435752805e-44
9.82743183314193838992358921027547950135752428946430214707595039070653200881254789312115591100226649736151207357852013229486631469109389110656409438664275811270622719668729405375701225987902475776314527641029927317041373289551883537615229258047833218485380237568136415033733555286324059014798234965334429117152e-44
-1.17691890561359953916401744397956781391098299341386360827474996834591218896961710308294259912273139161752045144705605599535941981343685814851970460894298251201979786930348896377123385304000896838552375260186805308129249966780341166540100669948691933758394643167040194720864798159725864201868337036443214339547e-43
1.42594402204336632221785503682799504050171413015497737812574727675779467653584282292440745437318258896751148718119178709114563485335544098617023931404377291760026785417046218648209766717452461271169512598970583855879188969404095883479561010911198252563864002068716585450134215604546193088256512367659941125724e-43
-1.72630048113980201928314774860724851441444031715907774379056389876222528054274717917358732319747856457424266454561602073853516582713154419709754759228817115054471468428449986619375511721065171740862004384477555286151206736229393476540308546220464786926895562978040204201932212931341582953501846143408997865597e-43
2.05620920169065732991389529850830491435258937191636621836856899375210910238828415401050667499825135539355236927231073820904491228315823597183100931974339918911358205096869000113605939542183377209098599608307457873488480219916573833701036619977138011508141148607821454048338230483404971521043782902879218982659e-43
-2.36149144307358697723497660651332359981830195192017546677949190354436392132868567673968819280868581577646548014412394450991819449562145225449945604698886875625748230907766326505061441005217873661802746108815885743242263765429811421668589971785377096902647625997415365779080948278170589819033836569013677840521e-43
2.54369267236469167956273258725575145712019630840200905367278677073665191578184315383692211883011658742570959096197513173092719102101179249295546481202406920145505628569493775610353141575044074297216891824584705282271600692530331375761152923887983059109553659409826852867571596593289650722378521484201512148946e-43
-2.46843054964894188450473461545938693712160031031103027168253899975348152646025755129025257847392383718047396585953297541977180344432263952845045620089056598414864333057341223268188866068626135090217806216327244346268601686242601814747307028752078945198475496549833550916631892079500316138356542705241014877189e-43
2.0243483685561799271034089404458347430452274125552965569937338255645662690544731718916772901069931784689162443445053632462098979378306800006054162613610800372308874504899131193043039699546155186977705004033590605834146106889491775964170521151089812741617241082727928770815807999473853280406313942032464569672e-43
-1.24786635013291439511270470980058747025383765098513691567712181641428438429648918712240797614623460562547332144010110276450950188268031553610658950646269868599874685827338957549734977110325533615363701328772384110842281972137157765566033891945284705849728894717798881887246896731081590467920878597919122320254e-43
4.33903537133643304664615721711756269242013017300871954224016039101101620779456089222738178019160049188274776048695278299356063727993414291178824478515821155955835070265173452514501002011061066472468521132453780494690548653185675168140209421234051435792837865548579403495425208615816217479859511168422104230516e-44
