19 1
1.04879988902248123082477485725371021362050462770361820319739228500544774920938222031768852722767884681376867237343428992148006147464121014555890021648614886990004735671332915465390560142585738905747384314503315013379459207574611824313065391652543214841093265181675000684424390475034936599287499325132724889575e-41
-1.58811567262839378191681522838604226271356787649075477666758924010633080484412519815425086905544998689771746966609696425407414505621918946196307634187065603504853402517664474477790669505958015074532020381652908383229405249209726228580022601509882873510200701539392920515196409048009199365562546330643774860527e-41
9.70958239977411037802483470895891453425265988748708823922265807347835605622796214409875532714537020036801494722959343152194011114205232198448316991438915575979049896592941601955112891649423617779249095127251590849904926129182747520122184663547243897689834223252546480943943480274084291354391285258267081460699e-42
-8.29484913622668122221994972794429768563926471476145995570500504695059811031741486097542934561788689522673638930924787696864695192826877301671954098662229126166406227521249135856325060982784560112715644151228750334916603535365489902714807442073909892218730984545902883258896928710593424514463694003915116995291e-42
7.9617200655256068071062538610418705132632111716906943329970194180077731013234545391380975763200300616230521337773429700488520881997911233554580031581777917380850495376007447660645043415529979060471039758618608121472577188655052192330006434110369823379333745702375505283520085032635853175448067032786311308404e-42
-8.2161749388175893566732674251429813445587493839851516531948754896971479860742470553197214539230294091608405936548802079975342066093224281638384076230590858346992800983891006933704868614354429018990523105408116434848218032863681684462975669901023831002103067097379110618007607884612827999249562591090485845107e-42
8.94390944664963052908807166869032765124372247593031235553190450111273779425515541741413504927686449952721942287807479148611514845880132177683512126000520694442108385782270468684217099403472980562542441225009333794473024797859927198612759120618602983044926912924615295913453181960702848617287861129666047095645e-42
-1.01479825786619568929337456962191056194430615037048817548779598803087091636863719526327437197655114852729578381649173970719542522908037272380651141127254335821302565535507366138380407683497903783686998960558165080867902951647237653011208280896892707017050471482540053296224694361126809625410866211714660931054e-41
1.18844735941024718745765946075275325056137497302990002004804950811804745619025013172982952342281448589224196622438539024365540865317788950886083616953543070266010813882100272731190312321718456520927188395493153205315579165102531070233252435488636009979184214446078186135411548811063099636985795074716326219503e-41
-1.4229035614738934822207908032819390908624747418026687532779047770031301084621367718020489291210228711741663859933586311431144491146837677179493247540698080725724436975199482751912837117735531459819481238483274860746579412027620264692737779179502431051368545347619845517809162874466697732177689180383154048305e-41
1.72348262327212570406987773263382799399753750194320031147835471204652751512298869606888415851309131874514419323767708483375784663939406942716220244340835729904651837773081743954243761151519708613386927515569217037393479093634088713217260649638667252649876419104497106859434838147187156639516632183502942880261e-41
-2.08584866721755247971684800328454534789956475546712466265494660353678111235053527315972201215938774120432961211459922364079449281885625681349867258959393397838462415089381230991331833810812784883782292692306518408776593316897864578949617357736106314818834155745704291100634223164884696363648942053704155794814e-41
2.48360268111518709185225824263783388064219743557738518166301626048020322342668296221785268300936604633193262737912494521391135412669916938656128215857269530124184738666282228710774611961524191630923324022750029187999674593535509233561657595018909653132775159507551504702988073424421003677536272147502357533189e-41
-2.85125483312284658413945626702997431367805387404605468537169978216412360731813495108591975125117917497945562945605532285374468946066430094225923071068132604810288402757729345591436895204266663789910323910029243187838536708575954093878989930998216930676005218678556028517183614768164576198045666945024958275121e-41
3.06997985570410265636505706479108871688384955684288918559377403028936726728661721384509787157308130315077705653097825407900193150262411896548002477034965365585036829451478389381665671911165694758134148764295439814283339945949899970181099241682967177180238161240530207952912335204575715484038499050148300024125e-41
-2.97782650127581975117030035523806426043886941054872968895564016320857768822686552501727745646727848922071099648671253262953479284930599945273419602737300462410714921071199104778885053720978953716051450811175880854196901533331155699374071156232429055096832392376151159020108670055620598796901342247763311343009e-41
2.44094307535181274480161511533953470137039267776823236095048071734456994560094592753686008422696248822517700518266950308134969559127414473131626199300810048653733701947035709484700500771059138981814097654474371281506430959461311295205321253567878900427374361769406532906105635828228583419880536938805349507775e-41
-1.50390599555964411369963872549412143233280174391746965710645268166383425451473204777190155498750643885139420974665610169277727304772174998808636424006529145952000593366555409444753085898865392636417110957780649759916753950412106339250439381523324744000211905819225102897832995868185231110643723074367881419178e-41
5.22651600062187579948628454426484010573725898265582457371670616667119979832248176162846025318571284568321396891643690755121453861657186690736993770306249910896007144638771039605791499607938288661508749904304320579785490700311446194631015927062456898926682976198588960509465121085008476054900887309865983849846e-42
