19 1
2.21471898715713932977999281800745526433958911621578960595576473647626617907076460951191182924492793945283356225164140331135635153040525747565523914962032976381909033164248456943555636701216612891066227143207050554943657661077828237223482332598167530691427897996724223299147251709207867837438935383181050182684e-38
-3.35357565316091012183294765640572007306899008286262358751017421317174237981460727473092046374453445429176368764830986868516953874426469157157161023822787674658579559148327791017441088893564393918724320991049753177701760185089704317349449174090511730936913978995978807030524174841511057726036024326907963380462e-38
2.05034256898940646525079881860733799050324426752354355529819983515522235998863867859122675218197706398679442938328279624860789208683480842233882086079643927982072822845915733333349655411043985558035014535648164313991904252660440572092036843119682969946838264334313176487199192718011415002693055321067017685764e-38
-1.75159698696092779416134837231163603753744210007389613241672677066664663990101993240469179158398444115985511674707954092721095014470559079371641757115960171266845455346706226011000191220217537823741944493324341934144201871740840759649815884443502797583602693847905062663035371330742002649560049962189851310277e-38
1.68125017639763976948434752842896655226254089267689103911231238250104717807100826045291702274955125464046380185078271798671516294810697015581621663727615351649886220848482319127164022615564699252569086097368495293126865090694627090625867081814995512831959557153112075442781358216666602376333794828359428990355e-38
-1.73498122201752755787286294825134243901383003632828091347767175713471194475311382867954930805416250826453116612296982680841234702427236855496931124957294787523298044243289984745399713597857307245963852285004221796146299804998070998817437126877459936987963456758837643339653202531736899703351491592663582721768e-38
1.88865258226905139911439518819882735005559797312552984008566276974011987902997156926084162538086927018547390666835834896567370056679541464374647912383256390749369745028081251634325259304300699902929360626048078491992971285234602515962717331688511907923069963244715515910136635411283895424959587963195959588652e-38
-2.14290983915661889772856875517935985010130511291718314847357582619714733074871083914909345334220003469836369059138553264543562273940554430326823596405573891056917796546030122502327416305359297259659707917469254025628617602147181670650009485490634368644220409817951479333825456613094068579771816781963811835717e-38
2.50959452971558028735415536533750460888678262345763764446426364147479923545503871103801178025467911839195804965960432283365663562990683989238828265535670919596609994691884851261347659866309125712910018112649075033510172163125522358402917241859052576681246395445800178048782310246493663946505965510220865785594e-38
-3.00468133312969488956450956898047964667448309719661712533063442587043759908924927737184183258156896938275261606491678183381348823265430111644164186010827660313061327522676768130093635927293226492690314244513265064844761329788987437789553276101550960851579895086818944764889966359546483579070927891611722052744e-38
3.63939442508576486992588158581094246347138826988031939644929301532058456206885297388467750852529896819100510499620216116936464882805729132349059755289404084620571491951618212789745734449457980713175541950137569188202175929405242517855226601742592712668372991023788745973099212383291324296400959899458913192047e-38
-4.40457690204855996645234526438864181415485671422863671752126888826721665720800428117680661486220206579882609460829575731169590432718072111511424354536210903634731266647653894945936278950372049061783828724250581356313799631157788319146444110802651143494362997400676029898211033475914013408293690431808792631375e-38
5.24448231778074457774222234869605602616626443256991516721197896059333829018147809575822127113875964046590830230278087081770124171498265626098201581296172845240061235727876886182969035959881214420875730729077283095924037276319938825051659156560297231024342553469859558204027829769716498050606976395446529578456e-38
-6.02081891110145544667420481982880422278112893843095880448295163649260609062204084071492707768646640880930746993078670140295776848367669258782297105208809041444731829830603925838019669737444008973754654643330519251376031331829733550095020387281063696806241218240050460111904300879152649390374701715430928367323e-38
6.4826713063419909765646857225920829579708572902902955369557736998471268580694320203957689427328225694470325082581497028440080587785701694887787223922058761520575080916405870097920083434459458386713745388391366633539244892116535557070228302533688172554947473978256895652850618928528373327805675044189856329177e-38
-6.28806080620835639132267159420941706962158492234393534458835312611774286485484378944054169062485973095418105815957428574375920351192649856224351627812871649778592909655559989152704943451901194649360101695500318225879809752217675410008438276115749804497279521645944622288558764459931879624357138667845129049071e-38
5.15434850971394801910266738725460327766603874066324156516957812046482535898067502321397850432670323743580909044676428947936196376475635129752846119874501520031922170278132907330405306332844946220814161824709568522877487146388344985818865888482692796576338190758755635287906351282452672709738811855037116654969e-38
-3.17567116649240216983133435176981477428743355383491517020762709906301008697210532464579568971952032425103202090940695601158491091030469520395670901156722055120435028431856116184418362748149689526676017575784670791962217274615382780326010828694171882723835706040534465888903050981946945013271695250559442850156e-38
1.1036357155708434331205258641180240153613376025768842782906080483013136890889309845657198346909973043088033822678536979527283102859013241334910429226361657914395844631516096420100327667644727622542944708589399699814882864756079096526119229335883002963073284820917953490858693712807456164398600070481588917631e-38
