19 1
6.53257892718931596987315654900348588619583641436704876556103229696388605685537117956312998733194561905814905245214263708029290256996620373575005261964569471639200576527734687979640087466734321531747337103681596367848533437652448627589535861972275234614294848698811515021353229576504609813283463676675579222213e-38
-9.89177388501081220640405094079557263412613602424022305064564426903599444513972154823015792096846814658832909202481880484935174474402523820973379631643964859981484632903683163044489956888940183180157087924915517422268827709679038436915413373439948100625189298670092273333483399163838789829896567880601115888827e-38
6.04773396995523883190791452097896076189896130953286109581649765877356757888439144164526037415018263913615311297913587901496796267530903440034671206263545414128914142143903651385186182204184030523323084112334726163309848714972223559944406116787036798086502848650619170505403571714227949001714645271250672622207e-38
-5.1665514735216405892060644599784637434831265897748960818690626635153404777786610954096237996355078575703493152627275348728339542222789754943806132118980881864759491867466440473810995991140121514643130282656741695980150659345818041982702188521009208603902125584109342242041010444649325878282553832632733601707e-38
4.95906016319517493489551153429904987432851758163526183691105536816278731091303162284614178253596568564546113188079751265987400679232985584347753745234785929262797395498425617325593452352551022186660891638761570707881586605090605958023316566556056632975573120966167900455271260764022581943042344577652797620873e-38
-5.11755381924027027331258298091483755247682621689564585508757002881613037412136863642972762091876956249701820601841525315583061232024911515853388644410851786139002600425564246503676735992894917033192209288227242339587129263123551211435456680736544451322757621649479358173442471669822172160743562706238174110605e-38
5.57083717351370850460325639717407795683532702789730502567982135895772747949483839656693879361657035963853088011256736122715253246625763811324520727888912907774032502655102114134524373597916131458822443603561624927994777709434778524887686283661610035027986839707578208715597070992276383134217321536803281327209e-38
-6.32081643154128756805731085352153587632180285576117621731952422995695426877113320899599785311057804805158945045635921286035948661750651834559182155183781805914278845140696794713727005176285454306922301884765883024270288814751940565858520335275179523486557621484429009812144641298496829007219773106212798468441e-38
7.40242253293407351643548913687414961696913475715671278032044793448127646093604334463004734603892027102109286165363392633238639783034318599776488231524743752026519198917836534855802957478484664077418668315102854218078125651709995893338708639200296885097719767856993395836812195843651800018615484555804838920712e-38
-8.86277873064309866067243792438714819876776260395354968307843751151103297639512899576658994102736075675700447843775945762031309250822827818781854297661854842199122276891456744926075082292600550490907778153892199370892606146650712372790572549950468961943095334291968820751613249518954122931239120375182286003576e-38
1.07349971053195118309415830935383199264225019145097590305707220486837221700370527079121773995546401291836144466987049571429885135588815424254766207772379317036441130966426357816457847898468853332436214348506370547119525829527107301136828049341052157213026628962175476310344006492269790439258508439223638789919e-37
-1.29920733553082933561663589545731945400850739834246576917351027137241215221032687876251669535489720266372392534052697074221386128140222882085288374602219684275587508420778248945639241828350910904195296656030119687002819079480514347603942978926894604701995736877105747874760040338242217553438436198100513851781e-37
1.54695790429644113653853967615253492439316047148241652617038652472140372825348731455911186129238830113543758740861639851535575440117436511030719891210452953089204006906508933207807308209961523705275072544372837140379349873301269101603381548814751671353568644095643892805445604367611676584531642832346755851745e-37
-1.77596000590061857868054814484049733288795074098732599366672028571999403347298200716029854236587300128529282651414794148616965802199202078589461612228467398185443810920133792459855755869766601990684964197987285239282626269777342127119239104492816252636682056934897520368043981101620998289079069645465163162165e-37
1.91220084904998723685896765224242936431513584608305626338149529349408507947043797157339569948632179619857383289852593816648676014561510485159202327301074736856268563651239924393458020224529638700379893632742605727578068817984280513393675398200074351739753628166555474689605976297822772894194931613937288615242e-37
-1.85480504497515735753944254613148458118962958720251191800850603549816652242179013502359878582688992625121641629746660270051035227863934622482313943583091726631994400965180931491920513844380362465831912451060579767709345171344344557159464919036405101823398151596529246808545181482554822700930460329808665669854e-37
1.52039869871406008100807452137928626894276989473232512249804633711806186627433345199557816696134092567429561003964077119096174011811479592481223538656960440097880228902290366731126022355206818512752388929210242539638173335359582504282242305627780402876675910127469123123495773598172021635317620695826948334081e-37
-9.36745361659652733445592877808793802264328791139252524365143825230908074922475149824725917954051438421476278186364917372969136732871976656384869182993116851818532337348240828679913974172084529368747673377197103597359448731778761586199423425227365195626516533869866159872189694539239812640084883992869847749831e-38
3.25547399656814035540292909184846126820005045918548446930637599719411605371276058905320721046366912560761992040343955669245642328889138254174453536884059043829842842163433597448477722005548104649083929660603965055693423660548571520505096660191092469889544290501252745262856115425551813692626929554311435900487e-38
