19 1
2.21085473340855783680404780863291805887551899921117947573025480845894688924183257981414792623396694315540071229854835722030613623071622170065783769850785587944243840542085993158434355186973063332354004100239841568904611874488077350140820782447649569452745423563055459342326234053585741327937039278072675762382e-38
-3.34772431286787507971249922108223962249900298276858145910895528533356426292998785728762857472922180146903728936048791450010300506959474316522114402554773835899020800315516875923561081391835967115907926821588569507694386304512691404805323235431467266724207008814932274488372815317436070253380293645467762954126e-38
2.0467651082534968189416705003279252115624559793983795864308234258226532743093513336448305650619660356587156032845478923250323153295268890157480267038617641043577688099981238580338742916336862287769552635690823066205716885795375715312782102086993474351082917371250551740763351502087308909989770453343638512246e-38
-1.74854076567705760215033484280854967883418853739052083216340649032675960201037382403919425510844910212716919291677105453385143810582687071602721377712657742377687688587422457525040561917373581730089118351018688159868075443284835831293360928392332541780712966942856932400088047545350982927015532576989052098331e-38
1.67831667656365109830038422284841047448257782000062537397012166840984574976666190183378986911302252644281323629152884389398350171416528852778808205831271326982032065907685953243900850984612500855812642470138949737713260921363111080272287599118381889398192175248895585122429199418891332571184249139767055129134e-38
-1.73195394208526586494751112275139004566566016241438786272664939716444166298797901018807008222642818785703394537921122399602703801221751992764276152865034472817740285800054260938774506654176984050547432173128272327279931945780861068222283741862311478166875535916520664481593375368475557838530435440339252793867e-38
1.88535713081929872191834499983909920477790408494517684908493605776490754547337454496318662873301818312568766085263901543676181988964243136591243475950633570985029072580766844587156628275542207382990119864414337038358924323748751996346173163835520926546080091990859360930094844415443665017741835002902963939395e-38
-2.13917069045279465256657157171292102327210310769809940512357610360938477801714052447232852904444023759421984365900148236885778515900646460362429336139108590932269573768647462563290744616661351884873212062572042360900549075671775129373350774688801433193741162420743924591098497265825412249170672392878450896665e-38
2.50521548526156476859730133556290921183857896500185379250748453861302781705246244141124125845965361212299755267632619754474662029436521547025956998493168296635916948267107965418631680094141579861254796783619978126780187134308434684371474431034589370434864903827846245733480745813745202461305221976798487699795e-38
-2.99943830569813934208946309914810320807226531488259801935953397062415766545541278654647225920121721804280135761032910357769481691551363672154608753366847938293362219652904275129551094509210244835754792167173061227194322626471226078398551357077139293687890709024463116944196221636200415721696639202040999900686e-38
3.63304372341299329066722276204534864735794120206846121442914630125549160225566251045264405657431908738610093687714541970175162975981064899422657933078407557663174634983542413936476347132928499145050448672526356830070155735550236436861226284859714673551116020360081170040671669572706607290793699399663612910861e-38
-4.39689079164582681096391668116466654607104681627920441408203534324783037430272862444948359733631284523935235629830693392609293456803518457172126484108073153205215189817254187417635412137250965976388205473721096348332633346346305200962962901308455704568607394713018769334900316177093920519979101435608168602461e-38
5.23533032137414438409655944486831501089694036498962725395818734262060932193980329100356845594172840805053978905335986284217504584972122255476867144962148472396664286100205790022880673311778196266556505019736793859273262477493062205014584646645775860290903654909038686536813473702737560793127813130227523002045e-38
-6.01031186751632902564413188803081559663033843197687433090615406892521655514803013934920944629237735903233772377966647875435964768435922971455573050064480048733851791806432196785212188497565812371722436258958214891912526928647551088917565383545980285122518719603324841718450495056482934317272928521215049239843e-38
6.47135794435883783599175431775602207731004792526272911993854531189255417200233098415783113202456407553501601363573621445108790078715197733135389753500586844417020935537075344722338790042928484414953267842074356522852585948643926292587903264269149351697574708268109954152652691109356496687675537486551134201354e-38
-6.27708672713145544399957380510497894614336590030408957339825797717332279096781307894209626054469488590693010920492940082840050159989844453634670098731578949354761278593367560128740598250135167868248257418666294002876557972998454163656451330304522226017312071492018654797830872799054844055170104164287368993397e-38
5.14535271030366447267643380123483913806706944335565382944611443534526906226588778317727221385405158428621456202983014750382353472797661703648587027753900629193264677391101688586648083223050140486741687505241185967886340615530356220002005213719766333689909551770354285218620977136086160663053596423836446999492e-38
-3.17012852104858018061298468878720768775563577504371029262268621894855057820996350966332518775616968837895314060558552729820288317564061825158386603013552484931024854702146437449989035172592683985010862785938476603466786872257850509844306773889210786370263603447450993261258235359963786686443661352224251007559e-38
1.10170941582657681070758724202176575693994357854068600799936700130114187096614320130188776194323023340711815285450325170806649141271494434774686124840095414687394978240150077639140358127348700744929247680160329068201069115309312264409784937845596335483238530079191300474156623749502831265876637750437742020417e-38
