19 1
2.20721498366427957628425185360121566002777762464267972492824580176642295387270019003989291432223847847048892437948142504735259490826962299905487315700632896697791101622309159834722599975077658870539635914060081386336672184321356621194966041964418188440838889329621972842636037244434522399974763906881237197137e-38
-3.34221292181426336159868214561671203621957748612017498890063209293713325732871709234854018325220707026731231065499345864691549052170080919473187988598928494472629046283475372673324156344156110222052745700509110179826500241605860171617367958102703608565919322377630943089169416873762233633257043801865819651717e-38
2.04339549028214795485838092037400030211719847094254183020052590032003742452638315794949307537866277390150663363518855974561021970651964690520111663927355436235200952781137396596856150447588919181817510806823725971358445126623462306307301651663640832491072987229561851963430607267579439961330136330952008967223e-38
-1.74566210523694252741374694576067008035186603743732931092002154377553247776297288981415123298954867975530479452628017326755828733585443052470354697015921863336388282396121460602573258130582379954413134044217409291763096536769466149609528026574106495926083741463810329227135653764897312023672543622087699465996e-38
1.67555360902580107497933771422175897375050518926017012917275873732085898710059871291958848199960917212531754651430567151144250184650920773983018916263369598124835259428696497718313154815157012049825447515357204951156499241607964068455125124119061413902587650097684696059156428244080742920390587434470341168372e-38
-1.72910254475623734094709501016381099261312492904059524453527807404727980792980531886979294572266326093709877647622437511932012713614758729580674250426394300059872263034871497806692695279321188507331733924444294492101302097634612242548453445928926989728845653226604291852251374356179331868906694889651451412508e-38
1.88225314496630912800657450227737966911164569913656856202757425239898138708284480041742833390440789757876125042258105730558888536875419187759917213407118418911006360473413494909552744570152914497730237641687556473525188193829772620658643429189526162314840496006800927926370313306689788432005412281746953008624e-38
-2.13564878943076395358394898016166313025425100049689010941233262823376964169757303472042983356501107009473534050245282281386591068270411037803625521844548065126004413059397463439549970938913310898471946299514421644667023652587965141670432127954335752286267802244728155278331717493577111311450447975961212241308e-38
2.5010908714428154342405366569181078842551308196444225415850857138401106128457628581755736856875089776004350548638023540241917341864301562967203423057539684656027486690144033650031119351113293086330413905117770289264908540841462888014256320908274300425550585993641564175175580052416086126784895944887482640333e-38
-2.99449991401490191138018671515864139854218621513831149832595888529529277020994984754749078796488617825685760539707161143554023813998521191854661343586712236487336037197440247058771983889410955110860551983151205643199001285968256444373873788636622997042343024911247607727416982590768590212608607390804640875653e-38
3.62706202498680566164160115369295748700261781757445853370178474961436240661769099068985471990199161535833789965538644101608749213164465816542021632720976811419914226996324662510485820613101365184558640530671048869803297928878573283713223256587998711764929189828999484931398965197625228946022140566024922018334e-38
-4.38965128861295112902974951103417999716359941679747463925422280976684854246212803358445742295956138866383963400431546108655134382696215078466505460712405549008047627260718747116451208667218966041588886855092548811281806796670982954529265387620519832067128592507845408019449340355384733629985599287749085202881e-38
5.22671012327657044199342133392242302543125489511499264892380330256762157583863482292136321746191436552344240150188197008346608472408687619481258841919673631429925474198703892759818810213183754247336053498408511527956102352161784134200578261105930410469957913388700687690012993254833578076307969763976677171539e-38
-6.00041537857782330824237933847431898338175368902710652004273237156725509679780724378416402298075104527343895170791565496083726046667102014503974548858380601931761315972374945695360475622382198107540088560107780069825936979155672039800286903411612232026492509978323643262804126446400470252689461706573987266657e-38
6.46070201255658142344104114972328223285818521641581684956679578913128126651559916262537415708310236301611796796210068284621903577777649881925280508266285296252225277560817244835822062303024376342192295834883072760087536281764446220263316674829312738847019189391460478752435020056924781316694881797921363117776e-38
-6.26675038420890149694606949043526607072871855881252003867203897412173816290163493316013831426793510459287195970303293962683934381778364564323003766684434483923235340176679816503749858844840926683767371298701452974015251684185115185684181405031433748154591174336027055098622040868369138929648622919890535744191e-38
5.13687970269218829407851252321369671253706361743073888599090104773637053928334355436485119661049178269950233277478517585322905607815065087123975240044129499717289988748657836522951530254749034849671279698404997583247755909508421873801722072383647727624133834366771192301508071532051153017384316566369324820765e-38
-3.16490799969275729528847374384749309962538220779864108556492677892582295632289845612650227859076725672057986742094426390933449339346918544164044444121009454660763012738561635933289855101247620749773865001664804009994291341095587001508970118083553126447893232365259721160754700943605825109846257775661879403806e-38
1.09989507227523320765032485484354945042838627316056998429414127928352942648252779931063519286125838950003891713750897466426061267174538328852876578595017244036862650876700384224044185628310680005715971697938830181270396781465076702766723031269735079350745762032762348737566068919513789848355160850154760753982e-38
