19 1
2.20599901492212757293386165529543249360076577468289693361347422961730380742082431310176641121506992293081344197062721873686093967314369469013391813704389611184975452292722516647459494316403865309124793927780046094891603544569939241351363277757469030757658344212998427980452375940801260264934201554200229407107e-38
-3.34037167457110794676313925338224721160646493412064285371701920692010357151752799486685113656082806883869352792675875327855139571974381131478852949309970544559783036163668562099022001250430171360941243600054242472443086872338775042354885389473866224887696501016832434433609319978711704211585829055103628352884e-38
2.0422697673129136319860168076564112509211746315350164985569316003720122758962693459119415995969676828133236897544752440943884994246520775054689694591335147049460800073612607900736288939829299325917744337355225809825105449379427375121150287720458799458429480430788928551909865975778532930944658477116402752833e-38
-1.74470040158841423725418659662620778522452202351257628183647232670863596200715528934487823476280791539258443292250485071494110511574612883399466294173048415691818859255552205620186294003813748554608407272648576206251765420757862859568827249000488468932671400576601017154237544714131608651823002431402553144117e-38
1.6746305228004930128517719696574619234658433147107612254216289268519869765795261052111524562447817939199650151318424294787113159847593127948843470788014368080476063274055847468844165951303118455324753192582033818530278915482252947134542827981147864510560789154944563444492376040082028609388929448554751969617e-38
-1.72814994945035194799549832740944507690131891281491494895817845581956809520315968939003974746807308337151021006504578437520977904088652231923289787634477793386853766357784735143940981142670780464606551549903864786652414375973071734468287546437356950137777032643773881889743437733473106026229819956951433415656e-38
1.88121616505297797065613182468591328128593244989571221040646924182164155820187717893128907478772849469992815470201187475290941135072290678593813238748863040006562528171626688494417722164096019040251417655881808314276868568625570077626702924000966028317855744719715287422927533594045430467632429101195647189316e-38
-2.13447219265799547885967210979031262177890527655666783256078127457903291837481246270272603056068683171661133562194524629529602629137500488340529092599851002895329681877733072101418995351145667218412141378886615366885845592838614329004180205804119316513038838328505484811387037929207974548589602883705635859412e-38
2.49971292075015019540722108349744884410888510344435379984847821193520915389085979808497033255021488863156209570034395694942214537509906462188490241136658402657660926706288143581131854975981249246611294170555816407656224121294693221530227149619843225597151560142727921000739173682482621992627449533578728284473e-38
-2.99285009699512466137862795783544910908638185743831969554841207701956601514408763077770778730296573214971025615730592597565193856661760594111138121508207459407917058683151286439359395605569287379425218937947407705562678504566586327792881447137419114451525794729010461658758414367273549732294519369891372757806e-38
3.62506366094691377477321623924559399718793906668437302542378611196148140471810758972684790130196940733610947337883570544974923886386910899560791585829485115150601995129461904514613470701064160052498108215841258900392646747144185284162130462739854548833951413022275156723311620071807621102380035368176098323582e-38
-4.38723271853712726056265703676082534457552135637240441485983691299408072993448789597031031936148497742448163017917079024502255760303693408669752037496305658307131287080437667640126151781498987498787781856749156435830331823979189091563233044200156437974352087392696333663656526920499855920368946373157056059388e-38
5.22383029243204764047503982030808758420111156637621468394658717377193178635312066375400045286476209507401540638982193560339350692713830572545550670553194189804051452459738893674253338672047792797909427381996134563313338126201773811473402654700429107146189338168090391516655443617211630188889120913885019816333e-38
-5.99710916677977885761259562301343003135999161209540472294437202214328021060995656574616592194720225318010983178846621732191077964811898711480094295485411831821480085525452071227511896400244234176157062012125023961605596121665905517245964245942193992457056099925567601657662539336786728228082701878023515983379e-38
6.45714208845771266806975617868359679011850692305498959183436476249005524916986335623712998173247331304718288086204546182410932534010951784930690982147315372602918452705829361666363318447674397690573356519036104471503798849532394606251125056443816864938020542926750278061585331871852311037285628594010099468946e-38
-6.26329722997008251624728955117849979536233524138374732868517251129978376236552768793498149981749289649321965168800437589401095983244362411729218646579280271790744330066728805812282426698310705112535703683886337002701808884813344555256845662974767027429604613329132830719210613950253028285800600822028447629134e-38
5.13404905115650417841445892482048440209294687529274169499084882625011018625971534532377444204924185556026639981089751194891037533757433556976051006960120835286012905781740316787740145131797975864721442112999727092183099512055524477216723093262982601521033484738884233662183312064934160552270496556852612995409e-38
-3.16316393569282874064257232466616108367161693489064561181515757620517160260409404898219302175275612128769995213123564742499516395615640178741507863432003559098997796625274712473686771654360746219184047156656130138592270923390829973913695848287917504823440607645922722408355245280426090941765745347951475231209e-38
1.09928893948619056833771533647275895779397349915259462782218995555578623740188937970134413329103812288994623715051879401549173514166323279239903179061706269082534949643497250280244817940881522148110927857575725975930053042409265661102780077596827655744744648539809624204437765813842382619005282936635477353904e-38
