19 1
2.04520510459838712631246035902622501944621565731383058881285279645870104618954531303374687490062056583622091128173153879449899316277546469963243137876697020574047266298746264579311467279541678935157341739585899396303752019305535949076051688717869513377970836904635965089989683001504564362628695210778879505403e-40
-3.09689563195046274330817231804063128851938599010573566632375885347812879421871029193308093804233959495280053248182953023759758276622229803982719175600420051675160798994854625777495936506613719799143690096826366856660090962623496050289295358570682778747925172254927823045370915882085547615120787634516269289392e-40
1.89341582334031353012095835714682836577769899903332935850569013428426937535747074512330402889548529100226693621609780203416746949317410088921270693755042738488385980082682161506387577582958366521586122562992935680307666066501874310916508861185355211847182241419368143211674624597297769761853239013558445975105e-40
-1.61754274086416636830001067399791492135968276687539553743559112609130726558447242344873787459779319438864326038831724301059328193863438535350908271376729753514702755446871219723956033094078413899019766990613721086183270498204879694050488788370631585855418919670653389899587620458049980083547086571938457265644e-40
1.55259009107491831632541837605620200599634589911761331437299944459764224214587647137917729920303837665287943249679489835581237812869210979156352348355069686446749481240682922178682334252132443859221938165354491189230306892488469215272101617480781703198919519257501162957532676260773294087843546659577542860548e-40
-1.60222324172476412730034201515401892875818401622542190365945177626626132022210047088788970653053140252607780636928762214033048396473559486803977950074287678492431683248756660597159863578162342996446877436641492335504174883059897276302504958809528589590511916155732868392629616356732235405332962332719619164887e-40
1.74415467567275666206477378349575131067726565634857202483441418682601100424616099491773870222293732137284092676986876509334250847383515794639938820488302453449922654757733512603300608505762952953580221658346894360729216351629217676985042593721699470561451610058747061566102355344128000095453048927770155750639e-40
-1.97898444071352169456119760103685619054501391503044169257517112155897144998380750366284532470286229473635846126274500273680299411919873588925250626712147899727489355873307953541774090285204011958657893529886503455312379285612814806067760427335158998382087776588892597487072072768683968203110351843270992632027e-40
2.31765341059349208079059670447452392129035311243906540672364322908627492910170188721724766670773883264512325701545675363031587387458389219203965139139694580477332963283486302512493090184977497659930267232420559101216799118654032337957322965354043659630185504835980584992307582956192362741749107205634994563185e-40
-2.77492143268023035561591822858548890651119891947627341494694866089136349284056703617434985471897519655748753929971734755923511838624643947480354769878024864399099755087042381904059466365732446026048235936879277182552236354656984239633819150621520478762818714820914019050455813434942442300944640489759665453782e-40
3.36116342137610245071929148452979463490303088065102525583025787038396135640703002094826252973021776027837539256557909999357940111345392161575474338390431658450981186939658253877719742975528668991403170720112844897660063609783660923999947964038215659784767960158697931425061551840027774189058762121986575775203e-40
-4.06793327570925406447566982678154792035555076353114155515661234395968179403101679534189382464622451311642964580870325220198789967295230074715121549733377284927141574570440261923448953372228112550538862208135417733783914833622762274522100264906465864213585039605223723542423226153065551249276294262893286708482e-40
4.84375602493865068571070905088081135002989387869655248121536736549460964881053387388925686354477252842720791787441550182947735824243615334568206367419136990500225470613561477875727089551443960803788462317056182498164339634986865831616276505926235126831585568125228198461827595981024270118082065840584637532124e-40
-5.56091299848961774801605427899695469679277919574351000890184915694112750372539630269705220758638876367103466547562587578750883561460779242209192162947397426781710782681108559799664795987073961236289372661258864785378779271714918210448643191976883617767781445745808864582496723365374152829270390864619144106594e-40
5.98764892637713900386484636078055579129274058988884331332265990851988498521299928994047738011087803158866235154575206569651430082479239017786315943371938502289808288604164352312125898190806554795144537025881001173032058031302268204434622658196855071519699763171890944704014642692013925319516994678146588924936e-40
-5.80806864432010986715188341946021791878149700760471355009670412954700826643083798088157461943763143147968558012355374640805650124753110803310902413249504843891056357595942558725270796210210200371419801367627537034596003653239920879511839963054538215981209333513387268977982117210275474228527494656515261861214e-40
4.76104580123323229931457057188991036309201436666558272764713774930481736565964087235496701306768048007358471587547127891662547697114558383849080220718475287787743858823853424074325415661996108073620623513491810577677155918952586565775424181840120203522276382684378907822877107869341729143882431431677658662315e-40
-2.93344917145607638996217198193891545225946258198101168181961922482485036636755522872640347203601344237175618704222520073160431551432254356220570701045910377851612226180687896857148989067862926433793144475196121502199737755073253294894825100506464896380046839108103674988602172245390241471015709438782287317455e-40
1.01949274793980994920278087854174477540407747883315718713827480462259898892705509264003689363992059006511379673352411632453197587371014952146528709372478673822165797196040629280727048892674266000158615929797447731720051746935798866969440005277865998436060543430447780688825784267208718113329676363859223309085e-40
