19 1
2.19629629325304609382310360200066186632156770633671928712887239617457278621459740833204446931279243300900181624786380181739850811539173124773211876119698711573228917137023586749712623298848900860559893253757317804372944190160983576581029194916078460306360132046774192255791597568711508396206623069560756649949e-38
-3.32567959585662012503099443767996153458914311970014780905503213980333979404609923345527712807937202397883216329563108500825757326799655896780110452671819647776633925328040478395241221805224513742342914153068392191350940653111197282292206863152387000511354402079442920896052247538102327474262746134637050845156e-38
2.03328715746804255012372613350253279505786757316903215821343163170894287077262284762764897732550505789682588222472651496604789877818031307962405698290519275587370340281721151518802779926722815611596258419385341250356828217262947324153100892396797604356970930228712905508394552791318978165992955051729527952732e-38
-1.73702657390019720939352177879309851164036708320370056485618236269012748346211118612506372300684102084958072065052851462120810700325013051961454650650502400952163749439052849379137993428912490306004284073112946885877726690704583524152362296137528096108919905569206636955600665730497151195330852234257340416088e-38
1.66726484499345199269395013279049169940424081889356416404462638239747250459416208128368800890850027528555113878451045829054897956957354724903208841363864142370516429686034631520261011501243107094219721690568557944996845876148647034306551311414910205736255270312843789751170890084660378711955785160433315622762e-38
-1.72054881436754321240974298203896460536526142997042595170673566698625480595540640269447963405588048119939228641297914495972727345275883890706225664741434085827018845500484019681215928508646653980592931377204554027014023374205761886987184805734697738921019085945545020182657378164534869653805485449810622203966e-38
1.87294170199375920846576419743837325206743145009152930452573295192856880985584777946617543722606361250051534636124242979618786298361273703511498306438284958025454613340288558553195725317222233505393736185528563454611784925153052222407199276475756022715009806656431436827101156280522207944446744082679219975817e-38
-2.12508368657489817197860529138396641408011383021175825451748996825077397996191795154902930295884202176664616279079205670523551060725734233809519750608546929329138877298445245992446750691751930642713877194891769243464399811530474941250186733380208402933789238840235383171574778574965541656754750693298202391983e-38
2.4887177551111200530364243490384728952104370281963106887695590666693175714936639674645480312748061977301925817384429791680388764284987234330223107995507554695782977884915220990742031000520237068266008645432751656345790758953467181276261563836390721799565653682231177667496662217041352281562395443102931509122e-38
-2.97968563739889376894048944294688050405684128267109956517587598795027289682261764210518151123263930341320666176515040633649907375199551980514189488329391443503320617417534870322795992614714970254182482234565671026521518167079228355649174894999999156849530963429256161103481143161625177787260390812227832076142e-38
3.6091180590210864213540970398034797626918989404862845698479806632521171738714748870700141836976694296910254803938163416999399212573718303916363878170528752601068986324413390139220693309157499067933699351297028339916948859976979263061711790158918505169121916411066047485253418519567258539371451429042152142748e-38
-4.36793420137438306500583143807216269586284708541426657976742747936029736128661998968126997269801416399882494492756760130943800447074076043896769611900812140605392406753104457468633353826022309459757275999504704515371277671149942600772581559233196183576056383285088334213375583759692140713621038261631275285983e-38
5.20085129399746232008936631920693025054716909038501560311459979166079312703292037995511751911901039793376160116513964175533500954943962250765667005584708763183933701985757307384403840274795612747975261565606420772487841049505299506812128657229960044626796660008397486805988967543885697330157293079096525449899e-38
-5.97072802808070513804650658774211876557537151512973186333717864714033489870652826548096587003677954222396634447913365177263256083067644137073068005409030780696895531441358135753965500332055553069660406857021986034114343459791257251459342927671976884384565276806269617711879457750971572661783773728568696614407e-38
6.42873660066074268016549207740204705619887951359959384459833104558641084146598495629464196772801617764996831318305536265556220928468793446758640756291329836015251362489822103763902686872622901086377170803648241232125095190478573801387787190031723720200666191089384783726820600818370883699605844458671308140024e-38
-6.23574377677915170616812910333171905954356434370214000447121228223634971090586300161250569764267554569327899441232915314904823622250200453223903148172139701793207710867409417388948795396763370285866387850804009240780785270265711683921732588966100224633207137856106777841752368121189925005415032985694722311252e-38
5.11146276059012586321818038004254824186289384181603697528268129652769893999496683387867575394079529988243526926459243084896888120152457062056528524605412737110356627358740164821580437505703394173446724866702801410910965034694071405887133357635742864563156178227092158934691330940021683924591147240033319929507e-38
-3.14924778059014175374630311469096315868175700579640276313257007206412870362542493725280151918808707719575739530118865540590085838684298785349661357652955877798586087352413339167147297048903046618529886803657982211725950279632703492243759105744159318026510605531185405132895796692762944339908049044827539478148e-38
1.09445253227440839871108390467539326273535398110265692326854764608040791978736314998008597061084344178363504106215100469177979466498688126239890516118479304051103731830287193285873860168357638154260168625984858909378375550240498400423714442836272525966635219659204879863165204090001170814051354037207184573299e-38
