19 1
6.53139767617178908290977532063392849592899505466846438290162155518353916398019828448205273601141402701135681551487485949985168998713583100902611544348440124938907056565661218753237016944514095277672163543525558193158636862609484773577812575354375020205237695721753485909459590014013708870548638840724675153382e-38
-9.88998483525360244281948999454411120137007283909936969464571552544139063842693857369203762388904030568292765130003413604629159149546548914322084453963993219756980348001133364927078477672052135043661479235304623868418333681609901005338117715299207244471062078193998634225182877232247754181244110101129804049558e-38
6.04663902022785642511378151576121310346119080380593672884581850460067042260848283363731614985381905189020730293794588176776618841249142500538992621502876577106327200916949950787166988103207791682055202851179139886277927462227565703498091790091166193956347025011168698818713857402799207020501338434333143490243e-38
-5.16561430661562201642360917013534603198587207286592462569024396279025024620558251327124058847604381747414226958443439560698656709181824904060543242069059415226993866266671269757995701359053023177629217165280784241178367732323330083372780641679377161263651748789459283713107703069339305454892347342315489458322e-38
4.95815819829554269774430290422166902774276548667160944398536914031545743399048617599953927448209653371100915377113505038763525133684548521783609954326067714384341481054292263967872029163180706063445632524913890743908928355482150997862545975885357902079757706655311963183197055006951687620787314075493454596739e-38
-5.11661974102648812034293089073758098956560990343393372956526412572185746460682806707450387380760665045697865647477465423869724481180532873710223690510626930865437483238378685787709800902464252649525878566973139746339329279467871652268165521701419285877631541093915535125521882531926506186809864893063498691773e-38
5.56981594112486110349927373931452332460013624444260854359306821168547774284428471068479627676543531047688602050880969902166493659073678551667144339770869867122688669894996151541053859080744579915367305716070271755042961213235170521354305097687127475014067034676507016705560462793359615792546185171762588598231e-38
-6.31965174588836294557544912788989116474084123556254004996433370833428560611461365674027691933350787574293378827103964307144009644207452270976565241844448958753877572072453235170197065097435445414833717629246536603570911120408888848799015533541243372383681211273753941580793268689385977662099573829126149110069e-38
7.40105043970880021112801182261069019192484826442159589180420636328670183866032851724721860980240585665903716908536879537269739329806071512284467422742941484139561723436366228301446935528896517428050498693009050169861221044134621772571808017216460245823926936087210861094432226633307241180855864723912854620441e-38
-8.86112490201276837197658470655800723548175025587104450221879634965636899370431903709000046388466059845513807423421308698937640316208269058179813244485461012004243772603032529852658262836054022587339588820572518296241909547333560406306175629311126365701106178384698784151087287841306855931634168320515495871603e-38
1.07329789099149390982483372003627730110376090520818078602862314550783125235546951151680148955504799023932181524512375519191896743728783839671355993545333073204821157038355592013254118342097518812552638665316993156395250531895673674155943468534458138695986573316411304781878811290350400897564835498700349037414e-37
-1.29896107047347377297590262518414574170030805395232763529472705351647393702233432609510575317649442999477060148219722996962558233096602236509407251286998943761612085465619438258349392859722847258871864953729621530331570884130278420332034641909474700814094822745471715210082591893594286071999044817027423575643e-37
1.54666204843150567441393193636212552137217776938148696021068460663948250198888004390895627556068288398243649102242959355859128364333029129741064527235791923264974205260710459809507720927221308172999098881513147286876143177429229617987297062385984243014747074469896234043577519948926529290101135418277489252922e-37
-1.77561706606145137964991337484080245061141648625402412648122447750742498516460265790223803466446387903881480708196260056787544125428491118712271801631163207519708395697206282822255240199768154343506008251696122802007026727023276597631328703054944235945311395289439750060311146036239334764535987539680632522022e-37
1.91182777247638703743001836277996617820934064794397292864949177740239716848454386214111849881563261065259752045197401451119693077403472277157609169577452132612922119758640105783448537544501313607648439536360923387764069455255222440697257261064528673253761407284838008275845955540180481773809856581212045526156e-37
-1.85443917260819408493720022475312835049298843000341750854870496735290742882642310489298011828377028359679838152056204392759883746516356300859196446425542937772244609179064381816880814380891670305066323940877169140365524436068746425840181043382366826228767657290176286538467757522452817221498928507668792959162e-37
1.52009528653584352292666583259433617426451954284295231236131032599350556211387290065843148387611212835606221881641679223114006542844675075828451907804364311868739358278220398281810206396139453993136879752513584080809423761198818300223112308204715901309030546084832731853609708853115310677983448275654563056528e-37
-9.36556123631622841002648484284926001219595008304042536985713803053235138077285179890561434779577507640522643475446060961275356786094481377979899762026893270611113404741278921402549337133919942511167249557446121242218105378108905928497640186231127801081509699092748064049934368525883444711585010217219899608298e-38
3.25480785088072102039120611112828010658983507853908620469142760595948274500579149515468322456500343166041522723967050797813451126308245017035671271465610470634422655642411523410646866917807995891403086542392457144403332288531213438780895339925445092866210002385131690472479555322728315350158214465847798624076e-38
