19 1
1205290552115374851825.24508541924009882812537979266601902862367916001694032821984979269526190082983330917604597006402190395117258527187159721094526746354731010783104289315558326782285673826824871091161233019975801507768627104760466789681615886632018433239112023006788070337603517298196045804004743691332020939
-1815956373934059713118.2457448347173580246931618777395599632753533613415338793479794450659820165422330275669819143079820596728585684923666195568660651637780112649387534928399231002450472949785348955914710145055272957584866657277159453492876020829324618525802331419403893036655753296334775982453254174532304179
1101089004452939424026.93556047531680675611400760570770957080899973882772654682474570967489227899577272779864535905718991021427276040184468925101028937422464384155264560266333280300608065138121909649317856443384068069429377357150671984119354273007306652572128702780803343259407517648010981246896914270372709386
-943172390959391983681.598067441517142529414003560777172807810141434955884648461137454034883180849297327938328035282982910535809087384856895213100271088872740542570464796430243187005580127542906722498059377246737591257134534525955348349751726159758701354768335314935136634597209887913593792565022243623206528934
904576287804879949636.468239826005272085196592670039158261897205618231909533053218314510146805635281857666145011567355319545891491157532475602523064557576563784516782790698289214013045797170831017798829456012527216512121573389190092086441765332210109751476187249392876240282709932298607728754435851144811272855
-943491203725462282836.896861280828057572380994500360781280339675127703401273834116323768291432461210283087601937875359729181643336131954920885127347559923264818144932109503528757329988933003668001746629684666128923902912569445135323073815332435405926262124855955571927860340712324131624098551335198354261335308
1031105585865293490748.18717473521242262125805366132899145332566396133928414413131113373103997236671871813494871307432669322351506030970091358999244161962262693096622254610924394825415436936460204022555887208688545922748853998365891782842300757001435453864744306759518169364508534363140675193206029325452271525
-1182843901797033813861.14533757922541804313846084904654149095437625759828690908168502272212481272221482554722541352376019933801683457700568289424497276563047540106795051699508140759846389187082397131806918395157893966272881849620942151881504764827453435821331101825457239551104306504853756640095240493737283595
1394111521576247726353.63151437622497930324285439776443342173680843755674643393614093952026776029378000757208568240578787403823994408209258398977244793817780038665125866380457944683386138814676073591853876187622355481215693312939953313965862006039260047909305797689924754113268446002245575559572437335779346313
-1688382389804112653090.90713595825600981978532046188311745032652341227794507533718927741066083122144151655740480771929243299105472733159588267575868187951238600378663423729830277856525237772454781534896748600188687410205576229599146511547552814500761677876710041806387402524557777336237513612906185543676693247
2065299764432528238704.72976761145808584465838023668210094723983599772612791649049396341630312388903342483952461400801769961204014289149081743917784917631214585049675729772678008808214153068160786036383194674404518828130697332579157766034639712899261167889327489616009924101688367572816285689405276795849160232
-2527523800181498812871.2871183373908843046069531580919725557121396645326801480548395464497611898126981238780742333349137727394504659928519251178317733162247166209469653658556180735890881971848677078858998164909845208797006789728165131623225768805669206118394944636851966705699377543994421855809082788106021272
3055253903430717675061.91894894026440410490249334008782796101942712177588365252652249032445001513525461521397515498123994679416667090073303676311850346018905373299869891306819681174577207597624775445887025178588590115487916443474551951329685036321761514395850645423342348913765188687521263822100525843350611643
-3541286016495399004343.44128051624550225094389759265746773681071712883254863259138723929471387891386509710666594256304207813964769854755681812603736770519913342662623702955490722120851655969827839763285570485263765690136539444322853380893960615890977611262553747669013659577840805280607513960996362476703395674
3912156320851328939641.20687427819056747709536252989514986116714190032404415659909088985148365529372355596639429292200468048051589521120392832538639129610262226984326006034631536938694540712249079410183107788781183041060577279124393480595425161925236423559562322704596384301635159228688036013040424665218952524
-3823241469750305906583.78530065545251237684039180545249793036408659527866045388594231554488588333425591845770563689210712738546820433756660683118146610698240482839687719970777386483362003452369536372095926123975982433365345386110008694286141496356049567822093558226197245835748526090443338451694826683776242206
3276785215338517187110.48089834999255135230364808163558977134864764554012629348018355626790765504545010241770219690689265731344274749472919860369801579416487661988140873310474156701150583590109881190953716537497416808626134935627072703009019867094969330436877619500894534364681973044011684103060295957519397142
-2060635252438569585704.37528141482716154380171266440601226967685215959983059282523673848164172724011677174130024002713187734738652487777418585313623195264905690022586404732360908901296819241510044046543315521734524620069773985328476811535117908537369041939681987479640578114559185519135928585825343351107015164
820985372074826509010.007841272930978189522763917660583562627106868280194967445125111063707202281444463293830297597869762442042971617791704334522064722602009207441741141338246210714508839245625553495761810143483599914865185813815673023002534515180605102700487525250826461609999483729506455977094559419506898197
