19 1
1.96962280980665262947047073417948979287604750470134845608732081165971120407465544666047967806531626992017747169753680114390643786847482461973249727635526019091770340417121364044465442746159305933443541953800325285131298835706538558918635200144000073820652233721092120148799666925488776512485690135995990370122e-43
-2.98253616539560379566575628018039217347383265384558140775121611576538197932971563744605734503386473929890154917886753367491612701502660514327210817398585620346551097799849959789987412423602010446794151957527949679785866820309580241226197955284002602856612134960471830888119948425241992625325978771720954416788e-43
1.82376937544986225724623830006895159238898905729792563171003144104607280748760672280189104376931477432623001440964138557606927629265835248504687254732074070565475849263932266459047822663815884095420810729604726974333608108785170945436720499867854943040330156816732031424946978197643786055610526737138491595409e-43
-1.5584622858153587230356980392213629898796381487851352460172859930339631264496403564058647260351511304773687987100552155372596754929455475179741343003237755147629654629399030837691653678296069122127899596119493225777538340558284683475988671696876427182204650113209354429468103794331003032561795200869144204765e-43
1.49646258556662242102231029139863780039008842867911911197707274294943221164153423447572497235626694779104741046376422080530198264722408289044549415802176034245994471528454855638723929858475487432316464436168106487802647554390732433639811723666309219500487291716470720845177643176296262142665774597150748074243e-43
-1.54508576278044590940968381794158535773484432748018047327835073549874416630984350568015316400127109461808447602857043306348038333838112085150164342894789375504281045747452506702832325458138015666318556304033537136537924361881099743914732805035188909792234872572265030961649341602151265233537334196968494754229e-43
1.68301183299495085835732449375147058417066366088881241114682531451081386750741870918680021259249783496272415962347346979887850795748946305400868380853075951531609709139590434638819941983868001480514529021474385574788425272652190273939480160414115705506543003160612460462646190304917024094312438523849585367744e-43
-1.911038325883858378019665349080989343060509642703829525392147975959170890392380727256764021845842609663665083736512899926035064550424848857164330628192566012542664991713611360807379533438147726462990504008305907514926925068354606361700087956579236482024900473143619909288791449501925598476100439634856702893e-43
2.2400244016713380245089099901699271142975048403629867748744561622313487801195285260380075967448411567358421169121677940771242166172263758274543988063843644242031755673788947613576576789719428287575370374025926965543671925019479126764610692490033924060682918067554462570325966955550404073052874471172878572416e-43
-2.68463209141201905451441316579203378397619476617223511479556314479022201549443892586127329978946470581322904129512556591190653536133982318336106866750709520494186746672875182650377474863638236390397902045459590410123123022510091781842236347274650931447791185578200049055769780201305853545163368941446871913679e-43
3.25541487606388418594892691635137571317398823227101284443798066950870122916582669778356953621223363650312252566219836211242873603971394196457035872368163197972573925013674735337708301881007290032030852048159325619924255383269635947836799715885548929420377830191057033322681001715533895170813836882295871088009e-43
-3.94481108469405184181801130202947442255622772935017155800820598911239168682590787358829238211277875179133067359576803876135356509251941728517777896229267647218059373920253728766602490419933665730599436885903630987752743762423521695533268717767388440605656952662581289645652642806675957030048726607136231026156e-43
4.7035269712020096249289211720718872182988686106771601007347020818169528962511595856718173626286620001682317434632983364830105094511438861661309259221041155399838554149108566238083337273657995755586926843522711064601425656286463795158333965202843836693152132196101542095001612615735187744034500739701754075959e-43
-5.40791782068828326998090230347478982554710587834775205334800987417529642039633247012952753854278774734034389178082955816367013722313461316594369963429391142122269199185568963969862224366767406550552927053226128558132273082958528386445196557778496915438019025349827513398871646912367183666606453258116820449465e-43
5.83225974964177661336397926570434843132745892349384833047115016953735630307081520041223556755047549343975684720689149991145457034461516128210424572340556416159857527261424204658128359816070876043307667591777712411883675884264728393749875171335572385797377780686733533293052966098482851731698434261672975555945e-43
-5.66712922062368772080391947454468067160033756520950797676149579876075910717513627066126025782266867026374592128508173117875903681823694869907241553246754903909885275294745954196030787140100591307317866184039841246296998228858555235392689622767056681611449976100318593609615243116434227753019466209214161985751e-43
4.65413809805982871949851049065258032107247435904749546190338653305311269382979194006300296923174824258622890871578268474308765630133475478036240882927160102940904573823069946167733293614654305448890516501814716377913948034423360237458040693759196969107933859994835356888324805962117429190482248690026895072182e-43
-2.87326781305486718279295319544714056528239523008968112753576477349734271911434995129063238333922866668038624584566000721561089501456080371991610508395339126046025614626116390829022748404745226735771803861183599053742103405807532256539824793301147866825339795735922689692960973304330863915895745487240707430698e-43
1.0006860982878765350636193910070737261004531220164002948746830646215503140146332073714335193998824855184779531580028180966376481125023340848149137218627847061411234814898612401649905831547026498930373712791672029779660839071741562227904492882063303662820905775983477776964503613005727748428845853825436037157e-43
