19 1
5.10325308701174657248339156312892836607729964797702396062469413342623754196844750448517780035699358688590474960205904832761880493048864032312418731765394276692793461705545019405414671007321823469088544363416150468294207204721657061917359169406931448084413616145803153776572617684133080544203600323485659417536e-32
-7.72745730077605022962677585305212461151673565234080359059837261317789616099944685991821475938606149975247991004866671085996635948074391576758765312947801670952125442902686642101121663604827386701268526927876444186012446326024719672925492779291695567834812652823254868618851118353552516417852257645017111882443e-32
4.72449152585441388387482459196101183984289505481311565582421568851861337743450316059973186155419799677443345914610134869780818561732952819244394885301682838437625818248722128503227665132732624704106683260854704871725516307683169640769580509307038768297268447068117415707130225164846642398632231073713659054022e-32
-4.03611086379305839162974875437583920453423095674732766838558816683623732367973007830016833943681611664949412297111661978143015408983297709987494761063477127286316044560705981065615210638210891437465509905036026030850905709577702266314396029263704946996288362901336058150572383117874395869768214211204285303612e-32
3.87401772910971659775211710841180797062484551475813083569329805211264271207454975243156007541085577588836241988011045646818496572686402636440324215439053748824963530282250691196133561941524419884691469437910025902929705441995180944816616340179102260393367857950846851590452004983841559347379305290057061767258e-32
-3.99783177152666192605412384363848816079975419827615775010880415318837085268006644352408001811971213800363347690065134763137045689818127075676529756320498563506792981457948715852931096595039612803618436850148763283317117592821988096060561109727570016370558088669886599060244600565376956270856779845139270252763e-32
4.35193500232726467829119966125992210389243016891367206986270713254894785393316192767444809447472476900926346854935403012849943959773576082619312085043328931721492976725966189932134918899546682152309471546119937254821739646172480539631578582518286101039094337257145717832828818238029166988137189400208387606986e-32
-4.93781621655497335829987444826710080918045578707134187148185452012996049172464347552141310807202922918547103385327738604671338504993811681805033418188512386355805853838522250204407005053886710347087048250794457369177938486163148838223912195893573153957572855883100145598122917130100738389491488757091358943029e-32
5.78276298858092941099567841691152007795688284978141130227062303437112350644147543304277489488086988720655794668799250667566122517684403633524062185509073237805571704527712075417765675459927914989962806333332039218261446309073440990331040482999099316943234463385404040148623355276527435630584848395593586014112e-32
-6.92358734504299351668349230733213827862786327440049471670791745694912309136174643292693608391498393122112264477969905849897156307263303557206705769899203209576121646752856295425438969303688786151530170871110017687539649448104210512303561697334214053017629129251496048889599844113359817753736710781448380116988e-32
8.38615561040577673111430349915913989766639835035758060051791842219785136223099371223398432658732705459348761779857233998526478281797243818429971513090444319340002843060138265888996289694405742342364550154135650998867835426576732413340964855718852456482426991989972451318981677127336336534160601631939571162439e-32
-1.01493711602111614266903767897547001755903078480634245173253458399865565280595563158299169912393153342195239519587259903715209723434792487776464062860820471151783168965993103984706836117839097454879814838045649727071587772998305563624101914721598716708359055378837560782069518152531806837353614570464365304103e-31
1.20847820375403184474241871309764543550244083485030902373225887136271247868780506746602635472987901661680086210103639598629736754612671079564276814351236741630379004225364095664088258260359829837734254597125232543893660929351665495677548578156073798230044271746657840300635057962804029189020265938902295588876e-31
-1.3873726596205514932284777055506928816568305390172127985678193218594460259936888037020649595604568597622608590510949526325397026466770236940134174113636807301884137285284500528931897422675417248231187349207090032389936605462772041333700912221461385423474405046990075718042955338582929222146365882406539901489e-31
1.49380204935917976545270185651052171997260246638912595288361181388725964319472887849987087705393060680644979448070358000418140022690809649009895456832820729415889434772019005314839163382961310505153049695365835474781589628508070336846661695946998130021333367800005642326685924495488481904050955836165085049892e-31
-1.44896326750354883033789273824551752497886598829108848594740238683709222342444659202301634564781694644706434146163764999021514073075885208191355287684629403879593077590208600585682167950338444646359104712882163075332818293363666363715280832404393145152975518535925100512254358161048485736220133157526872040266e-31
1.18772563237946310474862961130703441328532361015500847445432168853647942385599074754445741186894172021785850624113834771784273667763590499806811406187815260716225809999288662560031582972293431347763791629895685658280272775979414174417230807045166815601281985898957039139625000761009548049692440066341055024295e-31
-7.31778580072248852895704934276291575815348683433733688874055950104238057438455786783415608356503405412172397876135611267400949367274185191803635009644963081277191862553632744488748570316879650489104740284807812164920370114659462461523236182338348103758397570078492083484640754792030398946497406232481806888572e-32
2.54314922234028226127741977250117175753001753443423447262270107617173871026503457132764848790152094436843504115307873836256590344737625371705571850746855542352946314862641527412136708214262616385894797910843216623079511147087221879836677134422933555940329892184437400579518004442646958035242932156859042155791e-32
