19 1
6.53138085947379945665849379210315631150474632631712429072749769044152507465420475204366340569114221501954653901698324265111967160510294787863927766668527137931176185928807817784355873311157771179896164473828342297728219496065208695034482126500784619219140343020760813500756265400369425346388484707304102743216e-38
-9.88995936578123614615082553456315095476233056019060453158030522147924029447099520128261829218440141722578504949834897246390165381461151362463193453213801867539493542353393640656233579513853828517070667479722126045252595542361037314326237016700377805248996985472802921393174960251465081982119315803906870624166e-38
6.04662343236011507017945748893280938856076240053307692497008099797876276784084421104242061430799455518948146939857422630032275344209223514972777180364437821115187196379277831458227558614344367951374594779584435873107064949447585466384793030906836124109419564085413140294221148890328798434101834833489211847837e-38
-5.16560096524316761086458364452860375915539131609842895013731863315778907567444196364818129746340371009464789640335221878063050182972603244471681735384865953739693663286834260624370239928800509654616402925487934887129693059849003334051934506247910048850592792316188691000354467982034628886797856510455125046353e-38
4.95814535843504345630468168915365896029739618445176034716066993018234924824210902664379848131853449820005797160915715242795925187231978011918273299742226234457233360848475590328801870847304605083767270620877544869022210860739309479395801063734200901230041094642619051939248097283352708386751783848354528660623e-38
-5.11660644453231389136469328367615834118144189724985695803827014539215936535105184772166825524755861614382641221850743649408127480402974575560199196512760741303305246107670254765431276256888222213841216736305342693143324675704488216039820767358897250506370152134053408665612356296088505071067504635625331442161e-38
5.5698014046890830707662636650823642880627943426797195402541269105277499588044584213275719990101512373180630549353696654339145281364983017157532271705952868311584863703904805589592135197452899208278033637801297980905214726461366694501677345881146688129345296723302205607722663973016717933603286106308817433482e-38
-6.31963516843416587936600257078454421421750746695472396268147502068533836780511629417563910404674288990985832991845021977202041884471230165182844792346692929111430882609248687345988835584070451969085799976269531262888524258058227112365645607592223819278066700522759818382692337169777221644993686379410233131849e-38
7.40103091138766938761325412239157626725010544323873289968541391325408508199970929863345572864155548351926481374407049322220835937851459726847741749991134393616803959562110899710515022740887404664113076173171720957841030931163895605664645537833090409435439442404868686430954157893606150633325321836383976957466e-38
-8.86110136558670082470830740888491412218276501737359443048873641621769415860868441462687752774081700078853638446171221146177803754104963031492867031165825380067201478648259218271598174285228830123353396532466976491985701856154145816980316189544505503751012192877836936831778507202185623272175592941307510688418e-38
1.07329501902987161797701799667106203504347877429163330773778525396259429697623520621664207435895019307129587215986732515167421193183989029717616444142030412742728444215557658201137724870098174794019105590599870018816930865097099550352616173465243372718047210060254339400309604482088484376141035044612284986684e-37
-1.298957566341484849019651458860980085476633453526663399478049029982598334334825905973577842256193895492267357012650840369542169845501529043756077141512185780685123702602172520079946207487826787210532046712151214551122997557618481724829011294239370453711593274798701600466105463830763851660892632707197723269e-37
1.54665783906168226845988932482955087956706186323869746485373453763452415151628072386737334548448062528992495570437369172872453626344894952793917008270268389538679002838653610977916659057941260664406280389210290766718333659205199798747169708396759824890041951098692020849700101032468961844163750342773825661561e-37
-1.77561218728137535122620965135127185108881436406617370709080237644902826915998269244430171671734136381715394189464537183061089455163460293274836715907203137200510279977334539267905091381501183016086278226910674549771926757041853101747142215110344842447132677561293362647164446052718494138170980098347669301431e-37
1.91182246552608486866700463136826317035153780309418594107128508228339207928073516211571484128732907402419705168566679990235190047339002161560405495237666171976442933517053823420975667264609331194149568845989576155074143660816317912033052858098611021211377973714680206404019814500630438708214766094847367587853e-37
-1.85443396872058691077358924629036164033827500755373200845018296367694117421576602452710580740378669161557756639580599212234431826633531242856476218695009751388663867325097305287689429061462564797135169081139736131820007211368566430653732770519451935428402904835981655715146627960708258882903849489791888021759e-37
1.52009097154117058450837153217261762793380041918310526524462343918840766404853943526295924323387324065793544638758388236210125665830444737655628882879510670558570777936148647930718322478354496507037908034761313831077804239053128966966754437700596320318444497599375083987713384109585056340158491944427287483883e-37
-9.36553432700932756450534569783058182902562077122841503530338199027900933213589176630551044012969953550374955253634778822092135896862115620298031242639774607278645668409477378539450800882134356217656743483143895415842556837839540242936538357406895508416374610013626436480146835325215110265656252408263307780608e-38
3.25479837961042155374304597851661470769396437778261306849161832130311808464736002114493643702253875357050391382613738325716623238080788817050232218939900102776960232040813743236310879836412866309886849265566105741564496375229867456499447518650877345476797057231153655205708116238557497243840224998163405695731e-38
