19 1
1.04839351831081819009382315627671052439287008588646129179571722392716830025111075334689635470875004706081003525846761244052264558295161302014347727525977991118710052243409183183281859731334834767605046438498216226575705175625504315848470609762651326441462488601338830286995513854093649157917105364566666646314e-41
-1.58750029500358870315266396798261487760264509802537421898478579449941251586533335980946290518301383715996063484973482280062840859509686844966213193260288942903030316031755239341718384964710825256393873140148557135283759641302792256645112101467478321758643986226664455970951814305768380589952105026234749637321e-41
9.70581875085858678681173384789062191770950961505650510432144983563763354798126729855534191089905082616890066923901164668168793494814739604818077401927805446409064364301247796536732443608877925528061559241931798084037547276879438813334937493213788015929225784628433818538598528594018458558102765969939945456165e-42
-8.29163188417922048196000108105948175542945966877558827904593959894369690640962021763464832357823251313479979824283455788277576421872514676082938168041173037280762564378343797363115983333065462845413979136182702589027646321953372920641826888618708585933526925604871891171819652541552638506683909457936158549984e-42
7.9586292692580969752230180480269818274620200740161345790036212709039302666250085562796463119072989855237040066689803842084869844227365504306075023853242860734589718589392147722407260543019107645405111739678073840877986564729473657736712701027487560312192131928352572169119887973508517356665972435012807387553e-42
-8.21298164736839398897506499888991907592919795826764110470177992318475637507387147242892279242395193541476596168889123726896458033269418210029441380101168291886915658194572309172055115895473696856590047041781323673878977652642200575059548228381935423875970857814539696118177368242392808435925323430421327402632e-42
8.94042832026129194379616479424196623094927763646492454928139702917179156320595724654912190861042880956746930643698328999978243185097551193162267105626214284591805856387448869275913914518696146390114234647849024948088368034558790856570942448375107506985864844077174660546568568588063199926023661186512589239415e-42
-1.01440260598502259819966489024635344361037949858023695023600103694633652712420732172356714502712059940607946511167788021722925072809436919234327714425230201704986591171948469323963222474633689301214627841651443771569523278968391939588557748865772357682689970855178814222188779700605336985949845971505354334507e-41
1.18798308836035117552335670173610139192146557764609217338016965447567304754142782889512873365307470400507275898739919633488569936687002525264012131375732943087966482919714453670492235910286067045060685540936333465478753995713736841411840329401723699741882464030542379422585569175331539264250479825377212150666e-41
-1.42234645068584567947486509204534796473639116655149552757443858108555182109342267381527706774251959189972583256530482158226457025339882104297809344955019195791277324276393770925088600449138671670284112190471725681181031302499592529341239911809897247648221642018742583741537026974740866253909742955737592993431e-41
1.72280613075737580177015001838193732387745911036392761091773498783073681212701325634467581227178123243933110119011473842180369067050838772616371629040816682137131812270901404266666860998027083455899187027468726279794769283598094109927106718179988465882175447303592102720152783694668508279748120993061447112937e-41
-2.08502766650258257586239374320711502663114671149671966726493227783770451017891756563077342674895084983151503033251337201318070690419806213081569522570736676241983561768978253953724386264544210019528685267951899941560489043951935739194138943069198168242961594062989172184713229754810214199832863033271367328545e-41
2.48262215034699740718090029078952537988165678989268861201876946077149371098451556521527138147266592397778968485771431559762538273373847703075033995155991036932519579768636007239820280980223468739830035071951355180725438817922024251443296599667424712778793576192934644368791497447509297174073061300612882166449e-41
-2.85012543727938809579811750648669378971782101958097116074367255169217888941838883001774559027817308942761879163173319287625663223787276328391145722388872241238630682104849584339491528281273390654367747375523215925760001423810174092077736948088812609339302802118908937373131658070773220012497754292973418532044e-41
3.06875949481174108564937742061094896409395848829023690052188945421602482893769793470964739073665303941921217394406324233234618574338820894071403568891887394053682640658623106080923728304873224826321536339864987619059156995126090343363598968373177793890401564701671571250529692258404297351091455905744884445717e-41
-2.97663825867530454922672782431681469210722791656327721807309026029271399293439451591423311962965234054253878050691021715385002245472938325288173675043821459149223816584941890300579644215774885126966273077576467624984275692019403454967286008184084993946253676495165348057634894343023647535846992638854710862864e-41
2.4399651055406270929551706671370760933446429800401497521069681509141895411634784216226962819810909102700300349492924435470114311496810276127458523045870550559953448832084619883309942082806084324563658883539352700768546311706503690745005417748079181863067903333846988598787992855330405860740361905279340435798e-41
-1.50330085214018702105410026401750946540853051062540310118774959116171087159925350215164782338164631139898016241833905071185660051766537188552634644159790918443524569006251667857762249327342039793217432817312791230326704724511279474962625470253678688904865542962441427880141889233060077452293531805134853519347e-41
5.22440335776961710063924830294220132362347077664175863968530325969482579041381946490993058719134082115749541219629810381302827675655753594134946905467600422463933545948742568959678929998588699799816510648197320537339924005714396172693236196774396461614532664508680656934618394150584073068373458337210933891581e-42
