19 1
5.10311413301404006748993297734560531413881047983208005395471892212744075559476617205650388502987200572355640520864845511808147638252910021022095485177377402597854126372584475271794468350953980625130828473118969945608258169675370356160165004349417451379871449081736532355175549913837929685853935325902756827453e-32
-7.72724680542256934359521303670800091485702273334845270280157781863679713673090736302831965630722984001258593844057002418828576671678712374677751466740910752198240705269774075398227561157877818586758425072815636407307943287956975333023935586743533781226292392408993457412800588385464609310227738870376677413099e-32
4.72436256151537514276295807795596686844062912177926279497704449786354355632340310811524671073494703346340145506224326951814943640215095475533808767762593762280041436329559513960224506725005307957916684110821825655976765137774598782944346296238130176882072023638313260376665743688217382275689572969195643996125e-32
-4.03600027567356697453064741149874269220023612927587994047995431816060912906176454462029113384998574885374436003723107726850306086280887532682985485300311862626713111901801375032876713006589044413800249278502906593357408135314209884199729029524041864242243338316247600821894189667486169024741896826541250703403e-32
3.87391100761960423598396485148512732966398272089563809501810434713332385943590537976218922320537053326176508944689606432825822079976479288711283149668547153672276913438998789260658008213258093593219989036043840527727803009882046390528996269753321857138217380421092149563466450713474226806070203602974442049036e-32
-3.99772086369024904636489511314983286879389991249916891173232865586361304434448180479731428716546611135249137511800589067342252062462930489268253244426999878462195921382548857710435301387907847889588105337049998249454733447505014256828503789045857133071098458961697921089061898015950889062890735660556870013826e-32
4.3518132281061241761962602462249350475594769837324983379401976830590730373373282480212200863901179817422357811908605902231678823049554021469078814604187301281975951811257830399025257626076483143416077853684509653173771254789362532722752921686018326208134173236355646126104366687362438927232964500611400220277e-32
-4.93767663977611198339116567873364042502852449581092948417544089567551125228674715159184762370548342989455593303324190636003980647500384548214007022511460823431341232559961481537146217514336349453752792675423775131461257903388967999373668351931750192485655272158067949150672448363769265320705148120345826252047e-32
5.78259761409903634563936658894632746627837185972078832530192059898744325520677568938197552768638802971701853242140976085065843764825101255328134403976764223451123721323929312935985514838155520307185165224677027178595372292725944042546376047123028348162653098865433482104046671808638963832704336237509101952739e-32
-6.92338673818014867866125900787774691709869850718262272522121666006232175474406524857110527858102741747164201267911833910489977770003223371434076915750204511019167219214078104989790395990555061222266517291941028206583307097210466631081399850199024514081069484007774665479209747899618719545546978992605791280424e-32
8.38590908557262542815187772085105528876902832318493260331931863895610324199900728315060187560127280817214502889544962762358267003147350528833872093051126953542580496787160303088327027324259468007305233210066636981107013233619157440826939957393396780172612592402275277378881571106570247633788118130721317719303e-32
-1.01490680539574104975091050133850352104729741131226215672591316551444945242210879433474990822949142952420190766747772906399095001664084279245775624623012721707161540376955700416452612072528488019717347379368654751842144063534609973706426885988690525138053778866081380931258532760252162094932363189318803759483e-31
1.20844149249781149006466269198820951995602403502475541980470697238680115955836353934849388130318208723009753471581459414265919477207777168660826133106472610665450960807626124577396724653249903552440792427564689018899226328298455156200424069825890035413131202828985067171594329747735327424115742278326587363365e-31
-1.38732973805176616125226516316875309619910470899251858263543486556482169249385032722039787557752236430138622377096312440476670827440564330754940672042417892607217970042609293357630601248290605097719912294262479203525342539550413188994826745035506066037065445130582065145700939553286966238301498105188468583409e-31
1.49375493157458463155203989167577130803582337346693916927660893785258370393614943550246739767529123077780335853074682015771312668355629560109420389174964947595701254735867015229210925045722884181833867432834182989242864513529639318591097467816306808453215207402888310219230453605494363937633844953477381380924e-31
-1.44891662139932837423382040632233630765683317329502393872794207780802619879978590063161728491435535786096407278089223671398598107903237316145233441823810129036662450504453070532118211390326355718639309927492101552472848094434004568289046378198293566250908314468447657157871330547367619467875552668567117086884e-31
1.18768656929698985019759841153332592006017563291195807927550485253051236479762319471692560244103726380996124596406493449233357448777332292755695685843203112916422992464986262786820956116983734635825574330511181444576899445015238806970428443869514122867229655799175117606028052913881941620123242538239440205517e-31
-7.31753969704520223910415181540041484672182695636278069288602009287246454975152469652211606099316962982787360912239302343842602637775323264199573975733223829958220242618916420468140918266173575952642321880062357734798399318305129834524706924012653086703518079178954674471146808594982811372048303402829090077112e-32
2.54306169096790474570181225645009430893801321484032754333665627986753900922961568731471151200468420807017313193148195548329227990579881658564303975545411296849990100553945672264819170243475410757946241979300585859759026637219869054936451260567118068095269112351871507394970736561924347501262886442989166905218e-32
