19 1
5.10307674410840438935759174245074239043127334125627201984004492218665543587674941536637700988115715231155577965395901019207331368705174629991600492396881071422489200175078212508047833942575538306107426373137560636390125702004234288029401989916989340228192739866615682120713435226557367247978701815799553435904e-32
-7.72719016668488353046949637567230489763559631410984110457439228636544438008207213105732174385940314316962605653539511614980751877922761722144217492766165553058617219401701876762520477612384230068049098329687064303401738909392616503944175552814710393115080106146278443803480048259995752095607229063199263077573e-32
4.72432786088067333436707543857365871910973516944629054057359761582098937615120242001982936197551274619046139040541506405951428301956191364264668350974940950300200663084509375579971579423867070522488554970035646310769720667521406391736921647019192682973228971912322460855557734113173735804989771912198784467294e-32
-4.03597051995778344706994340336706494232563533112505567783939538551693312989969581533438862228577110128715686353227372114554495494503680730572745869618549180144781788434150383740348948638286497502642830076538361426183164046931494377194608339405007905898333667496722678555523564130156128290006667521717757295135e-32
3.87388229284380748117435539180363818514280660676255652540046923492077500661381052954815408539263395867554470481115080883346981276632219214365397585277515311972835635052984232015450020919371552674118994638954241943340662181304157699555948156029780249005079073910006373628992338821268348082537636213955325217747e-32
-3.99769102326856709450770018473809657208620375906204153864151349653593217659644987417928798861663886023273832097165486613402310735561720468745417760590626781425998579836365795641393352393893156942442298800381757076094783810459640923052351106020631812600255204444178729009876668532645597536282776437751046750333e-32
4.35178046501188811987449299152397296959315377906899410656772816156252341215783352538527721481341962987659738604994436224751831244923190794770011899723942878409125804573712467538947338153884200842111296554970263844830379832599779303228829267534077997732154878991310632634971289023268143486092428931957759900976e-32
-4.93763908827318412950236972043585780717968052980356500054055728760673421845486833675206386212864179698718381207877263955762123065139097614048597166113720734859034946686374691304631053292304876721904843670424851469392137352645014291834280992855034794115719039528845199892498691062416433627329395860252529645187e-32
5.78255312381686972302102367708064614082904781868605984749642395284530355017695715726207395810839834410941093020917057923659136770451387657185283936342565014348454099759594589098863333288645783713874270865993185416115686575763996714853922903442356443222288417841345409335951597707180283902308571436329683938638e-32
-6.92333277183322860410990295110174655490917973975683978964614106036446324436211268960832619723954295142588362578777628102841573937448821266491872224875985565570660550953854823441575593708640256022795716197317906403730266226151053934841028554514368191647077734310624821648800035162009572912258092199117253294537e-32
8.38584276982071480965477180200014610711246749737313354028446660414470759920065087613905948180997660851771459300290988175565259645427180233236352665375570346722802786708448141250045251863458486359159197781637181979284730693083362879725107227772877570069103230602860558105096790678193512575498326474715278138475e-32
-1.01489865219570796711467559078505517070084498689217206251676221848598912071525135173445922410672217140543453299030200098244653464206579308685367240431967624597764818956705145238502238781076898167667860774129024404115067156649399326811502543954374173381329693444750425540296809659278715144400234879716520667336e-31
1.20843161815548245978397195384399011925157393887960999444867933067282596738247663083354487566776062128982273991475693107980741498784694453736344010167414095833640627661871673629101214927110373454591238243805824658060977921909281254046040116594807205286143239048854509952718903598569759452760089515394389709543e-31
-1.38731819398092905531171951674682803368243101033291791217692870826428163543539958428606786619077387989061970248689993629796835248233621804696708511831641865105366952637362261541484656684519671056464957891204396248574502403998596183003557990859262825491316788862419560972297127442979029348303608814099280566522e-31
1.49374225967796713918667995242449292374905023880783275864397105281071497658947327612843839275942261861632955722830997698936460326606488610522161336968956794033860213128824713417219359208386725781332908623678695181238868622970863940519640755624784454790616614724453569360207241362427925978611176941441287150789e-31
-1.44890407715316977689936368949488663450474489735079609528943913957494721336535522598685469678357695308053495040828009655848533535351913892571130822161228634830407556509552281991631413873515326195160015438215643185908327951841035534052287361071077592922589204006249636345523703861592570380351105945351284689687e-31
1.18767606499108853852080850506618191086569891950676863999180908857699069442109181860207845858152232882039824520436147045136908586176864217953374152867705857848485042578200948753210078510161637978284293417452418991351754605400585968153666145035904281808011368316766360481489230758181163690669303712846541789542e-31
-7.31747352264732284274167965262612437037378665607512025111304693056806421425720840822632864917911899667727534954829320427590456733590594880334590479429119948782152224232259173093863370638482668396389657245876851947291490583299709959041282496827301971023679976161440276193143843830720898342300310602027022605091e-32
2.54303815640107231307253454742844380738566404385283417894611554583777709049642131874996691894788057850320485936142880471582476716440085781334061549611650063579984997336796217249450821767411351399846474184225182777632351083881975105180198664755316412617853339419139777956776689906666169690096368061501430589453e-32
