19 1
5.10303581298381104619803314787310524135789074681251765267558303358777463622162558702617451759855406729741161393614809262150975323882650722325941938391105742331982852374534450003653040869377192989956978705495187527952493702967175358344539567029300651721147366356642806983248310971000663768340830955020815582995e-32
-7.7271281620438445603691401586950162394910078449827477780984522626011121454821520484254641505695872161049380829996291342451259854468729610988633771805968087886409594248082307122392322987486787670598385966827170804626830561826573321576714248101884123559721127405423482605275580646213944095822271992994146608041e-32
4.72428987286606979844780033040168779437561866543199959429320185763487283219147169008447891436781175250344566027893207026761616390750134008998502546927132279972696839311552636904439358312842910800576210288923474255304011046920396232227273266683791842329707530119416957919355957752973995809198127431308559883505e-32
-4.03593794551638216035726549578033149253100885251590149278067060366269630433022404222415407091022130619184360148709600276514268548081116037660915812682398235021984040237689851338793195319260771303904089309881987643505855408149259276854686826127237852391547705466191173878690407035305979669528859830184009569477e-32
3.87385085821917522679414324875342152725534543263800109483474573717572116213615874189990043312845838281110755983170363131471471712010456634449365637680477866053958406975864082724289606142685052604015088970096556146192959847503508823962783536490437876451975301005760729907125803573180828328373165873911800115246e-32
-3.99765835673957358271202916027758902799518720687748977264197463289747274685354454392406862487869986045997431482676990357482323286162326435102927693138568422413290420460953638532987520730205754574653196011911497382914679188898535317613144710175612064996961537757727702800991536911552182843409595773834199426354e-32
4.35174459949552075071604386739223640019522677734101543045616895260830402357413130187934325473865049754376593942773971198960404023403272360944167514377693303148830030191550375285416195053419471358819501534644108915953430914975309435867007932913524535712068166204821875163534652754797089801088722665664622006186e-32
-4.93759798156950229365509325316171530410645210418000607871347891224817395277080803088749602008587612339757132295160285434229381576254970999189973912594465886188116082469986542564439491403753260365280896655852468226357857249196343212536261864168304465671196111819555585180352260072803158854050222559544913401684e-32
5.7825044222749801565960543836925299012929616915663377459861792097210927361117896074884511076629447087069223451357196393104231648230458042436483332145364896477560366542358503554619007958711852990790571783485087485092581733491259109424116122249086040314689824008708525049183840867779122596289556662359828717976e-32
-6.92327369843827297642739334402173477665044893610557437538231007720970622410927856537710902681074564439169293843328756125867015802083330715060042903571378805242027804989162050878994902283871749558214008841300413247435584843231495268020079969950549216894209998214148627835837191023290587531189488221865940673699e-32
8.38577017992478146477276620231761364030777368517542438631393005215402381112397093834619076795658156231584285923917296688803532627180073666235953182934926964965636570171782075772646991589409971869586256278694239393006371971190883271816654953587775655595952266402939603441451416186712903972922295377079044756208e-32
-1.01488972782872962568178816859689758112163400107297854890551999057092086274275640090224506649841958389116021488450235782296777810147080675919852084877548550290916350797455294631703780570738042065776763970270074000675420856695621883038495487437920073084005238064160121983351232392821359531885972942937132501873e-31
1.20842081012135705124647639211727901990843586437800199292099927523444792787786267670568812895019260964731210765328177415357462907074052977185486429585249817516469835425481991357530887123109841257289723249228519575070315646907238970470889218015655934360622544997518718277373021667283543433923670394669983123136e-31
-1.38730555866371633772344321365607724435292719217259127710042636349755434361019914944497618267531736469562963565388580496208994140930627729794574270351080184590721557295743951747941249760232452579902302443646761961755750547176991963001800300185481915044146408469976322781088273470534545763974687060456466096638e-31
1.49372839030151780026348223978877413036746581672971273559792953060103254492717260157919454566164634795904798858452447490314271902126232276083719449936348438404189132538689935600078209123411108779062145098761027484440116330269784472703461161765375420711611682923659452083720391973508828940130237307376073016856e-31
-1.4488903478778032592604493295681809204668390848051355509787760622386134270375175614840486466456531096211750827543183832938026800385785855498957500027517929589460590447811928476147822091874961609040441817528817714603652915937703112099165019102567306943666195866597130241346986221463034791367907214519749407666e-31
1.18766456869877557732242274546535334056296124205552943692015687986429656347009593144494877744970217365132351905178370789818914875859805391624955039597605408020512649462613948811131431318703514942858756268217533266249117503611404546957593796880778402193395404394750933024370295429000067219995120070098840591969e-31
-7.31740110114156690072449461711754300204591866253510455176932377617992176588659062918299922967179990932703588767471020688422523706619970301854580036997410300159182098689362819882864492224995898180719555413055722937845927264189109376130408891568042871289946207808837637874451569551850656871931989249619611134239e-32
2.54301240086071780950070744156496035065442931312233652519976917347833165566581365650982130638451468621708655540168638895327570136457037830993331183252677927632789438345610056950725763987683138752483806497047075612315984308726052020399597977239770567586356545082206621540254446959168183882091318970204866600806e-32
