19 1
6.53094061302298790471035309373656186720899363587578220468302470353023388682249722888557746871580942473284492563531578531922433972470330868618980654306998683735083763826888505697691630150938264900316278268183811876691134383547060606813348033342084372578218100569260744498801208025146838903299654843665152158045e-38
-9.88929259784030439423887439530162252472386570175562624163521067626904163334414729988215122899220337840636065527780758782947936989530739423981126455112492872481314779756710664614533015728326874013822893663930907001090906898317729452250929656790752567594748085397349858013383697937040280302059342463861781597791e-38
6.04621535773153423835029165647958509454868070349625149450300936830861728102659683916063204580644389341738569249813249161061623201934396698714675697472789801342505315079276676090362860164524415113283516750815933848170135717397075948773150969010599340737692932267492150152440767362178896822652303592888761423914e-38
-5.16525170430589601007280212568503665068657222823142472178234581020872591598884128494233547748372770286625844499009087832424678866552299203571520643713084141371107009787657575454375795577579357523067556334168613303745853592584292129603845943158392483879191584435582367441576088876459823500766217332220385111824e-38
4.95780923022886947086494200854295003517700609828883961410975059896306797494529562477829335946794191866244179473650058908155055863615098011526102314436342801200876313908910984760112418541238924107604972398420865144154735253097722070782228869336840322565648008606443687314556861228881929808645278990667947372704e-38
-5.11625836740154299026860444571811706173299378387693022137358031248292459366383279363174009574962149812760456070101784450753927792519850143127816349730131259630960561549129326547145345853648406033457257527030985364187537401422609931137691842130621628203603115358466322186432851853444106109754293937695961693891e-38
5.56942087500478044262338067235115296712534133339302364234839277450618818128744825045374663121278781893517314742790600928192527421565945149148899074976995880506239294550548375168607137976868037969246453752500731997873070580594645054455260607831543486208893766468482725245498662602912517570745756915912619263708e-38
-6.31920121880913135241227383025025054568819851512552325461929823022825553576170259935072127724258749590579239302790622261052335519096375011308358028498396005455886014565700150514413158634204891566578575787935778907085749254144486018192277934232095157546289339429869666539847148884241210092264438376086929279439e-38
7.4005197289621174371827971860750756289180249611053641705772162336617324780515991554323361922893926436775458768862110975468659140404042145365670318025557630890756359837622692429176053121310177713698187820495297605439674394262070464758339300435328022882151063697186695064367040186404974731203374779331440478071e-38
-8.86048528184578683215822472554918455432232514729098974748418998505070432870045248635635599841624986961376403070237669621539396671704364056337013225101484498281987840723525555123457512401239138603217907537659738393963389449666900722447236552174270026632411799256303423559969575402860406764777300647176954156021e-38
1.07321984551846377729069442857269674936749088515506619531118395831299504238295859748618394551833513079678303562514251497671432146873326998757920976817083556472854621513802649512217056052707778235943547709587077749568078751574462043006800778141691625038166425911072032593106948826715637899810024419787981145375e-37
-1.2988658487920979405188333515756755249955089353684095080679780491490738301254320031992790367175399301811912548273680951894310634322346067114480064565551609995073936376876236042888967538437595627488410652089047829339952437338171120584350482116515238643821312034527386063245231402938824157072688568781120532346e-37
1.54654766643158982102775957431505257089730474264110196353603128768687144604131095219768555592864489162616561282439070853049625057954420795804513540801737339442006444864199390762556186114438160218022948978217641262560877050998107228534830855366799613023565026918124451166685464967914847283771283917510799135521e-37
-1.77548449887905137053312813706264036590746068461444364104378788424653692317996537096835574576249615763700971014097069203913116911337527972606194464248550350287397903890128164620988785002183494044396119095010518868877736006501685472094074053299698145013114484705315199897002714089067255952354091369355107189072e-37
1.9116835765409570570867106682485593807309769302855667602862858810856680022896616427627020682790921945792806003218207498393718780408078350407441402083664887465954544528062708608369928499659716344157166274573648540334033540613919691664521586817997311885835246345038206004777122826058214953395422944079887454589e-37
-1.85429778276366633484645393824858220739534705643681174398379538982230058172346453712862425802490448390400032700548401083307975736251304160384008376388817933371266296036658850334101283178410374599065732982155996557660679097429742826049595099153238195806213399673300905282053585865732795957957161973235181388655e-37
1.51997805295078724670962861972602547895640506532378800161622300456712438873316384823438682090957214700332990796329716567740455464686963472149112487016245094291977264781619234646918173821454302107249961492778105168022169670265318603963949756178952523945944145667804140536266464192867152846772137548150956744442e-37
-9.36483017299188811594524590277086101772741459103584475610119795648735258620436913157169139699846360507431600271447323932164951606094541564474140404256084851945326679425536891783858243465520227982913514279355881766440441424684645567224499014710218966970642936728547937484624806913214899767646628429486318344654e-38
3.25455055033027168996352543750603439590158500836422288812740133136427574921443407646970630936707452287541120191664174678082621570415987080016681333799345765635476761233690240719000257689345096910499237595332684268195100826186429411751836362952367683256656439525415983706590961436470119454396003564073841420676e-38
