19 1
6.53090840765784781273480218701864319692182453161917355034491007803289232687335924741148419373982081021405962887548457344762211214874918718442234483481889130743424787798373460080153639238026688831566837153059735173226700890354750281145039346520842406943758867502195474986190052601618157921342786954251528573901e-38
-9.8892438217836678312772325575384300543217994493052741440624030178632859402275047873954245516161361738487643298821010582338982213002658674146484908747519720556500420203566423592945654841163319891331556788767606914804236623186051755918858714818844813494005734967696690914432092184632513413578383089400273033481e-38
6.04618550599275625367075495179240163368264745634185172587773352293918221733596934755030908094860433856409892103284977076843178543273076387164356451394055908106570070785182915478762363967493435155275250994516607515821901142364856372534742687708620195237598109469595198394613755271875788063524910052006040574193e-38
-5.16522615514884331108248623035039199535424316595894679375677674426051887311530592592408739110823596566067228869074805093504311510152490241231109553023624772198668180629789925998238829018959590516306716662719745739706651817109175789500533482216532247159630709683845508057280037001742127639762715890972752945796e-38
4.95778464204132024819958973961476534092039577928745300031952470381397964662785402472554881659609532351189534615028908314678357077325276539703767942744486216475655281689116843166882501239842112047661870502583484437646747686201323045691080589073893369743222699860566906572329502908070865276146865216131269269937e-38
-5.11623290551679439211014626603617404997616739132606813536437010352427796353381364510407174244635746638006342679737115071759066039737820132948380703858086088182820500396513835623853100309231610831387598105394206746120549852594710422048014698207274923551056323677355340989200138183237334604361304633685909288936e-38
5.56939303972268409441373781702448597407569379800650736849479222765506760041801434724619007809820386739804921832033438231492526769052126594303414086570967461268985127556879668862257207624185049564497396165829695849783872367515793562221234538773456311656589439765426978595183984697050679221403149996521256248121e-38
-6.3191694766109143950184214818201863670439939756813752458995143567027594752413285735262703194603097687959855398616958564385266100337230141248371651684622582367302304684255478512857560149534628560873366077192360764716535516426632960648001415906521734695455893962549779430699024475313002740381955387673860306535e-38
7.40048233833047350204678547777530055043726855702238153036184986340362981418859608564010375545979093724381656148390158152380272307981617392261086914158052659844297605509640427807132138286564013694424862316035224695100190789839334952829157680992029440227507177331626133865280363915550593313909117846468336785081e-38
-8.86044021942706676527021215650749913624760105169116453731376361218672769168569224544747771611473905008004502872885045138278156598695873741192599221425026168748349200279426294175661715464189075254435622005484361501910450840900344252085201987862049160404968482548414926999020046306840960371680214358478208375803e-38
1.07321434724718614472647427783646157892038418265936348164825460173852919107454685684494506808255281299545604068199431053892301658016716837003373879906265614942935197987639164363865923855694845061618231782129127133161142690276367937780725129649535388129385386783115614358051856957671540210042610141158843941777e-37
-1.29885914069850190994335523423070014651806872644798193084184150882996593439159202287366062098981002147702627735014296792193498516223680894319838864763456993182143422885531469680844523666259633612074163644637847380549505302349684915207530094005264273779609604658584595781695168322784355998021655785142816842735e-37
1.54653960885274230494640296711974826908609126356337450555463220508627704445124484179445127971164995052155589886281506979270182094317907401474954819124996972436232797572985158148667239721758629415156185616398237841436210549469826032513086932803787948734714758839817516442966173322959790382134596935898206374176e-37
-1.7754751606317583216609118467869783246269907062437091993399906909011760440701122005022185075279459823653022944190338524584093627357884837769518297882913276641368920619169220604543309216665795251044343385183474331982789930979547424113359845283816947212483810423360627860105607837395252651149456844370657744159e-37
1.91167341958064040618354574594798018232403844057240989777702287209005105801336853791378654976758621463377966847616907704990199601593115620150892437837565227305701569049049025197083165165739256050302763758610727533729250851046355061777502372999017003570372837965800522856901566286457999612955639316509748910093e-37
-1.85428782391017837574935539937970524410177749171017575654089779286312179239374741802410809322446549270223469176156989454763689942514494355076549754105773031995858823876484682128166230468296595472399008917149887850495021731016364607063279097493041033209740055950959416386964861301599843188956968251821816370974e-37
1.51996979594418509654005567669176028885605643787767729489858183054227622850725574422347965311424491583153774487493505465668715586161017629733820161194944894523302541406847554556305854615636208892210775261767286901400194416983319518192951225189341673135753381701007378158899628289167155042578267880377412562381e-37
-9.36477868520960699009499160231456331663863109670863906637385320430296628353072819956260762336334319641562981635344802831153554393423007661133378312929698563049983212458468824287266444467845819297457714381150150719897283051574067744079352630424164509458593333711597160621222451434506445300391674699620708285508e-38
3.25453242993256795331315203094729862485096573247582551298884501058880265543652393553245887401568419469957193224166446295585488298544884798849224111310533687031566925095850653961613726188245629754983078559216338166657322210715723003022951815599751765438255907025658263653837040987762288100715647516686921059985e-38
