19 1
1204578596334123713239.16120025242310558271615456183017674749183202737485622437323158639291150316385174705391334738719920596263677184736218361106171159630280414650757485290493577749615793406819472036397449473206292304935482030736828361463602751598227463252833075256274690533458268382883808136518217467534437733
-1814822122045390751084.98743414399344994672818013606409515107368409129585410791226278479815756663305483293731795550077695727673337241820193493867167480674474318995008846427696182846345583387233851004844235348814227738641897997237657441770602352614308606501141986108955777612633234893942601258367176520151492078
1100494472766238799800.19523668736469183742215633805563277141792942467750680151672404708594217839402244854638371998637146446146907253151069816597539799605144679444573452230189355610493887326070344416875451044383325981856855399872391854950044018915559888146826019509365143185014455411245623098644573539756990549
-942545579403546271380.104269614531237803131963408728968058324715223836599640534740728284828496455814539952187934013899845790042759015278124150284950925535364866773724326027399772959437487474236606191650166170340855955905996169599106941338056582312394262023251079457075265808454576644857646933399516679812148564
904130499638626557695.302203404218822799729756760817941212162059943755123856503942885627354226381914738141222272562480437051764397344053626730251496374963286827347707861953500793680137373389277692531559731547478808117358310923318624599499110380049988256105113620327732823286563782568511831508542553876229102664
-942892677275457180532.591756781037827194869977334203195006337663895023720016752506239493272357652739329144491685474774047368914443293676508098113529598234699079453734585377029990107284821030247854284307615043009630705130269199787373440610979415391174864158353255381518136931654984268217773514180162077101548241
1030562486750168390223.33338640299532709481737455021333596004761243002206226256604070576244556719314299965686766634367955938535626087709506838587482516458273867040320314079721466081325639698007813138616186428849470449310268718676602869651470810021780446073176334708073210253682573474235348980785102640456556482
-1182146183332101949539.2310500699955049660687932772800144286946537243254134517679147641354464179538243550763774183471998211574115495382226551399291023242037328713632120629296231534202573530775300469579642977057140835410185414892449109096498055829321636129946694787555224982779171696634534724548743408939267458
1393362207640888347449.51843680567818441422705807151670533326618333169514531122005911582582423281606798475693949786761841656875283503758156117810640491712171922113155045782412280502489472259757234975599531166693835037328961003555412699779950678809883728223781634161778067237959962400487754729653418883246797986
-1687431366053467571878.98917010244608823239406341750284267704172319630497942339736673617533461170768022651833162251450595888214896136657878938849600030421990323318875294608152257977332755737649860818410103041782339181303642698793617148543917944626547698070408000621238050596836974688127994010797181833922820411
2064195407323468054328.18276029906213940636493904351040330447267981889989169059502831120383504677731647661693051889135559244198284081272233728809785184515641330104100678060182813164992574387849513128660585146744736695126003654123942097597274268575483981565106599112697683852072611974916934082603271787035942838
-2526127622018137473303.47681787770718716274491702251760733561577391402739176800618440098536449431164031951925627957598943966968741472315708317862975968316961311739964016602326056260013802206491591803574529510145219501989750030049811794123492371850039098206601234976188862521548485369504002328835332409904975051
3053639605476106778459.27024782591798587276434260292334258796369247605469633769414446133430542348389378489386146608495463990507409151346174151316181910806005334156188237874072437049934512475370998601784402804117245161379913292350466695031768196730724992196786171019146710701967114028612831626351929569312894551
-3539356423600026386161.5717016860344958098421878325465906103352970309114069923935564449722942023484579959890869339520315754941854294177847271253730706486420558255439718119001946377852878209355679016722711239994076659040501924897419920776641779197959843568628043352148792885409638607857112170274311464303766202
3910091398583773852004.69648846912111172352179172731721046690137920064686938468254660275930027438562132853330826049226803886212545033446658097606179108684591232510880542547165047863294810994314006217053811802306287717125969379174747057726400467134567211898648529836594891752635360739903821689220543679644789557
-3821201789079726118826.68886561252457941184288518209555551134950794094243013586605354989747324979047237294430540367076243542871498218361511173539940657881414042029841378704693461108025714379467567754977846361410130035086233039775393837694767029072029283353818111063772693496372604541896952014378176231371538886
3275094956132943178300.40720944341021808210921652358528785026644591062469907992870491704499261269716532863387718044579288193206930414503104814248210650324594021267484921411084579522143787214953304426181123803710795559952367685054451974339588629606859903802683494551594223313154706178628868144939467870988735726
-2059585652612939516743.52679266416058150818422527419201635304046411209605563823894591912572924295043485303062901138737298500521134285151134924362876697290545691783343029668271399996841365735993960299424842318175415521951717432948714794834871049409960289254672125052768875118348480285635447795667860337709593516
820612387574244342093.944068220311037676851240841841392809424522936390329072023763208339746194701781972330985980382827453994456576625249533997657130338821253700607240297746268203090613299084224463435133849929155879182869447068010603493721724801981084320891505771825532513173445315036712823009439639829986303448
