19 1
1.04825791605017294229489153962920762550484173222458955871207013675537271178074441095660391593639791001154384661764302371772400276728878573379636451210796325706438390722542205503242257935755581483698160163391021298058654205490457461562251092845018606315932083866606885079566203241342307955038919242446568279549e-41
-1.58729494907515495801075402852236288712062144581220006040574114538675947297526049993979278196172896349784883801494699986319907846161870410712652744158018520044981154988326166695853310547200191593394389327733539186255548190824874601592359267907383040602119586868722179922734391083100759731351175561630339894487e-41
9.70456285732905003639281372133921044569041914504529034410423551132714343731751798960896520810241109246736515070856226633900895097745859460517244899733835678285020721837881354750281491721660219633419291307815570243521441448290237009547643062119578988975516069655810641148046122386569125503869961984020040901519e-42
-8.29055832104928537795542582542587246289556224021676341645520551534430504622600204781973117566842676528217830839495272698269346843728013023666436491262109888865719023950954435900440382270242804246346882045018916565438520388686461310657788019685942290061092752731662437021325523193777597575587170654430308166672e-42
7.95759790725961475769366743331086435358510269687327167331099971497898874501237485884258487803105469435536874203493092618845301617636348687135035911858082885997168890493162566482507464169072179213597993685771311500854530347092391497055832529233418754694106718288111588286244402865154243901212061400045410866646e-42
-8.21191608957043064083646007107856423407854717343584059726750682611836825223662792048592718642048917303778899848955138579601951668401543100134885518092489128928932583707927155414021823199757746474967142981148828675574773643945500393440586828427775677495816640366836701533955156466435282613973858491455121045801e-42
8.93926672343202883755053496654670891914819395262859304948097157478887096989552221863948414016138476011708775624140889488020365572542776792170954079616225829604035302022704628415232805106150422720121316675232224034301038038517861705056879360838789733833369213893906741698282087042200901546777432822355552472412e-42
-1.01427058422960970179727986776921256134776435510124487509505329310131372946880778721934095421112561959924662989736461982334487784725647642700386898436441086334969179412940933356020557217763538185701220934234101513101297439242988959962813119756139125505918676626125124817549567632233579961774545138803395627557e-41
1.18782817103670924007055328082595617270292726171894268214242678761588976350928036673653511311796450419935948226933271389077202688128867566878478318714056889935339959438781948200896032724797305314100973583360875143386385882883126534253210179730729987625917422125943463028163250267287147420577815586559008031893e-41
-1.42216055661391534237955442931740559136998036077949286078766402792793727673311612557073429173522837278272481616272234200313941271907897664434017755400460110991748664284759127035497430544152350736024395846667131643441910084690789226855331661605498037742441003459291145421368227453678360982877233787065163093165e-41
1.72258040452154731902282479627231262909871552156480503132161618400614738220680189038792139774354863538892577085076694203247162734938442645117285910527007422381085939918272088669984289219532145686859329250169559811669609357740483744171142896647564350077782224624149840410127834906227446497935590908394019982604e-41
-2.08475372543917737460502944756929234728220298030408337553891134425368861436847520902433327828193746517347063004375557627046929068061571211933684192611866367212662158829152083046610472640568826341201843579584255493824096245062792509144802952358588364248751590540206157571308124672768222232463051010814329429033e-41
2.48229498380903154755893439098978927746887113284979686120064950054878939721347698395880836084078838011463250724497257019350538156492089949098913034945986755758745519646097600017000882623092898222686470743038675107469418293557694458323464641201774350342201723107698845636026231000496284121735024533115824745137e-41
-2.84974860561693200523147352157558353831430334743717438615709697907511987353734980503984051155392585492497612129964712150490075860114789282825993955310625184811984944789363518230054137801484934657946721882069833159359577534228892553577590108160919007134817895634752282616901804331275605224429759522066742481949e-41
3.06835231846919793540616142298087687036966706192980940177414910743880029893033329097479833204755408255823404626669563270294874280669977776327986550249760964408302073349808695498527074074130407291327739324285345107316769693596188854346480450975531670424461072745973217360945674661620777663777003412248991816109e-41
-2.97624180546418155184955663319876952689212302501361222696464328473887439617930722027945983795597412309134457100013240602350291983546123106736871524816903761616472357267211060115139054573602280890262417736491898053170335758557946472962635788957249816455874471687060937526077917387097490249598144694435962553797e-41
2.43963881509591588512841357764238224015863131061413843957536299301772965703654023324518682448724225408738820835886706782092440597582499774017554377250586977030568079397259484197508751641149347621834430617749467295346874496989137772111487112897808634995450877513908281091867093965346018311655835410304683868525e-41
-1.50309895561935048048888589329272729169213163020608269318106853808979825743927628029720994793567544760089322362190183436636296876030319734985303823400498327257823759820402349574912487310910673445375835062872402211790937596568536296080841603185892851318673215001864258805335327882326978455624569167327629334775e-41
5.22369852229635443319418394732793452273256858263721908812467130413982039301510062978354461289820548011233199508537695300404792478576158555748233190012011277014411978967047122591570669806654627483386545266551589682160106898236540117627975429239237253784022259486448775218348730267108989235018746024898109319634e-42
