19 1
1204163636232355889530.95238481712967546618740462328815806038790234967354341748553740840875642655324148528126445972775874098971783971976628210044339478043154156918885190231616469756071698591568712868003395955362187039899607682235352021805031713327486068036141890727646078353387986664532087505996254737534437759
-1814159982349868920607.70667098484234498169379323208387071274378882903754600245856111467286217040160897018112250469804431954921052361655319384248068188994990119229938349682435735516637394133576125301031091009362972158411982156567995138652785680148736449156000156496349843467105550201556626483924036699113529021
1100147311104319139593.39198543918169272369971841455015835026499063632609544638875524845649755884100157772104986361721968350175809032167887864407733693675163124107784383109178999958092168393121934923341962070180236241726142415563008506712483891033642922203607073912571846806059877331575561426529732228943472113
-942180573088828956237.28678475997193912312918537737280093203364364100162833098874949910772232558637100584396678716157934370159883469361890197514788283754590110268986374400020829619544997863410551715151589700067682564406988848623640216833053786808804888377790553585366634434445018255322841474145089551297532031
903867028196571089894.835954938802754246412939909810585266325550316762781181608716384173212856064044015410988222721722601260345779863882758860177917270693475527137603389700732171241643848069022088696556766621860900735360330237348753540176122369733821047235411406806692351724966551764716935917431672371877755946
-942545511042738838147.688312279706641969616623134904355151682221812864851516583543017369877306744831625688013952188390649619137275491866935084027876816865472882563002800019958221565549893313425986266658964438882784632184504207469094591042546264309105083826755573635118691276006886863994629999901923517786987768
1030244685883418370433.79437116342972043501806254019241180042933755282220120761307124220464785884523335383253301276884824016853356361579662445426489832844597577471912375427263399847712981794347439831221066109060353396774846558524140301718058702330972749629183500482462808963992477441131325898881371911408285102
-1181741320961487503564.38476797309426768074380549626146911852045420293760499045286079701009605808158929629531741810993913347901501041823863444112726154449650839902033367527530568490419905911513217482737512434429064952041200527765650125538798825283802261476317795771812760974722191833652089990191730658719514364
1392926243034517282541.30087290036081561283259346774727998544075412482124859346915498771857442970601672685572934011407631091390675114199473129912377384881407133760714963660328607674155604885549198310510277677155327960100833058011926084603616012674998938832261627490875182498992046177830405978640482640021338439
-1686880191654038968421.02041101679823444246285465649227521139384077055208598358411692581137878257623014671714089631845257434907134372040018484425681842356561142395179333887912140773367618962081446120450560250501056016557817288062159977259508340297370986994139456931268623294509999189277369898920880510279879887
2063554131057229333180.20100067630756429594399685358691029333431050923827477076848876894646877542073083717420369089643115988200613453173397726538825293604562834549351863516955780255736828472342361496121577240500137151091323989848621768255056534350057415491447537276294016174116608029500815219493437390489393745
-2525319744022118317222.66621585400279320945412292204068690447302451463230878246633449219880758218642683796863208843398920382874201040079195906114692608739504095502289480072762245589937072809994692186434747380868259023880942897210509099853296898728594970516027438878891414541493925307068779274029668321842664122
3052703265413949560739.46688836716783178611577568447688057789323556563732270210910971321564393848392662623032744395336793077414030645101729821778673224397633952421031738742076442705027502311167153070594158979681027371970685118555675953930197159967168544388682096350113667470061764943486210056675561047360277803
-3538241850162739910134.22839759876817960333412772921092383799678560895840405187134293635965920195810437721889635466014493243049728919100301695004648959303281856546388467964551959217631180930522797229715586414838403932993477976314238891411310486873320770718780183283790451374042179254564969661821496399905495507
3908896374610075882257.85264305540168420063194237580152667388465608149178540868259135700955333062944567900609884182386472579367529442731149823113651343684885699419166340076547374201819911557603082950058904016307303587688141361515476021979313263632418068116195132017840735765820017514295711418520080356714888302
-3820024037332455639259.7965446252133576642232418113112342664226191689729992990767747898375927667867451070404213042643892935723230246600136170201555942485101059111581463562285937116110574209669221259009619764620252164075104824441217642554613569574135634837591747064657789401663202131568890457284873101162271475
3274119188927013839223.33259792583706070196096660753736145550647605484406980397314202272902597442108978280674394332867499352457585653949807026411182332324407099096739447381445381224013934014086454477202818680126353950111167195632155272050435991849248261240648417833798373598158906289407572573675041443725214704
-2058980067625220266391.76492004328244751648880455664205576432844248542539627898690748756175907497500430440685909276883466816579125344790269792627239446404647686528000223907509523728746971961700182641164606116861798093291498768872186020005913547398152613657167685971705746454986042058944234015995777090910008208
820397480030282211595.922761741439794781805915745119040782101879073100614132974764030424442158072902938426526482585822391127454953124697962451102231623220989179347298512184497139011383899896896250596428237223635476484357626479642628082923146648850308858316669098243748719904410541320899509958849661968342169535
