19 1
6.53066028548134628953846677068741761179491957002420412557577978103078807207119137705867475707018591927083446620000304853476039320680423605643220579532884077128763834002217968854458702143670498394322033655030545474732717343221524081361674915370980608936606370564888373524403106309912965322072103783427915335167e-38
-9.88886803300156604766116452581779641105582827986911991763523555867486610347216098186034306909255267036477166609053094545696036587140050333180841825495612298474936211701687303425657437208300236547144392727307381319097345009508652138231227082103887927391313114813292172263643406736439951048438920260760323435577e-38
6.0459555177618562529431705345576243637155061109825825908873026543554335473633506338228306763414815470193918349348260981217380127549222178270666192139929126583170480690666937936624720067779571807801557885812773436011996054591021304515718066523092154113811841626140904725276334681157026265098096330554007235639e-38
-5.16502931644338129028877620224292335626114489586667695672363321510718245170553684551614896721937612894589846826514055406233432432694691231116753728983106341786212331988555295493848610442871133346030697106017904028647726618394542090250163883810493785970604983615230570221845635389017082185678703394970834416175e-38
4.95759520823540983053346674078161554958997942799649266758372538381678426983946251204000104341529189631594551842026521331042128645729195587699982029799869341415831221667457779915593502605445021650425463598951847853362779597618784706881626649149418815619591200806594015879916079877827740608493748603126596853719e-38
-5.11603674225593424397023354086924539900845751055008799640441633868204591625470944766865627534349141110373567236707952938264758753339742739525982102704383611613851814240142253503585684936627458602707154647168704818964829610020581873478064031665082486746825349869128187760010059339175275263027417801067364121614e-38
5.5691785936787185962930950789931251867481316938991567859992552492488530592806926509502517171444154132185255355984331469314939731417441773982864716495665096794683752311633852804227129834332576394143654852986933727804385094311801330553148413227149663826569123760496034532641989329246325408300718737581748263373e-38
-6.31892493439028543084104118948832059563821949953072807529822953605445492446723048454214400676266100225868044308182351216761680945345184273038588253572108881995369974695285141483977431169978159392041750474781226979202581846554323718547342701284707102585090569403962297601556066724345957185434152249446170495289e-38
7.40019428475352885115073245029258782522900493037987524864429578554508341556466886435402137124206785936096635109314609733239566398466746428341135908048450608162191228978864979937417649675238907845217379879414196806799354583106380513591404074986029398971340210977250528952448441292075200470846141322838680483211e-38
-8.86009306892769340989743340174870760907342633140970777209047781442918556955439510832516452208168589937523734853938223694237609182816150588430432240466769398242508948963122422891274303718806621130074370562827545475847309739341114253628267629354455072612666732415782071846009890294426872277151832308531361096401e-38
1.07317199060521574277508977552818771539142616450745928837373533300034978080899835669330882959599139663176631960740915020188493577578554268880388392681956699365257252894115375595976030749573173417181116898738587982706790656272092832674935231701142959386940673229671512513555053259263163878348208025355840573296e-37
-1.29880746506532198005867981756697038160781156566819697411298954875036261394004546419095111523550062716520396609540342396670494962056083634056339256522229895489755177267105042853730983620619979693340046413647083916247162664384758554608943115675883837737501221379819845530404947477902370623450205572264557995702e-37
1.54647753883062752820854011463308017405384716136324132267661143769848810915274425336789420653704986080637917985312830853842317339525021995904544898953454410978798838826768827303483239519500059089545675980524581095642593712298678746845794399534395922675225750778228689385776341555419532163709110692448258680762e-37
-1.77540322688262118722189135099493959516317646606196055481124945558585654500101478641105517600563755705751276248700880815437453392154305714239864602129161734549480642230555596854008746468000367371468084856818955398245540985716912598083382619479229170080574583753391351830492185795472836505435691601717558639551e-37
1.91159518109130732317251482228523399864770590721585399562573245015517198194699583741050571887764172321767639329949289063055621463032863133941086061057114200314985937490255812964580004817210111242998300586998240059998554869009651664099431988134191997481521955152259219947450288626725229161905467086012004767692e-37
-1.85421111340447649898404538439516475217358405776283808821716702719034612615863920188736237761598464408608248319861712253422430051344048457876740275197480356410752984164241267738761480698043568324272549041970420766543057054768785483450471111455939102159536593984438270671141616479182447956725972538514005143524e-37
1.51990619604830706838899543868515283962336168632432424721478799967312604143857313442709413815512700959955386561366409072113900495092807247123066236194503287878799767282978487256717521011607894744638881893691091129491834179686188715914566678522577214693833406878278670680805700299505763518296273445958454324842e-37
-9.36438210983856713078749419485633215849684450954169123659496653831562098841225050929888803188948360171558815071286098060811119063936533202305722406138887251381579517342750486224518323994706469774824208719245311867180651768541048627858342404247719546690333398653108202143886811368613480457910874950977897395688e-38
3.25439286490320480009994034866493475698475258775153818496843207306919230571601246284262715667732851057044223418140809231855592929222125529745487226602818361364866895291083663892737991781023214036768941823585905105491308757977551812109542529083843101084898465273443860045752819721028249097054677593933845372903e-38
