19 1
5.10279867131068034662964087526561727319689014523646269105024606509024335722049234801970422813347008822728953453683690472835142607546150204396434877696542735536236623599632454159308609188340307861840857953597301249433181440990561841367808067811509394451127735721745788551913794975969130746019236073286994611804e-32
-7.72676892807927817839531977361623830312275284021981659223306694360257493928020744418396268764291877250291623933612515783143707224068166839419446030608177802309979677881593251795158806041501437927491432093084766342918564443256101047911101591497398006321480905354308651380851889262452039208413162365161394997279e-32
4.72406978567988010330207843209699219277310979750163674992734944264079737397798158632208136565973654032390503535601415472060951348602730732168265896440541063761973243797993054247654662029743507604315450231585421001661589128330723846792646394674536762010338991482902048465756831617421658039339721944244659945248e-32
-4.03574922629665903851472821865557419031691165043788737016181003371345030388270658480565735788183333370353667006891608416227593756997847975477264627953082217257683601009474252240919142658208103106072329782704948561648174721226942246503447379291157701277308963128122437627298557264561865028603612290902186924292e-32
3.87366874790686686129901462224665064840669012959395318555692356584314994731732362188320254903842466284085301773767883889797972456615986594172856230432636842789135021634735757156955690784597372822692863105977094507781658099919331196356604201853422149912037221056536593231821874243064812233349940796038802524338e-32
-3.99746911689194980400261094122182184403867942705683631760497909039688619687771817167192524487796900658798790949782247819566413661089213268028980270452856728777267945900170056149745105741363494567652606594858284803807337144689625857171553784876491305539654841178139977762290466633604507169323560893847763877107e-32
4.35153683735396008257427636821501578280532228021483133949548325100188222098722857464926179189390039620334205430336486844564122217603648006116229868087078058564515920716807911456352159200216853362644798688289670891456467097436726635967228346491677207213518062470195831686790452967695754300197949555443692423144e-32
-4.93735987121854678979048442622146974109485870960747122980854596099056687943281841865349182952227835250701708217322395476032117387810639529152717987209799927827959939113276170609427292535439120579447315026674293407725782816931141595783244121156248571540605797823498349270481153196699638291694298861759943745059e-32
5.78222233635414003305658649796884607868604639305063825927238657363159552994987410673030009432475839173044480395480786430828916886321305994873366407356301633066360028261539871646408644086314010498491321107959299607863924016265035301293556777814219885818208840533250524279446043506661851029500339455249095891267e-32
-6.92293156090896937075823046706317404058361544137787725093728244608145467278850717287580966024732997303439598714864040299677241227467869724978575414228834156313853765033668874573098759584156618239690777067007036692782689465844636464318801846314550272966300210964257661212613381088383462922395259167043563927011e-32
8.38534979000334661286216585579631765952692474359444943318707655157379263051974358015670845434547218035024882549963100643196093382564902776861389654344514992849697915165527445106102716151075553400196063312514060357688965287593058765054289113560944664275446951335314644794439451086701669993683330411477074866419e-32
-1.0148380483186375470177070843149872275505160195714325478143702747125680670863655926396399901668722888807960998161729133876098271181589638267940327048107266894453572156100508966189138129779629238866264664977989483321288388265830795146642037264485386803594068436648215546449841875644330823506134155162843309534e-31
1.20835822799851952279817176262248640382566720527677782219400948667911858682814032494990927067129219570168155116987988374238032747983331157309742328785452481676119902745601297115018134892494777427249720026495342703407362794855191632914918554191084282967570859345334458255771604859303129639248541447294765088912e-31
-1.38723240259090102138020568941729855059499302467296120076669009913364523340073541660889574425897942281928566974625219756631103313497859188062587603948144631786702356905055931444071233024321704495916090809255507494359473222482873917040567294226405328740675691309660874384977113155437093289525745811237133446256e-31
1.49364809685167383109832916460167159715617913066244347877151526606651081895771497350042593549275701206459888854649286581085785066190131417061205788821031066517201570549417701037524456738963672353751089409586051859710507092347950561861125010575465833973922662243539026682614853990575903959625321636559499546789e-31
-1.44881087328715960932812298589488814485973095500218879209464196672791851815144613221196148661678825464981746669236967256789696766134553410174398268538281874354310622328934933126176775391649510917355839285562776218356501356050506305152316076005953335670863082455668776844526798679853347055042279239241635487238e-31
1.18759802686162427799385310047549324805795314842660528160514925160622909806918518293192112014137270961806284908223959239209518107993982355329824682802778168027937498759473491461196460315527241665775666745692754251920356317244899759280571374395485624248822085048897017468212378508779836338867413803759249865559e-31
-7.31698196039208081271497682377333834039297647920603604475409191470119202966455210099883746509242586572589777893108682653357294564435125253802699913667315847434171867654976564244853094787101562244267659737926779295344852125691097623045228552181763992229343322458183628799603844006090286883360331940101129289865e-32
2.54286335579138479924406978938841641560698512479513735472368871042575327130422444048769420297817053192358712795170645176949977837033597107511839377196872752878105599223029424043250167814499162444911361462480839964243549980757847152671443544378897134050404278343877290865272489343984057838783548034849102704686e-32
