19 1
1.04817823436521138280055276925722953313165938059057821015414656374271877621767369093310495541121830539652719335139723211624992709041631199520990818480034082005035580161812345503061862499196075078296313054383942469155345050226643789810592086979048227160981904478948426186878042132599592376717884038555680510715e-41
-1.58717428510196450941283754834972078386809394345770252953262941371599227508382489445427667067518402969215347428374139955202492277751165150022427120005906281875121887658544912589404968343034428371415781175608544203420692956454825434370338416762530594446468797365651997770302374005340448175717208296895699183448e-41
9.70382487820209654997649421073833184348033699329774977533890028089272823733723469432079627956771729272919915753354873408119138396758790854940664037019672554272910289434190115977037712383715024465291508229546353126909924016494073424517954882189118412844177357693167188571320302115210216490589991379808344519511e-42
-8.28992748230624766635866120281597074658141202165134404219450516030352456809704123130266909434445049200589330677813041107746201402924625084468172015322672468055276411955158030977440201678220688323156615318624711492093084503899385819631892214534933397903508717362811615286152309751281545811014738950480357563092e-42
7.95699186739206795758676036305324338275273115829247357109565576221741033879678250864020510107395091405978731164953037908521223242890062810459611069146203564428230348643989037297067114253831006792784953125868559248134866524035820683381885110508936988404355958876762580549135545147595208063707796272766216576887e-42
-8.21128995718707691480157687319695472232216127900062009591057681659952745426213895371541371853479407932052663940145554095128943088302694708737704974303241394768709710857973690014510690449261307020444370814265402196878551189211939751075696795839180760855405449401921322798075347094745047160894434440289604525624e-42
8.93858415932991008422220702011481876724234923847202811995841477834690445655337698931196988519092230010748920332279479635238238019426761040200265194837968818281393608214987660728617638227052895139543158793210244852255833597044750351470554348893474444194176065232910558052878947380917284227949493887570318082024e-42
-1.01419300737114319458880158780024779984070669292863238128232963105032030689814649176645448197477320959676370899056393379239367745449045842224845079133019526844501208859254263021391335120197015148341306255621483897423336692279347971159836998614192987502930989272528061321752827785069721064674572280037769796007e-41
1.18773714091571539995079251352714642183456564693914158106644431623272478862694912927958062005903065395527765136976609083903629049283674693765988348293811081160725095538230637169783101703860036924491759371521360918150215735177791865055853847900840538622991115760583610490394354718957387790638788353063226334569e-41
-1.42205132485800498214414087302379186321051249241420528933798477033594443266642918483992692610917367898216451044282019272975661165250159964091908484613214135437083575682306022490045279658234395446148595411614220008996334870613224272385878104626990404034051977994048513195866908846140231089995250876502764709487e-41
1.72244776790135273107808305216447752459441405067990570410518198984169791684203534447285686588659214724961472278086073971238110250724139569854748076101018048398655573976434494043168520503391686776649800530831470550869786060281409121749471557793615824555192667419792866218227082058728708139640465525476571241223e-41
-2.084592758616146961663897056131252805234107560698467301878826350926859853853723464643382127408177474666126599045881815934299964156541950890045602939852375427869433480131319332648149740525508283985825095517053483231067389159702568285700981966672814884811785081581637920606590014525392620287859642345794894707e-41
2.48210274293215386144166294507272009994701925371348039663214284779343067544999557848936308265475150151123539025395958024588980613872484462003594567260631283613548602821764158521852222854825658605992160599938480201894974495383028187172546388891807421657756356289052443712144507908159837228611130196785339273739e-41
-2.84952718315688283815812394529926764043841253563101496371041688484145200507229284305964520885074319900805824494616761178836904285638584674627247444420131435645176382403977029344804777646190401213326274209315319317189363947466299399980888672869962739587080007958143380517324309965819934845795602470449744453998e-41
3.06811306731064367945930896789071701772282693407135151870378461136149608890700847512709617347468195655372628679867033529891850921576265727684618154528925836132580559426744917033048701055187308162981450147704197213010178738406924183999677260430724243241663282040536808060707369608106719682129592692020639543917e-41
-2.97600885666037712303811160959920756573113783006255512643766356921090529630166913671280325000283868531109952367419916939746439326430682000060427488445630389935647904595311972718268540157355193165580643759145035498295566422785893117112438270476753891244169198348338649302851474314688723355714017565716099887625e-41
2.43944709407137287929493680035628145382294144869372809373352310502321023423501532932795680536461063544670906200187765347814071455367701636878722199581026733147833465077744504968023878869304584832927906762193488313488953125579919214260801291250684868343295287686261523716132601238774047377590358496829026552568e-41
-1.50298032661863798091383537443346860676074069110409861441139325457693205822379502852461638191978309497795951206300324847126144546484582244618266560806354504626982276248787806246313604666124509391437995789427649566980765426262991710191086908014244650926050987957585688656373024137439580155565564919568401499144e-41
5.223284383176270748272238201937683021603374679900787776379517273720367076149847213014956650373985287642377361753038676301941593311229325318618687243028113520139279737868858645344945072182468508065763024228165382780469214119619517093853000406788098159518747264064573190100842092310848156195043824945891352195e-42
