19 1
1.04814230980694723920274549131832906228116815624886563130561797033702028240205458851184762579091034787087791456411875933411140433070939068472007165848623681922014080267909602117707053193581022635535524699878909671822191057604978452879093353732749243368819268596138670975260741212396234472533778213852728255703e-41
-1.58711988364640046132716748611320427461303373602674027103236738679573378083621690075031404469168465849281727716635474671149765831756339784519159111708717123045282408165557770630215900646262548042310289507760258049360741630258663641460502966509066899851518137646391338674837894478592431137737954776660448633176e-41
9.70349215979308940376283514787481353242917912116854981655367334425374731792092498553576213699464459450125220566871066972683895533664933975384219812879899224718056303454737128033025230221511493417101230042288401771672419116234406743051325531911782002809347481236218485121355048289056307488617266734881619076891e-42
-8.2896430683867765325444322505179964275302744546191637348656389367969903756197079253434946658757904307210469013837731454069365926227705665698905898034075961958337782869503141670121170938954887570386492035806677080447914786279232905157466455948999779751406541385098181425044962736827358791032585609712565414702e-42
7.95671863429475977867390340279955048385144548139895966205968971377897134453148563220639634286805402942350352565458151055978653053782651032376543519334299617839759182195330885806439578952941327069588836190653935087371620735231987782415914698586216084254221023465019064450547405220550520882913215921698675079673e-42
-8.2110076656999654162161218362469465346214249527927103096543878297344884203015214025452903081988272977164536241153687429420236391002916704051241486347349723044872604218307025425075618162752667193060113450977970873655061671799785834605832491791739337604533899589891188594187491145037769049485961762001135390684e-42
8.93827642606171630660947009945161904338316532176407894574247027873954853172554732755605076559645220949076320042939672740502200652572426268579730589116331383162645100683902811582252201140766135464480945181059998774619576792988137394207698391730893901285579086718986420876901070711104819850442560228775072415813e-42
-1.01415803198896051323918152001127717725527744284412477643805704824977506978660407865141044768749855487956667844083684338819081243364547951143454414741003740125453598908358373501529124450021381469864779673765870116586930660065447800879563276885225045367956710232454161116640456144360276497144433175041137432877e-41
1.18769610023445958693330246417505716376115657995794510456687908162981440504108469865921856411113837471845475066460889378730868062257816658614751947090877340673898262858756933804734683521430659830081780790595161479753850747692360980916600320365594540960178937553742482329190233578912060052712810826516689135919e-41
-1.42200207812735114793012091318234149516167581092309620314007921174399346129583556365342773078208708007125954683452576144572699757582283595684665034184850440407761010753879437008378468225658091414268014818526914885180238900555632384030423095011148402828421948308104459166338073651352007729971227200416280522393e-41
1.7223879693212495845909006393431472647012449841844062744803773392511635755722400498681352741757856539498255515884744544437315064708272519959515278533521454367077231446077371758203591148078032755225175572448414982057874868137259227242790487036386227928651350935341563729032400025658689858128378318346801029982e-41
-2.08452018769715743057940513671515956796590885285013608188241145042005837335014301590073507870079319360833023469707185929465716965532189941023457680950904861585051798096857560287102258061374913005176862889624136878237716985263621410945554667382986416999922613445361334626387186762092633641424665094007612762995e-41
2.48201607255143553301234171730380343354267896786606514107404465860817078803998069167119744632443596532032330860644827009663540064409919652800500728018934081995878939529784130369418598050893859726830716569600910661925489786972207760196278686468089716694734859233184715611006536970161956123028682067143983931112e-41
-2.84942735679492439015886789378147119813273287711182386128278438288438163501932675722851281669462209517846636614397200060553991804669484041892354141247863740717574454049938948785140957852334225614801282798954858468222218728991604604216734489240537929893044600890007238441819043648229090423740175841761908266637e-41
3.06800520340983568366044521347655902698587699496709065864419514110980666625318373171042670032996964812734042908482446909253987864757545697848873143333735175954061355926373232065789276050686575710091348331548331697782335690734090781755989783444191953998563565755261716808822877121302140360742582802452115834236e-41
-2.97590383449897353763818058503310267915043590492389053544381767777253528624253131913347209089917687710910842213024848123947205747304106521747170279136989777646265144651721591294057107374809930269526308697529142163755978403045187791464206295669903756340475988884755435716703050104071270010414284587582516109044e-41
2.43936065929765131981715325389791937753260617739131636412904759126177954198005180551861342361365083214286404799885254857575170120288487837247381552641074880862588930032945776335370006512323028795404671990053871774008024939930966664130694562613465959962104643117141017322290168818463533233013283987726075168099e-41
-1.50292684459654601216339913688899434749979803802291988007619398884216888191281622090241833048927554228256880311286399652298736835751282829684561449307018932396712491649862361140146808755075078698867861071400311102212199379128467461458735450398248085393577478527653052266935547985557798741524627871312528729373e-41
5.22309767587920517908101703167545731819166210536836680265710731683921071741523846666984574202312218589179090352934110108091924778698025468428410750260358170550102125246029993353380199668970996714280863562676615672293897835074822780867893836208384186565755417227998341104852515495673799735080536466968287234923e-42
