19 1
5.10272342561104668867899129614660529468055102858731689346105613860542284899866873539333517781041855952058471610102905240764655096043706728259639435490168051705167750909342527202511946360119215478678770666036462975720977370213490432181017034754889105479513319951228442072960209347605856691627331390803799797454e-32
-7.72665494245409516640771883559291740747255794411070567943536859665536666282629463371351262729844069007842133524237158168161728557058864411667185777359919026864070601054337943718733251341399639173698586454764221530794043502092927528228897656207275613503623093522928241936402470943793182060977243171200725891733e-32
4.72399995248485074587133397899701421386688701264153697165339437909431461809871497740837269091822291103887165678367581077503413019466492309669814932473115228117746663642794448168149313573723998579094940379540059197188382992095604802912745222248943389523403002156499044515599036796453354293284466946132497304365e-32
-4.03568934745770268415509748355922419514580160615239635682085375408891688568149118473387248830789180689134549866383584312272735369072893237655166335179750595762060930528032554015209006638160357387375986008836780772638300766172269978495178471192782083394528207909042870960680035479050682815521727244033219564041e-32
3.87361096790119352330327895333892914996153553988448421801288919398819311991022354729537129157701637186660944559641758453589455233481174630827477751731502356422567973032155576193662333973127807211223246570673887649418424671162166039269754077123379566990103061912248521420867787556096658893328988948473171788973e-32
-3.9974090773618499255321595689495385311567976538027208407860464517244952059938560780687686941536471070522987472459818895645539167194188260680010450949877083211623263851123039836300862275094152502102364559611806363696009077006292602066160761691566146336679914924216280884017742611382852695789183798004583802e-32
4.35147092470247686116899793001125365274561161967024418929984987990399406178421894636488180961313219661509483236004252047954512126202086140568103472083895472655372403232378382294638465604748653637127243830267878216043588076693928869566741361114409132450091461924747645149274364865643126285753271952577546781263e-32
-4.937284335121712527193251674264356944666028928920972095629091561937533542595208953570855087619496235026801469886273785695705146197363811273866585722362803564034459962045763662231833336393281224985650474791061899248996636051965218576627002557115531887448667082038841561256896288021104259084968868612048356107e-32
5.78213285593286178337864635432129607128646664056374006027011094087756108415752791807554566189922502161432816430075621948669363678441395104211058820325096171960260875225749077506818753368129933278376066133913145877954724103815945549376901802654062990253761463211642946898959253292329525926266310901175911927893e-32
-6.92282303976358512949460066351146973427928916688147061568406072502401799343796714984791267147979851582158296156057068367955608808706273901639567633791638471276666108065091081911291462088196300869676747510582194117232231594877965056178003117817894908338462801228002706874791448117993527732326807411866365555004e-32
8.38521645936391915257928614367072362473859415661344620690349382312901412863756619190678238978798917984205655964432399003851887606686987144772248327504497902805210407576463344599176513458541695423383749359422398241206218024088627551415470381455867645512806623749253437346649122288202022932472961110366535721335e-32
-1.01482165913525552575177236808606423165831188523741978070208964064013829864346607339603560454128033193924900720674122980110017649663601971241550638622463179903456911093779183632520711972868063870381404714775112996962865850098562577567741017262740683347061290669901692159823502699268376143095468698029992127726e-31
1.20833838313972140085430652573424128509084845802903100816678041776902485424678385858149825096125164579867019262573231554711365166329982552374974214626235017697524349954047635509908908849344506186117797013902918613756740757486167637876887934386278635782684827122343738617324418240701250449982266853004054313056e-31
-1.38720920703809976982215473703811593189608733109300192112731585793630466159790011188361860823101242996285827941029797269841024873222262323415945080373873347599143037089499007834458561208412405255934934349024219724968679664012234607274955745839839572751455558884361723337474833904259997050616687571020796973072e-31
1.49362264090828376134513529250878457340398983705432695880472420355266730843610470889333194418988595498792120656998923699868321731021572754477872741650943420326010573153969043648283218805569298209295399872010419660131203260522869002666725058113148135211909388419623956509813978960114029581000286568354564149535e-31
-1.44878567967095162046169230068897954933964653064979670037475352624614382382924008170109169983539326477389639272324577979151277124726773358951332724897653729840547813929276350817837133652573033579420381958910094342247228656375835416272342579744179927026121546002349848220463209577013836801255037999082932587349e-31
1.18757693529703759158463476658619870419360865094092468354116177113247651773242172660859486196443193043934671346064487577416564517560102062438862948643553614134644952711695029848960097624700459186092706383309259571794273920138743569963314240973819742243505369282296081547339486534263849471868830723121002618351e-31
-7.31684912168884088755802093903930823893719013594040042048411067097457980069019289560813202361118102285328557620077641544762358001986165633140207654487815845329302905255607740395382376322066840566436688968654318979279513560960238376638396665742626884909131198852041673485773853067611522666917893501203397830862e-32
2.54281612423405777456471135784557308617665942389128456179983510572497062196416762518573904394720111004337887720353474597019181476637201150724693925058673366827642881509076353747637293493151680461024553606352784229226154598018474041582180611999916547824803901431982088427040870811122967523451264725217998987446e-32
