19 1
1.04813064995929593879795211981151712197251231366625132117292900992606475415059248107777389781746486916641148261653568411672688378215539922240143689622579668167930509066427087681211806272696958817080580070072441248791568754834738075912869539427074584902702562448345962198198296647055541140657309499147486777597e-41
-1.58710222684846432410062715825271495004095429576759654203719267671817467136628899866735351855445422319620309668842608967734612287639681526584018273316684555312596024066319277407619667662788975836946432211908945017872435829066586903014004640191383084143863760949522745602117325261757203806165775460130498170454e-41
9.70338417112185830015903328685799773793708666371571704339488094180993702098841674366834941163315079028872440305935712844390279006839744308348847359065075393252210848483107543411377576675522279611701361773564130970023759538636106215560446479301452283195972631308230818690534781519476242622737459405016998845401e-42
-8.28955075767381822093210756780701204160770953409061667491549766947739488400030686825188198513011617322551785206093586928541399077705213231099126686539075920981610306998727283783791777955300569613001250055940778074024098444752555515691374137742920942172149271498550929951125867750221446234287401102925434724564e-42
7.9566299525138313774977968358236647458076778443316238139654244036214617505982118413194206360034739868183461244887799298578885747811112181459080012737846637605453832476560150550618690518115668421624831191563273335754838716349661860683590589578080756612366085112383898954351428734983282932993291800363920756631e-42
-8.21091604392995328200778503761743097833762544386800340953100041288415857272200704959230334348502335661634061347388164451525365181360633286874247129661319025838779777722400321470771411311417111377111590439107138185480131264851093131995512716815448635109166790371890337888581896903809638684189079632155030444615e-42
8.93817654685317045543650208348330801941404335895787462108187833833080315352935999423095397659016131816320705397414453310115757607414338997130627622745381188628635210735656139353311851661211163969990760927505444299786648910101359912014154302570751991862533151689991515288099237379073594151172863107350712027154e-42
-1.01414668023912887565437005059665580755394557346063183188065222859671941696592798043335064808074811754530408738464545943295875157263619214635267848392689204806648767267349891590391935728435732472138359834649496705173343459795792180326441776192736806905848584685855734328736323906472259163574568554291084921584e-41
1.18768277991757716333720773253554717263897480632795542202044284319090503502066587540510168229670769851429008524349594264975305057777680607802894429300725419261118066891202304902130515714070696513817207201987322390792502457469825661777820050103443733206488521784703717541241334622170796792516109626167731905386e-41
-1.42198609443892164019347346565880652053415899792191213700587104724619977459609942469073998550796673972659595253086738970122530209760279491051833101548436926457587894757795713421400433585221717541351058430564452540295788276868141890132975034973746176936834047225329734157146459339672961936956345154298099649436e-41
1.72236856090793435061135764492705332242672903225335687134868733303649555587655495425661780988759981342244516039496633960363328518036656065023691842332308890430792171100063705605666051148008237116351609013528863656226312326966912225395728713112195332973812377444378512188612775787667889376097489915381334887769e-41
-2.08449663388016547471459318331041297281091933555950072605872925237980444771522412156097737938398807910582344623736537843176737227251633666785377858728468852948282808904010486067461126691329961049013615072097075206856370029289406366913062288048206191307661605341146280831655707750566085406956572217817144347601e-41
2.48198794260884339517242969094541925374412638127574795377266335365484839496859220490683886925935261123098271615911716011151309017394797726952212259340148986289009380501537623356088035555176854481775078683275192204014560426921384973339858916484048118662557710982552057432192821810927465553062985896496639784636e-41
-2.84939495695916346954167243101555307406445226940252928304566944380880837543720581052376372685853703695138799034813014663128327786095547430117430597930863504136940594548254497608410117662263860666342159187176209228667205728937769472364999148983937248809007204898065875903659781176057707425024535554289830093479e-41
3.06797019494510590472106725720720707195606341268214616114506007367225720878967310683820506495827555962799819368232551161497184062858260510114287021886853266969385824614735748287388087881750532884396048254492030153301792190030180393305291354462396401708633974222354284662690256785812942344959228547090085015897e-41
-2.97586974840550684672137487939884298543315635138322041635109785015864100213129543389973308342677150621753724754556374748725490794478864669786846313350301316345350362455949371945190347097796090846851359141509165391399941863388936583070416863514360659608793119598595920881438911205402929576000874421744462921786e-41
2.43933260599028869856686193810441161686055857899145229608166558475786927330417709819226139542378982641179125166392677289164718397293694288887441012857880773602032447432965876288492846147234228880362484309671074622216258419000513261335055626188975566709777380116931740474670010674240287004041367646627018772403e-41
-1.50290948647841876286365015993162338557853222227221502231132157600156571477128698338398276162384875939531113624345501625381528252625151933794086106844154735176077587808632872555543257841844614234208290527980134229914527009056219140608842427450205000720758228713078417062614631128180639033382146994663545105707e-41
5.22303707829364852602039221457267004234533322863923674456738526615248600368968651254861719887479231305596673056483147516214421671151779321176703891334615611474886721786292600666847547434986553755690317169206368910659514776687027212659310981363075358987786364607585803196361743000827604077930205931045193649148e-42
