19 1
5.10268141933067425569715337523646174697956025777216611049623812134753523477560937983021905792699588518204847741776247624405735473397206545185676287693412348177079010937419176024863865147798115155538650618036404497536741407032098561348331928307762457336996626320830612874871246850141991134563922050078127166888e-32
-7.72659130947920099909235764243657329494160025844916743928743763823688015695163387893750370421200556943928240775408820401875744674249807676988037233171352888447003582206823843112313916688452434253215567422961696907150231622881614902170246754396885570167585282026705734868461499477231454060866171905693230697503e-32
4.72396096797689395005379707320059256761872197026442031301893154496959704243564413903691062025468451678960882723248805053927419350542642844640659048320388235707982292990133467068715110936588885041403871990598033501086546798797910649360167038800025517093940206106368383093625530983654841591219089630571983002975e-32
-4.03565592026224790165907146328017035546407160817163034338420579879916499888276172199469457164566406443770614670550991113231868809096406964726864662514308493509245190716181289753521559316677338523899499979910539412996693756651219984434043972994536113116220371681106514351090381993236429648002195179188816927736e-32
3.87357871275374474808043647435781047083792581233359691360807616513978375480009625488675097890076431313671432711027438349051163782323253295889826650411309350159790252372341728014161192058238084941242691809695174378528990071762584344372171433937427335677497627236252426193213087333882591246738986206139876318803e-32
-3.99737556136650840933377995002307465686347520218894943761959108321915804211290851010447550798678960213223437568226063558210123551892070795672508719912647940986480298702732478262519087824851514010481808065544299296571238465570470921840786712696382013316690610470046224568121623734897489676069361463427604452284e-32
4.35143413082402978472373777485016504516924264643331450354921434226093163259216856082049787145025292234208152768862668390380098176638099464858997158666039689812360607333404237147685823377651917825408921668213142318060446832321278097763029680633519277191407732178611028365292975461991775364255636905425227508124e-32
-4.93724217014029257206589660595583064781103651660994098178241805517536693652091018519152079214457288830433091398198560497344997387658280222688533254009326009088846646221775375317941136938791830862189683977701223414760140250160915089560163692559117991632441092347081671254744678806618035520268736129676248541681e-32
5.78208290832439414800419882204839202282703721534358776527568496406238156615705235359301153489800228898978134313337438391738709179545383687929060424236275249593100874074314809058045785383162167056733694908056784943187943598244260686803162143962485333231472766935601883299381984411224416836548926237156188811143e-32
-6.92276246535801556812550921458633076828353360444257667804171843030407008544794533705057439273963913842950812834530898748136194145004953712438011215405794520096561074316951570219397130379083231354224131622248681914083242782839635339775669280115343265609235457671739337246009384190941746279083791151286574729769e-32
8.38514203900294049714437008774636719286580185340949037405402440788257155504409213321349677654474112705425060217151391535576202962417454434622981966152577732069838578969958941715256775849933680283904360718940722564199442523005637338099924111925725924996706788000466180816472936005577849627825260672967584080812e-32
-1.01481251157774581238194774363590426346115641432026064704246368440305653392062470310111831792584575662059538261557122668938189431013609719132872068274392103028067930012730071097536941232015824377620136179622098861172935961080891588699659082449712312566595917641797285965517997710277689487532058265952825457385e-31
1.2083273071899119907875070882425276366099313380500762403497758595911060107242639825261263871149358551324212588676822421566216636091118784546655105527619004498621581727620078272196026795985184392569169672719932317160303299104854618384261788677975771308787023217914736715373811327299768574624341732331589487605e-31
-1.38719626144244561991339749200634466604694774248496842631926705458732691109511392867986448873270503912751721317573934941964824133508281075386039945720660500287860916230882186867122524708495745279526879547205841812302203721745237637994271271108907506223761983224941060764746971540541975011469389088480320094099e-31
1.49360843430775939047261185065686665461911908074751902020434045427391266605274706714603171556740781116002595826222272578184548025724684189031459641723725874484627020657071073344023539234272805093120532018795330559210399737647918664331411683276214087084901732756246231875385904663027615360907840412295673504579e-31
-1.44877162001929398488086242120731928308211979739042804735788854228967577354700100832831602784177600115768475822011148051724510432031354830828844947481518055274305078515780677615825036651381321412129205821301324683682799362629738056442359377363977607202399159880173255050139741439675771732086776725707053386e-31
1.18756516532463491922630675465813170190184807299179387335175599209397471901783728947558010183140941860531749770974620191859764589435111549940209559878499475251783989060592473434623852689465204979978677573514635088656151772167565924754445238007857738154827667882967905445444414707164803471157789350486211457319e-31
-7.31677499519116088409067213027797637046733243981793450789595919626208207224133969082204415879929956423301770290092121140649640617443296264802224535539220776441005619012499316374914303167885869276836567424716320444045023640806867327880087604589406833503349389819756360861960428796350875181545667677809776983359e-32
2.54278976923377430015596529679150854053553513336504536261696154955500856971356336977461153342293828638420385818175366087953446477901235766973202094349605608924134723835037294337143784812713701135201685740937749499240703413705701380520023630480238390745147107570262316764380648027565107970372034297166205984327e-32
