19 1
6.53028959909958693048190037421151132513944836813369351066341947723933006658044208658653234874491157985246931298000190011562063262737594206478684002637928863524381202376370242505572185808028218812138275557310923121608529740773459621261284454620892055166772055453161287901581324607918972949611529902709916297347e-38
-9.8883066175579203006422576452193866649140473261942990834630190236491190642603169902937962874101551220705353189288481905678832482445213907759100433226636635707020725658149427354051721688933561041859830108151102923138075802819425246915953571327272732734517587627186231714736116788613329422274977824871163773368e-38
6.04561192529646331829819324422920570659815974831207925439117073867719870501080285013997387295542365090875221725232442873979542876973414361252066929610825783757215527801790352348784834630695474229386036390754400781595935120343282259154648206513556910497555506986111916309443225056431990438290709482716836542594e-38
-5.16473525100308410156174498499601687241719754966070555879228874539591157780464315993086686879949310775720979700916763245544500676967924011789755694082679999104829369152404834420854434765944386830927758743727378098900947811197677679040413867717142729093762776023206305557070963462729305858221972980415607214883e-38
4.95731220952616202902147223022030619855358388355834906594952967472869453087633811488546122294194431739611518644501106792277437770217325204357782148812115289016868656142627879316319773688539018944874929782570595731390347928595743886087093859729572912168345436425582023885027479455899989642479991294045235944811e-38
-5.11574369600500335246946626401167354973316633050993649195956187148970359994255081891502254542870405823463758341218027513380924312274178058060476614758961282529440563130795828806152091730417301684418736955709370584567827912224811959113373558774251448729529419119117651383308489151676004388028975448870511036354e-38
5.56885824263163215686108900647460368381558735476801131082630719247701400366815913623417008821845660093825442847519666597058219626014874140936125350268487825013927335540913467322286608074689504825487781908604764355418976655511941674879273428987704847693031912067012339939336675614416275051901021076181283389442e-38
-6.31855963436362426690632156340984332835990884285298064550206969623922642055410536757838096121192550409918936199254609794254949258041286142437619782777351734333559912358721904978567372182290953220945656971646326916429688494408633192189224671766641038693032190513065816884882763249763929436916373789854262263522e-38
7.39976400089405034984409184985490558271569646714369324034349614132358170085690264802440433229444529059057805817085331953140205158842191821864283087768533832314928592004574069960642040278596025788057478679778842130960728346973574239071674997925844470689995983555228793233611877995857659651249824277627584110666e-38
-8.85957452714346478659476546407853509722509121021147821829768553296130980196033744506595932874932714896579881832712792394987424103360186113131656817106390161233221088453395026431952648374921025686820176286226006387569409501221964701079565003024034189924610787102113081478639154536227219914857225347020850464974e-38
1.07310872466236690995249530199374645650787759983960928986601584167517360305480139713461808368368078173746247863211959394332579345894378403663818267659747722945291991484335659301212586257395393449643536614488016636987179615726258086585897159120735377048692792804887418909451593671410789386953992719943346302986e-37
-1.29873028321918407931710310224814407464170305218141641625767373300032044077747446424635190826390947216075502604399454715319119448365875633287769111481482469728214673628552102726667447725199291274856250709515410408831125447421639808760742668513665102028056953076226391096503326209716906180801068854572065086223e-37
1.54638483650658140655309123479424773839623161946428986010432088991105859280103106974561678373734616214916949295492671445657256325666426612974273247048860155776245604717466272436699285293414288816224233930168155862614525082438892650248986659689777726905528953985974969341316682415281165348693741518192469108551e-37
-1.77529579842480274238223803923686796903329612218108589703536130466468760606030627477589762283311353784384213241023910456543052307034720655396616314596695784262786936425137725681282142695627713953611721022076284403374371652948056881160998443109028786503168590967032685863430471203579383190132199618988447495762e-37
1.91147834321105117650071578858733596957390393246638326884950185767027704350763033598261777264223085111158981807423530648487634379988985686831585658821897995801967423339862391571974026316597674439575314867962314723660550071648550569710113143185802205228584390690515738826336719499190633354317876100881805289802e-37
-1.85409656386170161680955008206799069162197384683659866543415346975911617145754045990196093737843689951597177245428778167217656255768674117720555897909910571078884925913032092261216972860412409050416959855762409236920195154085587342984981833094977561829104297747956260988144569446810351630761565052939847334973e-37
1.51981122985155500769851185018475719102190079181869112389370428769217031962922487369864108020274833416002762837926351774379811493220831795608950686602736294978478700573440000167617981279588082482162531489818214368806646248078236838761472694927288326709396000381469922731843475759229191294881736486342680363331e-37
-9.36378998752922146923552967725968586101515820210530269503446888794781647675113638123016483324268682433058466016810821019155643436232694838698090246393621114761516840482103511508644085915747826793509303777607809458904609637788254460792916720924327009792721944704121820722924208492748627716279669737809688333862e-38
3.25418449530678612770779084847537931386785511801004072714839486541723649805695045128072176673636711807840205497305139621997201687453118995500069727109295916123650794642611999216908906028449810569956714786654386340813683126910850766591682536357094261652246280714617912386907726976830425789878518580043020675999e-38
