19 1
6.53029571241831408449903749778149622503377570750531511584705101078282289883450199408305965020200587243294437190893534221817744856337279262444880110538537963783011488084198463250763573172996816926637958710699590985546697799243051352478455077612552176809570208314543533779004413935145622455129415961599820710413e-38
-9.8883158763528465208136143965599746736244554851334842064111994617215709418389086341739913455407610003000578037879373563882383633578765291651778653382583168508780413882423992539252578558362986708496178102762631884211112506522886689060253062890265271539250943792139261682981745653025323025725318975281665822734e-38
6.04561759176202145431971539923964963010159584740677007815439468026662459696830330052779208137870005926626028147658151229722639936476567042109106166480785337147795957415177719503614320824468518792516050057010375184653633860039718511499506363795786885639905414513414926499612270581536054556488149194578633237722e-38
-5.16474010064796457061988057810623245099476591704764656373634750182180976873449179224311450150077613232163943620284405915371265909259106762454235841565114583460059233130239157113449374779824510737808674191091916882513746318268461272403632210756308590272960227201887540491695017797761294948910984958548302386958e-38
4.95731687662032991043714785352441972805805157544643133780724956554294986587722120173638125519923078887194042148413658837682236742743786788952740609273334572550649920298473249288187911834629240365931081325168540632742032903459102406684782315293763681883571472293515136664626917123742357737218508010432135537356e-38
-5.1157485287433740631331756167232765446381728684530964194358801225995455350271211040105429731653797122758057832757536954842184241818538607209228134011775426547981094125414840254395986414646155571568199990975997307531524069241650657947675119850487258185776589182266704586837269117997652264556003132630478356833e-38
5.56886352558940007430736814281157653699761960134147135188423114546001238111422520159559353195025006055530404624745186437927622261727566304188517647394153863162508842882792204966552413465085342047875297220227347167811861326958466225884217799105671871754618864730613384736162569963811008205025495016150022963743e-38
-6.31856565848161822801902484363084449372270640839443218276264671874478511425283351885155749239129010461899430951284362743251234904999622247263336514810523244513832281840784523539013499744713346828817824462321367983147280090842792004672962566055560293756402892830070105326426600422254586347147240222361655550316e-38
7.3997710965169570542161204451015967067950938648287117745536265625505893146254966704176251482179062214140330282392485150336736723876770698307679052475527697747919585045742377176990357242874720237853020406350186426269482169283343007281811074754682354035030788304713349608601333545800781336949076822022124950664e-38
-8.85958307800557066315329959480285856591228048972685262353270254238152581557107926552756830023931200416827373749371468497519606231846882264326894824738088335399844901313536086869596203067911910752493446791793827882269051077291828713527355616549680315110150991777427054244654480235138468879538784408833332471349e-38
1.07310976790616546722029410407211818424942719089657224844033778681600485134636601741746626726158826537925088127409961138423317973848494451669210357610794189525272470224417979910011859650835755671927782766684549781186324230280271146833608398105831641117233063890687544115639959727838137513643196815851733210211e-37
-1.29873155590066184855498190756185741190671525072525029504191490105061183503100260358214617590444605758010442218387159253916800885395205480703879018838574975325164973327187058395815271961927686171387199064611868044688373842029946072207771991865139796111852820144916928156317974690584737268752788060788013891505e-37
1.54638636506843170534221105712757731570986954413923721603996225142610628683906452460540863808607151841766025754079323611834056324063376531417202911754771062078307499044819742174546587691518661451423532128716349994714529891802753365053948315290899228559954400331137607202097508781002295788931105853168404307854e-37
-1.77529756975169813013908963156481671755587503484466175229555263824659677058325358997515999882592602072132998495764574739560210003938984793564823300245415317629074353162760066351381713692456007963559498698486990760951546067871504249980890342195426312033041575623233261561550114989711862813394160901790171609836e-37
1.91148026962327577539553374571751001759815171272351668663496532265823717384112112563744296330956672798536303056536131217947915923771418116268637652576072711092594749895721041840487411942571670879416953619068713356283426647490795387042444216378550904013765343368700488675173223095045379109099805120279538066561e-37
-1.85409845248067917684187257268827998024989311915975904923207929401703865075482348534093177185133366762030336076930316778420050168126691228320174395095217634141119336639706150581957392706571885685776935842723427370616260291971882500099696303410245072928936504134110766405759687416851326172287756989635186641986e-37
1.51981279553793469193159160889896350118040573946362974157603290500060026526131187118657726540248605333687864094175356901164297788393177722248788831265583214698736242952783360957308093162856654879977357132193993392974560599340798804349960940559658708113730940222910083750559405958427265161273603512718920830701e-37
-9.36379974935946594245974022356742602737977592172845257943528683132414993171294614596258604938318246194423107039917712626485270128875572970846184143101141602383769511915691430994283687063039478112837909688832773153794571272607960986619832572748199804390074249563425094477182507517713971212345414585167171155031e-38
3.25418793039339042387895346820966451928110957486522073856124909307488841767403213983182843018265244358874426473091127046755665523574018294934746041975232014751802624827299650486149672335088023288327015998248425991079964215639941957547457756615694424647690762535879672933109336980255578540529445907552704456136e-38
