19 1
1.04811275384091517351349099388490487065107776351697145927421530473983842622362387484929289444246320080751600728385047293826017186934435422064628215811467465383991730075067756888671665467229596844079167719074940114079574665661983200358764021646125455118762913491445545830206258815849535929820435400426410510541e-41
-1.58707512631078591937198038044804296391947733797521531306060431131303025302954040270286366326684502911456538337074415507796891910323358278512982955818428698175897057730676478042219874585865359092216724653216384107568178600185755678791588650029539862890232652518019718493554148216164559473688634685357552705456e-41
9.7032184247158633320799525454996536845660708753552132435620574490107211874843349630719224453141335030872569099831240708501974498231757028784863727249795217297458242918519865938466981884677312692147841284238774638180830211631261864096756289404706407150463537120353129528446544231141951173252478949100534784179e-42
-8.28940907460334225751644979593960975461398335445636343219855400227850320533437578082208249980750635850121514754414232068463880459686794577962501444006877529859742475724789371789643452529942582103756472122885974297224728399848430637050262784846284768507141971965578418790786085081231825722015467094198991037807e-42
7.95649383933930174764249482889967717352795891392534445095865298001224195513774098787523965392327903765895534513032560671702189019406874555858064356029234445930510607512593688224780831499849374929641457588989755127684613730897919699485449082316800671035184287986262212721002497425456805738349824914829071050464e-42
-8.2107754183564772732084999980447860954386947776991356948536086572748535566239840179901173966367156904125908988948529792186705688869024762056466080957695803360233201334731366259997922894177353085834993311005252599838787186231711891159283456715655036226067500286491809835119682334941381359525140723521477277557e-42
8.93802324741486257022583057316966698526252956129525764040516323730371638725970958307089096225439814126920616045447923409241786853527212275088053786374180541381015414527029119154892403563704846892503930379126450283445513884558198498975431204053406173319008449547005191816286792289276543363424578031814041426914e-42
-1.01412925703216102491072914610417005285367334709139626227341766878092417742594972123257969340265086945496692595731734354948118699753116441301702424910467155124875620708282037703960889092803059349553139136279186112130040307973643675214365968275724155920605440179233133647735332435421387176109356560713198759501e-41
1.18766233527023122726806496797027426496775537655222914501098552520575499517950413986035277697633019263702072058581060692004796961527244213077346027168952150145225436984169513530884224455535177992262705530534126764095698517350867504717767597362968085562633401404503063057236828496859411801056234352151284846377e-41
-1.4219615619378549643452222060622283034599474389928620628086643620839851222936366133836236170820187559858799244926577311336856820213588013871999391371865703160712675494260183744902269538778718497200836857702799863786608060146514493593331958121227248646638283220357666243959275942321083849403055185548962512233e-41
1.72233877200026005658953704996940705557112729665829073377480718955252122076752829754204929203493559614629524570256240708732165337198934108875481859015219709248487855907425322040587305490005618573362967948675428988680772202744760931322624953682470928420531713024549560451792312482438331727611843459263813762893e-41
-2.08446048244532845729332494113053539020850677878927996180141912864234149859121195330421288354015102246914170993101947406844414958089673714122978131949338460841807060945649002802810298106089641193759395890941300981788663874164710162488301332868908098740370789177855114338442427420312317415649540550789370269817e-41
2.48194476756805577934678441236352782154408131487575129282301559266995156563112022556885574989633120450880546671643321829597808819263092758335703413798646526861176753862220648364857806667343597026292935632782557983720533196641862443344131487717076899470794339465651299836698470720023893184318458757168936521432e-41
-2.84934522834466020874115246094541440128411571792286422088710953446817134655503645881927039042524896619002948083710046576475773393812382917478109099150261385072700082974927076402748253263912077969130501381908481093564733277619220911196459450174527609630530025844502755431738947070893973683753565079034155758632e-41
3.06791646254639232042629466575247625090517199984469674841237567373548161638664400673198929135244879831448776201508706745521128603044752824511411214722521367499213942531676637203349045914998106742721337835941020056989579308485617255903827857717595085313898109284800545814225714820658719262914954921392326304653e-41
-2.97581743174924522437019175213544554672701943483029010773998358577468420849010164464448166588704155423854513384348555368502249583796959361247951594781488701799276571887375410050092493269718236919276944150621208496030019391201158572041868107015298030516483790314427017196786898561492272130305473542217100389377e-41
2.43928954873154476871054261202310137228263103648687977231773871986867498835392209397347416646000837972574783995707958062131747378475859365963370770942653476151546492182527727144316066657901567764245619465632585749747353943514948317432173931943719499715732110403658931377697226043692414328909397578420509488406e-41
-1.50288284462230914322373765320731617817869634473947821985599950308034121098509580768980875725425952472084944238342509148316876360298752431465529078807129506377320394763640496300053210071573184741294193150564424372902531422380709798298146962938546132209172091791803182577536859659312327368433320214081439124784e-41
5.22294407107321584231525145988885886858679584434144164099870201795238367825526707138614346892475275842702294193229650344482578513447411424776408141710632969603141719056484963750970168283960725655993880280708022629276964876609403533732994293710748361075360433453033293672874216463223838249017560572469782175928e-42
