19 1
1.04811391429806493702457859515385973868007070813148460850880842973359200051485924494978111027801301820649404342534321461188451156521424764626228199106857181415685094741880712138943115789182894761398929700821785160174806283157521507622957288577482089379970470539570670535853590550516902106308009110138474111927e-41
-1.58707688361992592594597871475858038520820744462690124987290853961214622352454542885784315720793973540061589745943598116428609884475221576054873054583798488156273831027878706330205423432638315459548294869419141344227177727988153614834370529976700388630080505027355388935840755215814212611274620592937812613227e-41
9.70322917238674996556852693948399486570733697990214908479071815599944825816862546853456690566545706570881045836172264970657594919203534890172222215283080250768588951058505423446105098329181996346014766689138340111515488044485719300235741684275760443079960366766856359197486901441983201736888426182485352901816e-42
-8.28941826190889796937961193820866879170700349930363720023042488539646668944164864871462843753639666848066297574443803948120551795293261639320172340647579470673946065249549259404976147398094000964206463183877042800374206562185406092949393742684940553050607152341643128582516611677468461146702672844378229713163e-42
7.95650266546905974363172530584440218573117532118112290997665083987247296050968591202715107625743093196796945224221991627814334094915847916095224780322270851196172041873378002734282059947837318876043774665519345023250814952931183660927383394588721165338728232358827272302339571305634411340930166024298922278366e-42
-8.21078453708694300572027707711583664002407561240983390854236646134825478439364486434071002925203459062941300473739075856585294007551132645237714004450830014198721755496574885939199288611096239541510502009575547068516261508310376096937087771600464684788044247432363409841379016847699058492108740113144077717416e-42
8.93803318796789178995920502371460860788555633304974265805399396688571693278652912340558642236191057229583972686619827385811016878189306616171107215682345458490788529151261122668286928284377387726988269179951107142944123227622993003212328028493510409243469613593954954026308945288690706090571139495359075724492e-42
-1.01413038682280027192498573464317558110776678258722756151461458712602110636118543115849985035549450865973451512075454528989080872680655983432232284105303651319733863828368026590479646718460767223687809889837676181425855951143001640428720277913008572340530757573482919064113349801917063547725298000245187699601e-41
1.18766366098281062771247479834429153718520205117447489372507465536631895512182106664836420141320396420055291785067109846779518368307276777309742272024359108727225535865091683961061785892259003050458013592466830795872434865135996323154089748628350128094349299202873494426114622607439443925027904325105776801792e-41
-1.42196315272268306060660533619389927079429022542704459436021152220685651196568862172029218168035491028308658208632717010584533768546030551198725817143876744652431123697626046644726636029634660662911009668952313053838397550925316267383365413321666842441339440878945642768525632628362342667845401366372185595279e-41
1.72234070363068044979305266855533548151356017981447001254644958342432862488868039397907727275989754661251012457555036670033292087406420014883342208878714540022357122373778362412797728398798028694242184222180978416651309792243223463970504367128029709015453571181654270145191048560494169180297765734875849332309e-41
-2.08446282664620794547510061271324710441585040697211111938352077454376039508073807304858077739249113127743025359018149135843516874834747080907029388397705126774708860697178709706011776215450588339634545696984341965664714476923268185012621150715279765961106473996089871485468476480568948694803501438495238726301e-41
2.48194756720588878708260063057205739997898611454677588854705092122316658198231569783510189383225838960991999390760362768332202385520173351433967207620843606332051306668231196178281038383390153563370353974563216790904260382831355372933751236331744956080401091869703796842819568521470202469393395033532857766791e-41
-2.84934845294022581248066915580697811097318697295390041292810328957189268365350115588869463701132923203031759001772431448450659005714218757140963115316942346793726422113861246163872604821286847714957435873588448843964890177476185039605205869433048910852385170292985439047632546333473078597644811260788232681013e-41
3.06791994676103633447317817395373829144657481436961489697171938743530491287466792788467292078170347074398265202714853213053612232240816101478192827625494499882891817503681989847439438831402068089919192970994833129066368089236493916361595211106929345146242083587108598715018094940246371048118694817780557585029e-41
-2.97582082415988466193282924399489080514850704236420535398303158548290450235603368125277117991478279949960062260578129420244357204678056559224764813022878884719559175176152277184951849722604026967795061160347436106934686741370110151357303273473024888503148324282713875090560483834155305681590747077012178181667e-41
2.43929234072607999047919026382690208984442325408538865077030384630453104811938075449802474296376905563861519565596051661442433133814381991108189153294766637084129745837201846913770422627704401606745168221005926034791619872848123447251242053201854884202275834418795212485855301433210610320125426274803346820274e-41
-1.50288457217936574456796447540521214956081925305108957140466718734963043519707003528583413764837031149861258295595664774198493220170337993044011889732465703232099395173454892835000374543434976695221052680555591953370212328669191199598067044102393621972036103311998663376137147928349389995259414460284076937583e-41
5.22295010200347899370419671383239844258264289693337474015619829432451282280424466103870950036295409329180318418346687329684125431450573741878111111271471273243473308300004870757196976748475669399843017541625024381802582018533989358248275774753392142217921420205611983929952772077662923234036696890623851108514e-42
