19 1
1200534870084587682048.35459290945689216526730360952937572943027004444933513795785131116070090787388229432542556669953757140566432670624259719697847749406272263919083513766255188169225330072430868804153486081488731651656027181159303926116724800508619243655479616270983508155690498067565498617270559485526967324
-1808346017225634866038.47056072046586961184237460483417620368410015359997738332503930402703371600927496207877488698757273306274820618890892948590083856387941506896559057881763347210975915971265668468146380127185487982115024594576933835415194866390038522075748766360732897761633853620820339197702297706961611948
1097117364945472100944.53839463127941422615320673259354846001773271354209355008340325607711658894332680815401629172790813251473252389341907921063578558654015872791982598155302533392036472142102663072522910308152961035224954409525484537058441049091851865924619472000509966250202680594385382415795511686327945452
-938992564121207125987.781714720383079411393451185670589352526178631190299130222261811925325032489729426782022039518008080732506821063191616979657394492369631702613335805259232328790401943865626429232204017090542240462416480818042149271684158239163776832614366397237568425177421359816850404804543522724551152227
901508168266911050052.403350337887960577512460421584158716340697584294006332911000387309825987760160229679043922352413508259455373702657772377337331941635049235582098057395933225757980066446410707383237061702555873385589908734027585342857729475508373717278608015583414137002203473062121975818689242967910282497
-939546709203135337248.827736847936919577438071140804035220007910229548768165401559655739664313514122390800863032994088537604781603947435924325230802310082794612232973041887044639457370179330890861394264574620542406985107424612931053270432368450476499068847928768156458670287840448129177613333673129140973703407
1027449834112400358399.99287821580403843135751389810019522729624831578520567728367894729036995546384582867323200094306718874895748153571463482400001822453899733803634930156012996232984836099831218652392418278704325342304367468473912952284575231907032464914327311140271328874384028079943184841089391517161369766
-1178245411384473257465.08257679817847798033107034341069242487579672390945235505688315321894771907609962680835860970989094930195634702489423051340164267024987961060663885071549639670985410169307797638527549859586017052398851291134338616518659806538425485061060966339700890794847665714866634419405418313868898144
1389139518000480813226.88980521355107437900763300440594818987555948339361541402658852556678372203829102759388657421108459291845253000573021877093860452900783783827731335463245765099746551930488335713772372885840055717289625602620447257080759079986092282364567492421368465814004215900884515021939681067022590189
-1682135750417826231046.77478748338466836542755824684712592961023054957706650092114539585055593187089262201172752039623280947677210583640826114912236713315300091358150074382797872499956789551145119861944562664494491273285952618211861752880643887955314714064020229318433188649137219518035484987517706040038083177
2058008698685159176300.17007409335933827135566976026031771219429047932870791055042536109314915206899475358506017066633441900120708442205340575274735151565617782686608345437906798826052620428137167510562064751340240052954189174889709233529758640215156216646005705757424529781169584582543077705854545786097905882
-2518392111419625126466.63023428945995410527662699715766339947694789771074582505568264696605933189846214651601228367507820998515710651411648176577567228324901614084119592333958268366785493829756182822236957497734705816399350061875185459421874855190505550017744891945905975469155663661743125482546192637428693658
3044627520409864714353.31569165218946588876721323527153562952363267464715087692834661000707406139853063097166112027650666257477334832159353511190492297609470571287325377414430883350223829520227476796779335062934177312598052095379725750838916025760873254777331139532311968618257373285465038474906362622551801486
-3528723831853225286117.38165993751162657942238627161046293707530410132045205224184502889385192022145925932089662102042998371078394397013407584583925441921637103658176641986969567473800591217034586534932095585852620244290805700804335988745026110031903257747875296951084478260258336653424115516759379231882132851
3898644093009599070194.13824620085794345488807864188539213965326485149115851971688376919525814818049117484732316814056875063054778815507940869009872187865428563111284761735880923007839049260098372561624270398001167436341403041821738393306981387294717859874472764720912132133966893975321714980587410599354782687
-3809974681456425591832.5617659121299893115641389238089045904652079369949323097470558019915752660994151971264770513234266585474075779684934544651451696045990761832228758431625233884579737724591102298017002093337204164444939402613966870192149183991794370094109767410343008088494576294814731950590437094390028236
3265797333604142195138.64761129519562987369970517759158896269734656014990237776126220211178173819319707535733356410809309960129445543608561742438685694812430133864159617634487215031180501660948636802071815021761901358115428884083775770801069055055937957049100566256270877747456793474642081668561280663330220014
-2053822191113648239089.5851552226878766312030527713072688770465179203886508287319723841634378600908266749371018007864635199827732771080307381716816490867602181164495944459445593245945228392214443076077576122477415156826434799698251888783327635474214493480610425704862299965250486001520886107280513868921554806
818572947518821662058.617611561226352720160639026359062461961691568171733733883642623933129748643188159621499562696339421913170221163991296050750693325726504719077936231215926931245565368930201361018482450421647837369681444928136558890815047085823603521192560003829695373800800878625908634657539844438151646942
