19 1
5.10265423164262016537590329962189551268489521581571131748742637285953046897016533839467271412276553837666467952564139019148756622446840381643521424935892861558227106344862769518472305736297788747900027215925859970452503702678590088217881116676311869157775416342661213747717024853426650712000674684288259488388e-32
-7.72655012438639822327037361278469139640465124075832376968993863066913161953946603093629214507303472861068143219429725935483505535590935587824530329925565746145014454800790262114036618307135977492319240855562870247449771593553117352935855641972851347371889209087972442931929456420095360561115898637800677659599e-32
4.72393573614794575568469368916979327141070686823862303610432937485190020940343937526258973500412850167421485650506518123601717134844711177477400962888151954824509380459915814488713287366511503209467899569506427403652219569426245894742409012153556713949248432760797753620876035181879074462877207186289162932853e-32
-4.03563428537867032864386997074148729842985056817010388943218981700143936430362200431484194031544355770241624254300974066205075483458707561035524886044307268079581715857346300831269135503836387669911856698473308619324547595590461615619978075248588613640602093972695378218090845724021320629312589837117236919398e-32
3.87355783658908593176159904006688655708720915300933376440588708590795276195767728387036599926308247796233516969741985673033529370222670782213277144609192144097241834900733273277114861234231050562771111090059187750947798216485241478245134049055043321030674005210658347487128853042716532933679680202423462161425e-32
-3.99735386934608764970240214074370902771177125542097460075323052776681977722122860884859130581906924323547290147412631638599317611923444633985131008774531591178291333070658702648301483639466206241971430385171595829501888029823765909115516614870701114012768789250674540475777584085084798709129088386815511980796e-32
4.35141031756538422343898703325339179848216296550543201373028481791037434697044813271332998562482924751536046391049738654971323612222752132524314034771025918323803663588467458290231091229328563944403728931341712289106152217596313070942062469378385749424630498225971734204233904084940012579332647657251200665619e-32
-4.93721488100551071534997987968126227457528687447278864330985116209892917220268292432575053735870132289140565131349467609384027056059329086967363905697483290931180354912608887878998406031668519556861275071467948112019125274214240817401739017987282791971773641368393078993844855532030070978183495381082827428243e-32
5.78205058273823920998925598659533238917838552454179929968762274396896509768412071310972954557542757389235578897354221635011597809502990667587915141809420036913252544991556657873512443965742181328492201442866071741621373678096816824175846440330857134616236337957945794675446084974117796230135527098000894227473e-32
-6.92272326283278308430748135192108915762439823875632576752011134632552723346835818174528045017538943965063492019700716776882636640470206237417375975310599944559535781580069803739909797585989093449263484778566043771618363886120767842201132787494424388159071561345145178319316727124583980528807205176858594373716e-32
8.385093876483569911545669625207262019824018027444397638388764882922655989114291809707812223905444500352538961842836443050737094023356512687057284912834176428609404185410216365357143167324328534276871448191180493447020106146277631602933355339615583925668728729194453097973458987236940748964055602905255964004e-32
-1.01480659167539026362530176356130801084012204706831821603236551871356838293360215599836022198903673177536581026311952605245444925376345893673187315244529092300227782749596900812643477531370883480263455415047152181199422618709236744559267902975825798972218757468996648900182304863236842918010278691199576331748e-31
1.2083201394567094369167763678177785062108659635816089269562659420312062883742790488572118482006568383689397184678692640524638959639014733025970209112620254110372273870794157214863315147746982577748822884807750710559390843345445998417730763986660118737538248246755368387834433299662485205796952824219931223507e-31
-1.38718788395288573189603088731794059868136894611740605002656294897350080971947781365761266813408463861152264846098054347217333906077151293103395045028821012703823556477722103138133557263518659105459155269205712627550554811292444416156187735956050439580232945886609137152963318320084439012560854092048152108879e-31
1.49359924098225974668103517475280336317901719332021159965872282378042451682966770168379815205574020193188336107458266513185823652775820144763056485107070328596869828181660715038406833799313470373135199387164661453639038493858291442967433374676564004283934297850343893345505047616801076899726680172991206771695e-31
-1.44876252199054388921228716910075128935153934216135424443763080601335329839647493618708295581747505346331590400073392678644119389586873048557453310894749959225419639758594075623993563843146011816841663450280716199926951557423061239446880308681507530119255200800308211018504347008995577056558862799062427528652e-31
1.18755754912734221129873903914463338286975127735464759793644264153262463018598110976163171983212297987834583214083994296905098752076103896946365251541748628216966626175488619883768181429310413082615057880652022151621578031230289394322895235414286928750084438303496407292493519472507225901745541768651509986562e-31
-7.31672703002046947815036404695525996768065878519960055904359602225884174013963823320385097436926656610675749666749373536005755848048957326367194482999968681274058372018006589639205295705898305094103581321823141371925247334300398000217428251069769358987764870113340073851730535255566659059726125908799705045999e-32
2.54277271606317155957021547608773015351451713467831121191559975504673322538639261888460570501030700029543908627517747924421442034423186211767450843981641641144254749716928257919706961248799698733449027921808233270322732057906532577667481203811509629922630425308400930301782938895796879553865632598488564735179e-32
