19 1
5.12196194153312926013672078075613923210870705439266180006343628663021103754578979037198491675054884247355916130430131023562521820573238651435741109063391944693545374776659300787764083111380595933214686024266162358242057417830230407875605809692943187450777574804626869192342842993337004374904506876189684545858e-32
-7.75580634111603829045366108786474011349893586473999262154996364399796297383839355104738284517530940192740419818631257642052851066438331495021553316500014771403549403450831229611284651125280369300075337989187978197662398763288790247625300847016371965295567544532573071423157795850217102029450802385121861957641e-32
4.74188402677461374462477058214149714023397927065347322424548096651603494822215634974362384071663098921875244037486389652635368928161030463456678141522758160874679333396994872370978070200436188785887895587171747834237547390101645152274175329610612749494495133603359921069139757987824208518936975649379202439701e-32
-4.05106173899995399449732430948648156119969257528641844688636421127713424755980087992109513358372194125578836756775372747553345039398098512053396797751243821584693465636161181245505536333250541336733467731402647071204661572286845649617963147123489823069561412340545132932032347867867330162319434708194045263917e-32
3.88849649168046303147378735907822918939237971558584206629054360955944138313226026593989731193762212694083302861866318836264924058374710468326193685909638401294510997002001754824028437001742943723767697553422387314669529759260252581647483524417378125445281844333720540696434790557925355457105428903492330784164e-32
-4.01294648660276224710631019023200371055851298950304489714015665538043890359793390837756360300398500206728340254484063082938100141762686715562187991258515730601972720910711145616928970515068208044160947225178160262210585638190147300608801581196980117068891334652214584118462820102138818648450082090853029974282e-32
4.36862146389399165626395115431252507121934157261162455925430362728356480133371572828319227639110089969693358784748115987874202969770844533737534511397749255812902283174487970834324158837829833029605623067085368265548564844560916606032154432147606882235998502092296637159444547661804932741702145872580391184881e-32
-4.95706389623395524695621815520937418509537928754066604971114829270974419499602444822854922358983258059890592929231549082119408907877550726782068312709829267514970853805582284698543246073241463781743433521153799501085109524169797405882601636769816722648377527165755817366600125510537734674727612912045466747024e-32
5.80573209359592759147825498511304513873329569717134791051214456609699632700023542724339168115139637969445608082733917251327462349352349894394051474646540604129160278020710477867304636121455534988748084992847849899170323714848984161153748808773007266028852384464741622603155347307334273416984278989319893602198e-32
-6.95167091025412472456101446429636358112557244378790935384702854684177598493275135654246938109142298973946797694396127189347847284783884942597416766573161550176121432459964957502939548216073469820591449085915909544420875022530483054756318865887638387764696450609520005297212081053990165423211475786699457462944e-32
8.42096395854639421200283203676745837359744197143088147218246129360469992432696522446794592126288144078316391569950591513897962633202286506216211468138859079174911819940450255888324137526303835094680802151925207887967795283498987057839412697639098187290188128705975927865855721374743165856396827188954150766589e-32
-1.01925611876949196288543655064835406865114867315644778684824836600785779585247773904045812598960247545115413012042751336136522190218160321266792327028807324811389818930859686762027285274495877606096643344353691242787356072023442276439769925672285495472603986407864343975647917953870272367485001136928586306807e-31
1.21375982660335749012079245541347991574306569449040176027398371929164728441606098010004905683462792305268831617860365224278600846173216181205566266248875989545487677983359482361086467865255612139941890810165914048858109866609956152423187595362036172285877276480058101914408140118676048673501929820473199631309e-31
-1.39361003427772115076811877744832939763939997573106944210090216855050130801483654993683051654755282966408937265733046729757222000920299437075315893171715056229701538072718196812973755793894140937646986637184963282372371643695264148978414272121976160381062093464494467478833518035172259108618270579878085864479e-31
1.50072057956304956839365441106720068673527200231834233126400481446941166191800551851274977663295019047086222961448133876027428679262233507672229444258425359528211237778810600749161912345408130290655995407871175143334074198515909946863809405937831376723891159760817971384044335588338287589047633345335413274481e-31
-1.45588571251999091497085610970407215895272801114828031029846656312348708294769621279467157346515901124431947313162738084336401314216806862805927609735003386356798047265680750404804291910604489335094517881342526671005799515665842283058379895020439697647519562886675208906806904884525180182638074583385291609145e-31
1.19358577367105942081759573634619085499778943945471095454412642998782212037354795656716107697128753791121776257659597016863834897368688097513220235640875626340141711088258881607016230229572892508355491401071743982245479934785457041086922163319210906443043861390235703837038006823229573034076350843654253461284e-31
-7.35511181171319559190713840489215111989026592896296929009422486951846327745782098928366137305044411160249582845605058967376682970393640189308254171779683909087352346114526289633850851064958499828350150783884536770397509354634478712511123976751163122482083701714232411587238191771936611565650191620049509947327e-32
2.55657187118512048598042462667399057667848679202665665084707479736753789979358252799865828420619239806695320984632911657644241274067465908869719569485042878917826042616623885843039991949280864121058855660630902847209602000872118357070299035147329761723441940921438074594221818530587062267571387016294540242885e-32
