19 1
1.04809400570133317795514210539815250036031808329547679329349794254231331722183849966850472114793840190896703582790082059460412522375377274683810571657565144352362727799782877780466783819314386441649423915434180613922070126982792684302505868553449514260507305414591602761385333852969765209271457843682675919514e-41
-1.58704673553680131765887480328883932776326830028390349261043964425278851049239658494273735105975606861413710748937464571085071126079974952953670721347767715928561337226869581897261668907459134331764724087858145210444841324205806134044831196054408892938387301883264426644587795926183925805849275963607629991404e-41
9.70304478726636568227193393664792473701012301655183312371336020338302409178624046875692121855025703412160773278798850749842731403608363497940210840087077588617692354073698805285462456097462199729933105591416597816767693050739755705411272009126911269034076779095847170343807367449595451168189846559046712960398e-42
-8.28926064615289632670621960616244656437635468233553034368074634740508724146890525954056949203807582556628710800200609161995034460596278248100348972239273740470944100934064725333759990939608132651103175821206818408556715703981191733562749751151537100587903195988267796840628611018244310409145838318963433435663e-42
7.9563512460016369315776724237711655859237152445609196045793677752601546765337360870919213614290779543100193320037590646527535417059851321323015441134638218461886399889806802831078117703918060864937042861952207434843972793697056616877436422150103058499439293173489131431698447573809889835872655065195971123995e-42
-8.21062809784469045934771029926054827249107167771563323980975233550623719031755491319514293222337811553271403119561594586227731449450769223837162437549958224402588620137648419916631280782570034433338709488340163279440486867541685815105029084849252355686090639424369673018115734588234449877444531300887501330076e-42
8.93786264973023484177898487574191669110603442054126049805005194418160112803754059257456343151862494299018023602126892719376649116270489073139115634751939436208732308057657281438509185599776842528551474629235273319692134089177021678017437534218117521116652449957339932089371305833372007424287375740141738487389e-42
-1.01411100435474640416328957330240733827335346508903533739556355057589264217727075735742670471156471272060804650974574743441417528074799403109063096872183894128409081931958398090904714981272238590326087364600200438188623697561571808683341649589584380303737669925052127037884475015680351781832825835910365952861e-41
1.18764091732337021607925855865051989133914906801690953738451297311665113850943026143509516853191843895940698073450008386685023591275443907330236033894397085928869743174080061422550159179526424303540468421103381338055929757668553139713385076567904232191821910778765977791447801687834015414891188045304667712233e-41
-1.42193586154670372080467977874609675723653268169545751357350003234949931638846798042116626702432765316993522618399285271129117224870233594215063454332673110984125633007196014174630522301691306960540300198955820011715146993646026885572073816663691662201143680104127262231118212250230308022539458353281639802234e-41
1.72230756499149213691994263649276404156040113759401761100880150383511298435714629694838926587861577787007063762113682960565258291018746179507623673550094739222454956531920234897843038274414765587134073379256372632747106690229451594582119272018879901860402577433460749488340826081891352107418574078671987059727e-41
-2.08442261005421657821629927103734884025975701095858051019382733798163570947732498209495726530089010332816760049082062977605430694467495799824158127788983606061571365869695381661774173126290837370918920862585822640600796132402958136118859937981586447096268413691190418857150038696798813590340255865467646912322e-41
2.48189953726163144373125000653870252926903440067195777868127456099706312768447857324999786751655538900525986717965356984953435897481999719121355661855683366152713545984996832202123258323708852676576222974523749038104718052425641395937739919990120025288917957261408090025411770556376683150564683644157596688933e-41
-2.84929313254785914877555168426784669490466596942844504677535297699853525677721138387266983175004854069651393984092797746996325647655092812090468039883572818016865029387858480551443137949611352330980652456790383271904713836634385222409907010678091648364783812533127421923133759171555045374245926576550279399259e-41
3.06786017243970566543651700247073949752462002035217062111146250037492113333639015158848866390010747098575113931724002609099111020831624816771020366091176993567799379972548965027147137992373041921510634449172427188593651537424360142806442418319407732992309712646251274134077558604284730592136403627925211678398e-41
-2.97576262484071165120682354216380139908959994773433685444525678558910903464970223946274199205962089318086117486972201157027399701282829041751706917130202711394148577030747970561791871985514706194486708433451966043936596921461421126688020944272867224484941707240709943182665213985638846653418232710021515950632e-41
2.43924444202129953486360744188142369805304808340292410767419678454247871633868338812559212823077725461697184867047194837049115466366094568043353875113905620565920258065504479240784674750246002009162354322175415409974889087966795596218121001960068710171566899937198377236282740756147700738544246339601255151998e-41
-1.50285493469707968132532611809700880956510911588747511402590539288678604550557065675998649666473634759867400652145446640730510228928484610121964509885118935429525768960478283054326852019709238740079217130214831094502797561165273403764862191493875091078447048900403105176767205137551694671018546198909197530805e-41
5.22284663713757371762211390378591740058045671489084504080075539361034337327057512217254119138674002306952151993015798274720172721270513281153010217296091795480618617324651208071472484721354802250944822502595992312541922692746178191841189013712443665061324202563229684754391041149430920308014912212046246674615e-42
