19 1
5.10263988628765822071393765461979856841122046597418956053471495796373434866911711158935837840408462417508433030041758490247527586461720394191522203633392040155560450717865075796847448385653422496740356075880075461733535255423906996513588187684887320819985106864354534441349688290958736890342799098247166974719e-32
-7.72652839342523479514877548821744132977711008405531452245962344251019625230307101392676665685243766601688794220230346512886497292428633921898879581677157904139240082676656460527668170403043062327338663486601793162482993725388171364499945604629105906710021016379137224104227399228687619063468980292930190123298e-32
4.72392242281017383387821669410080287526398317194264964927839359283432122923173157421078300953550937847421487505908967742850893042681716867102201538705639431670909791028029137137778879367915750326697518687088364743087460905265020868613382114538728969337632644253899901146755688638798498930676094512424503694725e-32
-4.03562286996679707178526258940751563753425529787292419189628964906476138517958628160956512544258082270581966792456195038848098659573512188546709786082190317559811417737894132487648779600966054708581762683149833094927757687072196856653370188087806875551507260751004421102898511035132801632054656803984638517722e-32
3.8735468215504511937737762281427620210306946764566898220764976488815444026787199499088519696249663165984116314638747602271365973913598430900030624689090250149549611208345825016358813558774817024367486563001851910503841146942426800642324782039629639083405014019769791287899032056648871492215137902824168425488e-32
-3.99734242389000812084629232123464963314230559270077138533702297954726697572483463570172096742574167768129269303569057230244992941318699286407221019558998233626758074348590072908724254670027597876184982364927846303566204552133527819403762979477085799122415331574272043612015981641232128512241676065399218261715e-32
4.3513977529489641237141184112617463129941384801481351387331231199429570376463941910529961458442209773018765917599371918526675324464212410507406758094038577187840134186651154110772930092863145304796697390873753223074994911013817399296229694527389915956956062505634941580268527524933462206831500829015167951213e-32
-4.93720048251306597432997564696975211707388786301317487659130449875120461659327314609234625774597182176739371489187154014835647743346692966912694770691893027944633132233743518579346661115976139296503661596708668602059900866486309654951897882184394282100968403175020463869067753742058308373454787487859734346167e-32
5.78203352701709079993199629897084641316607144914040456540267010289122519808835451576610056911873679471181696723590511727290760530333418812891265237164082435899999572529611547170964732905592002326644883615421120937589465935569250184660363702843136512271623866942404662744324257396814518954860640543681735190291e-32
-6.92270257887017187182517199656586040233378351616036189724993589874645319463870338335268994842646811999297685761571619721370242277213972267480456750992164337950900069533388475077483744925834309833438640263847728888275172528928969923252963195374444041892477373896887573837456240867796856344634154778466439576042e-32
8.38506846531989824369642192189050436165987077864798146827461571424410441855815396777216294402044559018817173386033874488653419597712453785623867044218632789003359792602735263473218181758247514390701123612775505150338600504567773170437169534056043594804899869835366553469677441838007228733479666848120696726844e-32
-1.01480346829253199619257298841525587266008505176216151817004964622896945069771858842606436632343336030898387221284463615285016889179385247411911217416283065093731199197280993409941338042001137453440672995494161625319456596548871927009080293793641732707278956635603869958380467456428540636799940469522967272772e-31
1.20831635775270014432557872218309659394419152897985250667514932944756249399560700857603424768959686008660576476828174564421461990064240832836237827796572650989887287428897489553188445478675595166144994422202948247073631970216882706541066812064146844720266156553236097528156959206116969259525327971567201871714e-31
-1.38718346403341579139075055643876401780333678742979416145843424051787081793465506916246688786391778357696723079284729693165604914596242999117362660080055260615669352695096890427698314796142231903040496404443982325306292870433781673995752384012556975733243850148646105341552203005216709843055048823773738153881e-31
1.49359439069313281189239942583521254549512013499246809291241558321957018681334691710049615555002088966130490128595617842532408164823948580987282307340168979040795122680288698991630952775735170550317989072899950392886001600712058054008923692294775463268591709753137199145601180051522431469694727474557991298409e-31
-1.44875772204147551748315548414269463031906133086420201536023208211276988688028790841327928240334152802041757127209235116411382071437587923929037201618645507548656882191650541811379266396040608945833632194556631122016395670886394991265903604243409830213161116318977961424169678074138441638500215859552523115875e-31
1.18755353101864973277067918488134849980824399523003914233057989379171098694048389314891012927844830324089603887545433654804378498849079003901147176395363357570733104748875852871850786563234070263339170053528585600709461860435130683851544254889271603590990216749869230634359964656169246128633268341358622926023e-31
-7.31670172518439521667294429488680722353703390587358030105905245084939694889879230747196864988747256407212949311248330196428741083523971928820611527467293154075656739268049898824140745488582624107314584541008956439256929110522197952457414419310939308720525604694833115425348471246470063975549624340689052277306e-32
2.5427637195005319828030328327465194680719319466898725767930724775643059365207494042813828860635171770015233192639205809797852053774529638771661313847306530250958512059255456992586198822109495909649775478975784516419621418448398397774676988460644264836040672651911561855166715604556925812770243631467099144687e-32
