19 1
6.53022558520632602160777814153323930057611023267332712798286163963179549781590770717362057000304103647095359497993161753127137944451301193498240195781698009766413822517469689454545529115554783306741239211455366407033271087729155355574802398469445870914537817033399666866586778332822402982688647713900151804371e-38
-9.88820966671040378854173049645028920422554661030732592375230557510724662605689822284734242720090895582276283994213641390391080230444169052392094204713652913903339496581062260119474815529340746656438474153520705132192363338312391514145860668666896717612008314828060254990162170334802018736103947799462198208235e-38
6.04555259054720439814699652820838604959797488917330141601128827521329703397396814000557317251493496226246088829482396037401431088519043243037099041120388382267468653672389888713346344398047120517326089295409393236831828980042535794684693788718202296209869246891571683131593091726051935954674458248987704320448e-38
-5.16468446941466371069703140478236318781219047793434164827371053810158296748710533916852175747347402985590979565238492598695557648409786417877329844935904361792113599515167168591854510066928724267794201191265406643151196684287948796066498889078125779782776342591573805285880157845017780396612859549854751498103e-38
4.95726333954561455488505553626084554047316190875719605176192237753808084331731257939583136325903259233946022035172441877110613372452386400763992773364126245828402494227061806181826530340314814876805973980686414951159150005185580597937452220642925978023722782093501983340416699538154990497995757708342543470407e-38
-5.11569309164647702668672091997917076634217563173518180652971152713837186509059477638129656567627687639263461134651951914938803327035379701218173443269197994163608981802161870377726597011427168835003297694514856389063324618929861643723007719653828108335920774129253018159281146232770788472306189328469400004162e-38
5.56880292410584289453915749158760578672919725992784715715900246845185780827085124413673183257931886598926125758537407873913413574133019559384967383110954021127087254748670116366849133869391164096514253414719518321179845787364619450475479435915199298429846256209471723049346478358421290133751886475472713189006e-38
-6.31849655525674273071124278895678921715566310203013514279842510058873571926899767862438888014320690032803618471192998646168410710695839163658312939496560298845518484120535706144880876812969597468378600281463388228516156510928279211276684754238482040438148850838603353671091647358941546088819483714785988473387e-38
7.39968970223189523610073616846803546818739130232122967775123028491585454196662716157556740066288914414628774835880770021352970788825917843486007591534927544456880443219279298658471422440385297444236547379795005665526609111864290897494700107947750099399283788693155125305479415513169958754289238749008444278943e-38
-8.85948499096143792202206445690656224771839650187269670717913817800986162196277408317546644103361129192747591863581419178655461721875530644320286693483447483362406853976377644109762059104897622590943214266600973272469311226832081016625915441702150405957131257982036798554248128829861409736766301917251291457876e-38
1.07309780089379324813368773767123553353361777680059647854414939640611799242108633910050043181883166939480306218437916175597196982542823756635349874576993910729308235074443364013885092206598230007000143064594862216034024868835197412141788505024686251890938528776159974483822344541096091516113995667240513782462e-37
-1.2987169570835173275669952802147441464825537468267039339021124807151361838324598083518603946599273769815429409411944889076088078448915949770490995103527792729976620264681014569767885180367679679608703099461772910595106885410341057030828539599651509101360925582413571789805116389267294352188567308110594962744e-37
1.54636883115653123753498369442241321979661319540541892440364298377012437443257959311627981581947100562608894326478869762748774693249827403923984926244253884376996720243973191593696972320896009888801864670148354501709400170869413482777204555785975784869049459262392593732791230070291990923825183373850575589183e-37
-1.77527725122428783346616878108408817195803206329072677405945679691787257465776838355625053224051184863769687962024063878490975750726061296847990179789884323888420647747943045996238286148980713822360062791046256589351315520408833524527645593405467794575583896776390731825348903234353158427913257816927389279234e-37
1.91145817226764099301173676217979444324479088195969890100567116587252164955793718522129203475243938751722408563528989042955186788730355192889775357232868116825572582212449482237668515545166039313627176301885159546065783299666610094206395724392519581435130527124105160990049025881961803649955661513938647728674e-37
-1.85407678876911079815275117722960449170154838392428856787300265398452219535834119612826965835928674675907435110195982754670334335603262296508564317064436659543654815119852992586171107875297050095714449222009208522229169080402648386755549944137070968145602559198532543889185793755192762888764796114791568561488e-37
1.51979483618842027431044708383583390793050789058772951797000985978883226155313407450071747536521187761056299568172977725469702576302640911115264960712973112564061810398287773685685523216780019985029552977358510327597615638760204111440913764940167510973507930251044950988144381164089467635361317746759805405415e-37
-9.36368777611020615557446396812505152814884547543223942644799627376092042383077716613187410567718850432438411317993075547396558064030403544358941815767949110293191751456390500732044789763131706898237423508810030534539078502687788413145707288202171766150845404404839309945825302204188046930226155511788695094993e-38
3.25414852843408813354179997460557779885102496768239927179862934088009888482443692397480407210607039569163603900484472744830061529955005451163682207848774254479522390353716795429715237486574371428868398681539223019623421616278467277428673275617004800867154450536286104693512395400440555490137762878512891609608e-38
