19 1
1199933369178430574155.32741284248273814918453135568560700045982036265055049862768274852674797826020260795675135766142378188807614442389829845751337659634971137232111190550470444711565490091284021339873464438437822327713211461146403221347633105589604657432070064890020957268813248563845130786027051951348749492
-1807378748348500111978.06718036181711370308072229606575018796360448901505378192171004841950497372392157244097842725001120561154847583691023444433107829165973717637849483854847871009294411529288029941141279542837401632825306844582348041586408642752437340976116678915539032914338071836081750279413786459273240607
1096618500825631990016.62387266881348026544821974900683755900771167331899451323677590399376136831211021379279176375787571806096061280204177173383194904518758061756898674496587198506695228714800907160459996544188710033939557093092389128892860393347699829851411701964351687901283354953139841040241321489604133129
-938464241919479979936.828160303391970832001389672863455562940101877573954668872375897079822047695784182232448575190865741142228116288603143604361103529578600731256216642041801757161594221263226206939681558573846280999472489106986128747367152425119344365560524591637834751679385532721763632597270116418332422219
901112511878996168194.323428061716560578245340287558052919604505316660001182900823019519619074954995294468587739374805938785828091721976057708463310412446618393481203360213868834674797662554316102399266285371679829608745688107392268177234185045077666077185167487371913677999631905939106298246459756304133439295
-939054948028797109101.963992165486987646513632912816088020587744253230171927253130273050899780481324262168346409881346779212920717965693075744611287799954888148435339504781461272196242784297792219220817090512842335147737093092765666846817030392295305980453626396268615478776215182883009434030305448144372258483
1026985765517883289121.13940515051614828849414969027953932555058352931685442075821233511401987636550421729549320160617658360501625294683791565970003275513881336044621481635328505875616987150152729818496229761443748281113761062191832926451754253722239603542144377226509165648643634733395451847982327270342856384
-1177672900160903266662.80311992029420942355647754265872728111249325028631631178250337493189590066881490120378816402207240310719265060648650044814398821420074273546193537454117006412543248635167259462277697545570607965194144272389840083292416547579116430775566760161122973820212586837602678811283625018164319105
1388516570301170801073.36613939882822867351568457156062325734171133281534012491800765567453054589437198578719521193945297240684620067945860338782963896236778645462514018833684370655467397233916913964629677612307325483788685094418685153069345833454920277774089683580937515644957956701143882624703006391393516542
-1681360883150510250134.63940362565881994928023118291304724144515413004672409902930146271242341394121878433836043069556281316901315940624656024247921014822460290866365189517570454946657596884900175465640572178044398075817606362677277099931776338889972554690349194259984273038839003501888526486437985418515770661
2057099593637710383588.46607622559675624048005801155007995212993862121712585871454804277271194903312331712777433986195269451328472731014354608891657384359178772081608345185957823560570644229589149715032839956352952780346967772948098869116650011467010862439475959004909018232420795714004987561774049314021750227
-2517264231434698212273.92269528922602477434399106151422396538610440899012999595991317005872679888291864983232651000845728545158170149731047471101165471013908737230682912821328531658714372412053391891507011726222491515606121940481915362600800726494665089199296090342174678586280637655045278799360253088251983135
3043306449787847887938.4925743846888867495232984379400912610059567578110110760866973835255350219736653288575585214968535799830751793073556139385912440664765582977201928451604440979203877607910987856470792436816150920693097416416475849126220907476646770386445634128231937512954298363857105784919153439124268098
-3527179457901501648355.11762572132885182268257397132796717928722925275637470770072684110419906418169065996883382742509876889673542827641160500257093683960977621702958227559087092100256820183243886452481907535036430316676328054760733104167057705225115630475379755361895456831357492947066989799940726273870673388
3896974180278080571007.12861314112900032788723672739910145919393545278040111039527791207184042490665158786682900169150237391482518129005166968465829244221130001271548423664265051534501190471286147232766369128907174659794719211450275329784299825195343927370257199668161569386020803194281581938511575131192115185
-3808345175917688670412.06849704527656350253198096992147423698592532511293026615749843858761906444494878883647339036372680969757042384948404875958439280172545319658918589360059994870434518785221341507776257269532565109106856622294532773444036646442661394254497649175357376725930184055857595412187836330534532506
3264448419270111571696.40857408313777650208294848238356052428374194947509663056323101509469832111415248012171972380732476401064738362398787415899993858999409306939509195959308787184457497714347359000088730677724976901476400364888334870589568464486491719298727298976991201687555277715592194846741622694709902943
-2052987055206821032219.64280688512077766152514959109937131177518884692569011723933188722962877241268634539519896735443324938779414530085024092362939123984438758886265523270927202738769612820850827016774391630177340386490737423403664186766093967104371114262690689221659000402151930705818520419892186333258704274
818278302713295492266.95249576807477684830384820041065467954985899917322272448920429761910690541525792584441738298452363080807630770979981401254284128753617583324599730698345941724728075548426361455903468891318794238352156422035982895114883287060216220919745713698737083081886062886646230161920820227222719318
