19 1
1.04808725624242375120411216463612914768139485013396406574275720400252578672694559600364888495216487988396205135824625004799053819957065572812609560362854534002324083246389197146145208830544135362511089401976739920858282524233774006598807761343001191393759973364397489220358063978635583446247154390573483613336e-41
-1.58703651466348845211391806034004111324876525277887344265661668472891542255037298329034438834092847471306491907108840273638502986048971277461781855947498081952552738151877685914454142961796593768322613679860178577542066785737171494044389669653297080614412376134431937050175928924513420075100759229499533644367e-41
9.70298227659861994480222488184860523506145255802877441082445326981829066381418921820818065849924698129459829411969831446673664809893879397842429599375494951115680913843561708982741035803961833554579526092678173404021934174003001249571335547461636008463358894035309351562820112919151872673141236344473120605928e-42
-8.28920721090424658322781792901803474576882405161392722191308348415846073299934118787359129997959823795146281353347246083807212337078891156710167032023414776962430301528402003390250152852364631267888705244207124935619403069494016757791012793301568652801185236979283292483482175548752091923191142728259895546472e-42
7.95629991144322365097286636458323314338621335334799347905161345475834593129412768029322575050489244876801613279184910829124733262531758260034471351304510653176311828424756763584550851708350124379383678114918384840941813927394226815399431639827000614139859763818213186984298657555232027214256587978280507157808e-42
-8.21057506148545505500988506859935813591858699009740652576324578713600471686688673511054761665411102897900527992595216056485922471946988456703873607684426215969427166450211343957967739931350587231504215125468621270948059058292235705203707367435307071055939637755493839839025982378825144284592548348891847671168e-42
8.93780483351916522212807295514083571607891953200243033273543201386454015082590667827586433966254038410408173717730144443163126764221213317085301977784582266944031393698000392267215951077935333329219990232614871703722948895594209340689463798000934895568161700062455987065788854162701804646775931530475832057397e-42
-1.01410443327461836104225542188632742591959461300785011693943643387920661121144456687848886505016123876446476349799997835676417495341523047620989371411152914179611410784149002065875236800980895761524505721470094596175262180001525721404121682513944105991101365294006648708022951410448836310674865054980113352231e-41
1.1876332067294279714527481838520319120406597327792283123628504010921440957589807860066711805621159191409642977791977112300990439260620199173307736297961215281748224873249831167677548711231148792937667814272599323123096365535896980915059246995354831327043981885195810527974346065555782131148476744840203119345e-41
-1.42192660925076747309824227807450368093120137888299712860403381634159220144764383770731413239562797581614202721663320411353603808834306768565462381977278792887956600193148597949371635030338708799541766848276612246858378000772481591597606913274507341522152150940315158434283452885497512774817489451238605577531e-41
1.72229633028616270394981344345283489368222874299926112918135406256090952944745190436878876919641356592756846598241958775399705250969754713618122267901869686574252339793623450416799661201978104173814807022541710884075730321946833162936667316960749099164241606684622276151267103944541724675615763276320017147341e-41
-2.08440897578062261806986450323837120538158776408061343551243867150594403032833758176339925819368493325780378576316964979952529977005619006670566593269765794872061879712666790087944265751816095210054068973626566563778685384289679532579620142766041471842994252633929958769359731247421226150166863011782730057015e-41
2.48188325410800616270195931895375170660403566452317998801561288337082463124924569028608405921764476812924886648576676548582025847956316272878821846276470888687221680092879392102492791129305985309569324321449332996199546295328158375794707911498835589214832554327785568378069443106888606030409149785196922933873e-41
-2.84927437779428292898859687688378078661629681574338363831737689003549160462061826781684837805190562561386366915746764194374402065579296878059610517222565103484305940961217388092718380248895131916893113407907596472597037396053000932056540338510706691716302848865311596621370764433074967162405818828428418115155e-41
3.06783990772882191762425782879534936563498177114585455525669141260249906023449808790183993184908455103581021191943434178584257234863285549779704840856132004158415820137623415908113543350175219434967770141029240651011776112923156117904890440739572390924708849773465721732670582368390775901053490416827397803455e-41
-2.97574289410472973098968391902812022873564955556064557696002605811788601423805013800352620177468220106368798080827876154679794080081976933840768517308140114079591756036018912966286350514533903022152914086438183644651418098065731105624385745879609588888786389871465776269244026856289724091653030406372943297674e-41
2.4392282034151142061703787738001211638490472877150364423250958605517182884187085869640696701186235178461325511305083887315135991547853622361609516193774709711126131885189539245959295048015229039338514843628149300310054834013767519308593653727720043522813751719778394984823128532748634766031565730149644433527e-41
-1.50284488701554146298630783972141944324154696633735392835907683751201290354137823063010371470318612980648186633829015252627077332079456881673586504117098567068776372625582741084989505600154149212236442085664050830463996623916691201769520664091932297739331527804218574524411240468869269359092371949256647808313e-41
5.22281156057681119986833724433132644870427682294583315455372591199361167286385445500272615017231747633172811274344886841017383232510297453428075129049174266304893123633964565613852997359494417642287778719283582979574559808961911493056329706021045420162643341567191140804020325733608697596181575212279982252188e-42
