19 1
1199319921892046114485.68301432953196380182213598371993335169627348034061520524004980934076593519954603813986284046814517557457867935942297102666425283943228741987504734336253116364436080851682071205483420334577098348810399160601524556728649714852107688879036949492484877626267259902776288914684191317991803376
-1806391297838405772899.37393499683799482988710284744011574920050319432311984471272707367031383219098921563147199431159969296865531903536113714928346824564458332670964680791262132479871311763680144604904073582086743392725414985287182503374922198397893657876174628549721975760502237625632932308327771988771899556
1096111214377286629886.77002473601019607889782067895617336067534767377803748923283865276943661212529318399762625861000062198136486075120196916054336750275774721390445947906136926774090101870471856310944325899242915485230943535651605043705674551171787939894370702190920829270451966798067218337287158974669860481
-937925354649326480508.110770772056818524053247556328153353212757083615738979965719059847550528538937649984831031563128801336626602103691329886574888012740394781274127148272167418902627964952415766450763918030930158484800062640397631987076028638363810137004257100067897673863625071011204769800194308957293378627
900708545512195750231.321105776598028278779582954601236747769852050142555800371882733729722374084948362693020290308122016869621714799786885375059706384310536624017402039580274666760614344907949670562191893915667241337820756666866333376375160185914421960691004347851506280957899140669090513463244059467878637763
-938554803739525017122.912247740236759588859076272968781468687194873951465573088994435480297309735910930413664158973575849476475605812124506856883158099652542342741013690590446248986377254026740723477941510336849619879434039729504610779292792660655290103177714845366261378966167534670334352802130916127726887527
1026512610587706624084.11138763070549782075358603517880431336012588217413806351823204508942920561690505656789390133499127046719860589345458506442401916950532499505622171085356361541025256659395666713155150096027278133662084030326415476096254432854860458881773948799836275447242860582296762447983746027726724986
-1177090962131429901088.06420265909117496514769375415218227606237626840722899334519197842091538086951749313899217129590003317098258291768913820300795144779629842341742788905533702797635173738909152539699807485725092602538335520112290708516901229586849983443485636382965452537542114271999965712102155518686883303
1387882720829632366379.61991240835644482183876238772340979294178682723984405048315960046375520419151814002927155466374710072636712698686096782802172106416223925461160082632203246333457791576046915168106232547977921656859818378537939670777000256315224155219986531136702170349026552056221132573191681820636831885
-1680573793199204057298.77362968208499259629427296207356797728126510010424115815262026601475526851476632835466823487587366333883406731542876394290939692833776454521481784413208228820221113842852370507786992895039583326876557874850944388519965229643110557095259790426792281339739644674671146176909422110034245152
2056175319552627622920.23286284314837007357798496499441520544189295565308192842723681766026880123247569300316647649828560562657817076762121963913252212082028233602604932274459345198770829810913361807630447262415970159302361121677179938955308060449717925236363574485586513245617421199403359824732130468900018917
-2516119416238229299825.61417673339294479530612248288646844263177610050424513254582016139960277843279452669065469062796938628634207458616274806791435736075208219981248170065301151127312834333289215448500160767523985135453844373440734390816730487902727174280458361594423282608816799330099335322650006053037277353
3041964030764053627655.28814082748141985482768967700655151588255984740956207465928820707935729465348569545435987817766795111071157385822430615674179965357201099653399709021153581652439139603444543856757064900126239987907172936939907826831400642721420723032817556817190936022476581303378621812742496115957672222
-3525613148252035213252.88429050668241666409294380234776308339805843673986190101051212756826758993387254645576199724630390235578719697295547593201981033672677015217060869727639268443456024665695045411711292455220549858409356895377375230312965311799290552339007486605847696181920531977905459313430007872228072479
3895278994335270223615.65673731977650222450079409457830507209690981121583251111807371818808993032488633156770382205529672433349112284102200537819893400691680304670515691936010139035977688440614807366194608763216815796708757767416620119108096252206124002421262644347563835402907935027636685272969846003430105521
-3806692786414773857938.03960829016940781521821584744639234400676576106420121298669712996014346583351060224181682651452376695821761109023816833933664356980992253051023856482921910174246391403169362115553859106370499512865819594940008438927510998715070781136668248669831167584310351410388816862069117314370747426
3263080660663113285286.61796038506516918090490346069522130179474210172715373819169421155021380278047934986141071580665721265642120521591399646475803194274469555526139870298387840424906412672199224096857955486461429041284467261156762535733910986901440181906740290379225283877339142262112555629574928199566934681
-2052140473940729600084.05007806321320245492477808264195112687704879332430598854972238327723842197543662614165811767200646740727635345822365173400278321801100406462886650662020062752013947654823803778874782883308538194834659064537587201438826649781823029358069546896897949947614281889611914442704844756295246563
817979802747768672797.124782372175205849189329205226023769708692656253257560694132378127357548700331479981986859667831663536207892317440712129205522282799169233222518565614565482296314267633455227562252354851391214072338102666375297839744125447172823247009051821967854758780929569511064319244255131865011430214
