19 1
5.10261541059118117468638906130297116819224323494376143869474999083578492044836115558858885273536145128470215936556806800066245664901585530586910893396432793039877419490130353347740229307431445438666608637084319337108785887673141719182165842700124509658106202446904882437512399335473183899089062520779029323213e-32
-7.72649131659720540979021210732572088550989862784447300391924706524171855969153821116395742807446470304951203081579598680454710273286184891814506961444700489577581860595927987214255174868806357294947374395958140618580404991377979279617483736727957959671232931815615876609656174472055030721601379422805482341208e-32
4.72389970795490446527337498170974392162881057444490887891938605267686727861159941257170542908806631851358355597480045113582513957560396643302422578966320089052642732729013233062586607326793937337518401923451850341990711868760700501908975383595083809056937127349875683843780875607171513502245464183400174111929e-32
-4.03560339335039667777151360302540512454920209587212632013653961381988830508487956452397432378060457779796712551985940910443129619042505909814595195169105093423459205921869734466209467984773561020241566185492645584424559051054826666899685798909917783569869250652914399039098749781082747346630649733038555480065e-32
3.87352802810632333727244570416421864680060980603254815020493152228430680040917190293976782344621868489260223893981213912729540842725548335342626406108968848603033933646390738709651921451072166843537489298471873646551539662069002641036705054279896146365710256603661457402871155172131115516699390159009310521393e-32
-3.99732289617523327976294492162851576947323162912495105166799848477287535065841805253183445904021857622212234721961446500172931651884527574117707309640243956578099533362901181562886635484803753571405412548821276198869486555354898336437158628908472051432986821764841792152789602354688722375460397334255260438949e-32
4.35137631589600244388486396129878703238742135381650637541027113073062126312170178445309430245543644467668877530499486059675165176426634970764940246207178936612028637746317251850558975374052257720404846876161961672674116030074630102644946316794420937053417227839006608358192399163320584996044445411123068193774e-32
-4.93717591676599577793851322793941930434496598244825250138661636433661239885989655281641379067657426264738280143773593378314100892556223124925865537189785023592769844613619989758871956623970702615152471130210950202262269737483833192005061691879110638630481656909034711264567926080240008997353970565052416469376e-32
5.78200442790396403942797328812148338624281121382246940596047005667225159973894387665342369378129510385596716053603657276209416208862215889733257097628357516018419609086869341522759069652776168854001165029803384989487644883611856074945096592368642052182777085836796553987403529922728873488287197762920013030966e-32
-6.92266728983731383747016024281832787144578727673230061385889696878063720670962472139788519652550262509591855823975806383696150393048224341780079752675102404270834043243196047709116860612754325246777348481021971613953174002558218052864530680489721161687915471075409968993342977449478383856106071653781391357553e-32
8.38502511157934098815118137068641237300870610514308572166659085708040565992795645220729541260360304977140894165659844553725688232406138094752377920687396340750955035614004193221574381307102925714055535974961643618538455096577703003029464680781550365901988669472418928983243146444108756910874732042006543705721e-32
-1.01479813957197985570779738162095309479316387643277999660245745419606953355970288101885433390769817866693130778802078625494389058312016093660699915086623169938403491124693863748782182891866386329288512739534452528318585490076772769919626122400393182261459747700224270115141069525430416511093117974823076280995e-31
1.20830990595584391369989828690115789571342151539473800421886657976846995190139569954717543670166529335012365384645750574986306736583328254831980218875839404470940141916167346007843988017678711081461090140362771213083385409185389582315659292093228195248314301078030869669710164283945456055283921127099839104325e-31
-1.38717592348918618265094460137458460774631879162201330764761583212065600833542937021618571487111644061761991185545791064212752724541383220230074589998044807301181727700383707180659254305802303684141571026429299505229334093704777312121787021189717016565317430214523827182942019622198749169213820790165068097537e-31
1.49358611601830943282181944250917537652446232389973843309877962414677063914008152533224679389271119484982040846760399725678844013820218995537684443112913837426864990727153877506776380112930071028481629368783671091097024843130457699650889577977083722991169614027864857289802984164221358707114059215335261214051e-31
-1.44874953334581768266347160764775042715049457754889248041818135380248597030235863824512157155004486420223218689313360979300808782354733838918755318097234046783814520142037955635397927011774896658774930257755675030929332137861453846946684002321281621573385569901477053957294102893116540861047359001152633839329e-31
1.18754667622438409981452810746069571705789313024100644574385861588744389180694627036722168780080669227716549486225371212719589824585990759676537645000906929865224470229791414053244262365871836653587437508414874001940058817571353937786120722762343596894641640654487985345773382638462909130950337395934053354938e-31
-7.31665855630308489267117435211933984592445122851330120743034126893364189095783576145718487459091987757894699753742197341225062982030182626462558549716231300991529650159304717303191019386214576971190422336038116222702347185426751667162824068154416991147626925115516334557473874756566811148440951204836724849193e-32
2.54274837197719993813198082569218152965360292232981107951097913453993198104232887822031199182102272295606070726036900036388807995005279128121350191575081968983758183780304138510549715327038802738162498817784031269874024031450608740382092695286960862209127343558634036396268598082957071741477217497253726078074e-32
