19 1
1.04808311995514469642249385112796199915742330304193181190183054298638550345287305377442390578078136029064929869243040129139941486780430612334205618909493549670248283052784388544037760151456622685877377362619397736213213171737630008193780394406405191325348723820322884169325064472112901551438936791720846911568e-41
-1.58703025098093871335672345664616296075191958933264464078667246111070442828753009962380698440724776127879865041912016399092643051109309593906896215140625440275450490225943309153957191498766584260921977076715125637730992506683879332407662718686438506731940067141968634324748015875143907730431673690173320624656e-41
9.70294396803592906899317514383820463525402558910987669020972272730397592807521460762471881648963456074120594529405014156612843118783351564399504898315450400081809163333335617107979197386571658670604908448071064798910187565245371308424210638750829532590608876961934536211417427077689260162139582277163945359509e-42
-8.28917446405434933107311932604317138130353315599698326572042636285740807472150150985318782525424206177142157801191560043942221323089846399407144576880562507539665765932779008315735808189442095926298485140893281150565936598935377482406840371035067936233249358556619139611806935967288166375317019936876260823742e-42
7.95626845196693819071976052663089815277953754210930119959483611459951306882278676067299819295228080508909675758131812403049803919611670347919737149144009244639011470386388297017032596791293532098498540490178389339917489774466897775975035129198278392829004820635347818067943968558765568398991749776687479975271e-42
-8.21054255909419671293604841209005750527418618588195773733900897471737670445812859890783527076349404102815853508091817942500734214565112322729389600084213294893772089581335313268891249404798216253590650266767809505801980609535544915418235223444358514526237790219964264746118458136541682250028611248313823331501e-42
8.93776940188535439951700309324300256124366235499540941701448571938991486692042619561115657720873944118726350915641634895492684676168080102702771349003886804170848053259487837064377145077555748574728551106286900342295488943274038968258916462496364491504078575763234228086483866234769868949426361277324024509337e-42
-1.01410040630600314774418828493248935134788459113178325879565251240821011168239122193884563351707831629316632330817506278539893862028763580832384151713041998069451600422218030815238596712503823121290735088280810635541412434685729259275217309260667444599934318932416063662218645433806630737914441089004004798477e-41
1.18762848143108556175353852889117545415050324757346499909809812687352218728497125937979110372606264332075143460179357526424533502648977005977144303487430938062946351504063436657955248009895581193966925527763197898063856457966825672935955535549203780963122378248746521534580861240077381788107410242566432582446e-41
-1.42192093914937780195515676620886044372959484923363296717136830270518475521664553973915318817223490444283767299412484710435726508368367295703292526736703120860050998104081726621294510535896941597395768986598882433345889957414346558073692166075888298414707598010667387182744355895699335666152366174588760043926e-41
1.72228944530283326651460568457524493313358083846569127400170410340554863742243540661911630745489089603398564096595576774092698377114307071472699049378826215897148077148730416735649648220361004573297034344763007751228624866865261389770479620379620649933015513722378454782938172543763767697169779769407329127614e-41
-2.08440062026802042637078839896353692851648382385767358380911981861773659978049600253796153263255165495953149797861014844748904497550116989841653488052676964869674379348857345649871129049660766999711516126735916261917461514108162796970252263599651702680018692984130724308032685732974847891074633384199340595096e-41
2.4818732752810703738359547781602788904434849871106547735247952078166983212792181507918511079241540033334075917016213568085972807251138365978088637385967477684210503741655978133981193791307952679747928272986851826241546780038414455035575812587767195753901762023725174937911764280610524218626346955231927600586e-41
-2.84926288429697276359079122487922728121093873765097789517215012020422722766589446648100553154370274230508628939987187865188953623571508287846360775835657285161742726960909280387074070865051734702492140646224221776228972825518040848305031424685738093533805031536132370344228935833944790637266869979332580370545e-41
3.067827488886757237769188357793515923334413744297498347379992323296140717420133734159513959663638434543818697298220724619005487686223308634036093775360256690408588341399424454339225261078533290091948621965409130901099910965555862619364662976215939188948024758452759949749549429640356094820795712579111330233e-41
-2.97573080250331346495802735235563197292288819809207900342842646067204644333351384205165131234198272474860250835074810304369787250985660506621830462792021230829206914457174076645721458473191503636767891466544740577941565245944396109791494660537473521800429949828130819360241565911309729035629943586202099483375e-41
2.43921825190193327295037512212917617968824201193160916837983334820457280796599615822137568889272598167316566801523567896727120489502906516867301010176559471908487181871092016698307229430560333248952941251179206336954310518473814577654805822859503533057335667076366579636449921217813972427811712206391387226607e-41
-1.50283872949229110977563277269666420196282108155990906010012022622394021342414942922650444589842002358061636925977363250942390224929045312452880659686493820724273286395429333149287685388157532679943054379344306576354063084567126064692152608249145097099392224867648814649522149553793285622860068816087302979221e-41
5.22279006460819985155199230253236745881105128009545539441458192207982717725245088138607119957691214240067246137830908722831545465678443911006142021850189927645260424822638936011665339489111968211581756901522870640827050282114922324556804317699573122000570380288190053023324867903861139655792813358106326080464e-42
