19 1
6.53019361085791843172665587253399391500749310346038539865731769648826642153509022870975084397210051075569542393070270502737346629418842645156628756221090692863157774856909148834906596475465293263272843453784909809973327003068507814505815036854476264163962134172617541824011228508875602938925710917993032878789e-38
-9.88816124066634992298855396795845751933839714206770774452943887657002992833244604979752244750252965894170420454123458990108620865605510381730113328176197149818414041364684757349979515972686476070096765626679295562657579859921596840226553336932635200907567812601077959315184540853407754002898153282839604245851e-38
6.04552295342020060652019102282444975418038729334293511906932331626066745698590276717549616747135549188869005189923773303339469094532672068787365129693801776789328508733414204341476784022566396123246842619721434379972090438416303380131605254832103689252252178222005274890958241687809669891116378564261762150165e-38
-5.16465910454906394113516501799907785239449629381817627898640725142941521655289037889199615605405843640918817486200565273916476240778318844877326848778683038298381263600536709239188530016117032585916902815087192660657379861643787427031320950888595107350595109353377864692436621850937890066181490741158522519465e-38
4.95723892956493858774330859169093266444207646117140049180462479024209000571535486993717154896976881169135911030388105338974556954507153625914654970258440771823192000621352706093179471955642900771095131520133734971091848435810513607167097140704146830057681915387748868890105375122992722541329985079554184487317e-38
-5.11566781544117491590804594541721844104757061364333148295689751391447659648156170693992733437801175004821870969660351528785321996522533981806841915638537064598977076371071170043492114334824741789013010314628998335019817199524711766211183200087767989093732859504414833305391151906149403320800745327859979512652e-38
5.568775293339493173487627829077152708210936512287022060642228678293544854420476481451538651523494786578208895568554628142744127887683131406360089910303297790072496915133063014226773424056742402736755549302770805518643941476191317304882698344698959956877220849324323492394657527973630059515537659771752921329e-38
-6.31846504833606860529210012560917232238276879475904476748388228853852479246085648003579158757303799165288594322806633854081354382288536619045929172508436864386855253574695421448798903566570127618074536840255217562459041513001223971563487345110594221672840367337985060956696781362110531402714397172252583448434e-38
7.39965259152503917351443922216867614764133179758870303706587214319577900487952611459567998239564539379479960713232349872765825164425028968324054484774571398975262770715771369014241158140756242898884700015181334799916487337315549653196650202819825603321389108520440808579391780644564622388552613163266401563122e-38
-8.85944026966960128580042914726756581982126304991828706666513273392376254396869039056871351964717237263480746730016287550630189700918729047206956805331520024747317263737814825105229934931151328804053246057017310914785788481797082022344367079045537233518291547495632363146493828550188931517701868653797536882294e-38
1.07309234475343811635973805580231650012661424131136402685081069862649331640845997323949113980876921705977627274554222564301162385101518331865839267648600911399652869305025965795324627784955920243361373094792570202078356854698305387500096996576887242413128146271215676392475252942960272932937294431337390165575e-37
-1.29871030106844483528459708560338260307605132900644349986100259735481817029748159190817602132994594362025602513807234464424975886364115379255983744024524581740337278291320811502892673422604749225534676703167395001781052254669013609356998428146308188762475725010211663040350944707131147255521371745148068480208e-37
1.54636083701139424053269157621406086160390154178926364423395119601543558932978210650028787434535506830818855478447160571027099468499877969844557471440885843487579659040897177624038585736833944394823448561343308603535397798944673534464587657978385298803258602576757567244753350123305130602179086929487353814724e-37
-1.77526798758194413090458559088582299179437603269481419767749190840787388917409313653354374281844098383359372955811533113703062695341805273725842629113367611316592941541085744050992235404187132441996022289711939874811204491898939771847857286615199745506134668114117214635610479838541846575092306924779517258296e-37
1.91144809771033611184982235994579175124511199935084279817475123129789709736345762279071405040645966450666976589416249626105653539609326258158312167667014017291962454022803102852198526740827861029903102865783204004221888026572458599876920298011286535332586815943060447909896300282757596046856785905876179733886e-37
-1.85406691201056346158804684865922490179465369489005699356228544616946806104403864704820902085075198540965935828073260345173200570018006774230808913925400748849042292624317999708883158815058604513151378658908922516677406909709345257392870993256056459756472441716389620625284913361497278573032514618160646710887e-37
1.51978664837598986849050181621232471735005354577810789603777107160516196349141288574595717424014082320951277990853382383736419523022343269210683016098042440311419796920893128180919467261436619723836273367462695262746461266005449892206875618660869755427148732048865286611668614812388756962064251490926139587987e-37
-9.36363672712727583634837950508485660892840982121315475244936963410119763273984375875024233800342931113614490606502385559465197838794891098649564448574880619592021114634551980572189511953459536164408624700276250833825840321330817543887036949627490223561684264092729961105357104453634022288732352797941998234517e-38
3.25413056513930645169930409711861964155545350899236741755533448765877138657167562432159504199981565536621083362891887457898374426207336061609618128231902583625654366034479490012084675637990330759207195831865774600262479077456052704555689379791840522035558264473138133479675191769282613397782686539646932525873e-38
