19 1
6.53015221566771674016201654135530487875333519605559160119973942332106505407892295551244074053063255038235718722407368959519646215760855734676590268488164150161824105741537481057167103886362404365532640106998013231773004042527328459765975547530189345922064377682992698595244025033318933148077236881323038109432e-38
-9.88809854650287089420625817053772111642493546828722006968628846770499894947176239337088456768460936642572762748903538956383884317994325709515450771425585319144784853476979449807588079749025716909934782511708329161166321507950826361293794956910875404530374511872977504629764392615223499060009964958676044500594e-38
6.04548458411636268184468074466035163193141300679296709088168513808719405284561200877070456680101941318020783676251080370149293337831636787408150219493877912307193643703846048907440105121815153893471932446824947892414984221954052726851625024002738712421612313615222779847759938389764041470574392928710261358922e-38
-5.16462626631125553248317261106104654345557583245184603871018586138243270821850806251137550736457513149590600662206344423524026681970821275155148843675597380592391912738921459576268006988301310154899885995918353263534718229561257230792775622711457589710777337469004469073508797850473389522133697548716619887162e-38
4.95720732761091809578060040803899241576858062501156895550148323937283036070711246984249441669118258764946484922898626588573140664208661128811651021724269194779370152664627890084926166471456116881461791667074944527420551019396100079975571325857913192335317447976999624652166283983564043303731118828858551674487e-38
-5.11563509212071316103959580886469602022652221188566285284637104551790413088344986780646255004986644722806404252568085572425842310370481482360872471668530896349771831534166530620709671585048785190573616016808632517458546067777764472806712597047637140474622717069319146890700062091979457305338646902239135233558e-38
5.56873952183690057357757751468761686536356174128438472317099389841388882460836543330544969206046696836508364814968449611516669122368658996852055600932291529256135551437560324196118552710075192269202022738260448196517129314967444615383826705092250040853562680772270297200584671566197170591150776391871874355462e-38
-6.31842425880138299546756196822702454544049249804641031115333767101049129441215273705001512149721254143287460130026828283468364169329631666202655907751075018593341483811173465875324610797413988880471722641711094274343487929800595551200698319203615825900057570873030027287734769874539957863054588006515307151308e-38
7.39960454739425224545236416516104162755276776652019745284475944553128665875495140930982027245170212159762355304542468696190999263637075442316160436429898954420663586328196833367926183080811090380683794998606198189403135475307799479607679181055550853656468810318068509536031312236999914888019353159519001973947e-38
-8.85938237300193873897352602519491254820651940386664349203882944480632783926568623329954220677642983568482476576418714599039782680049460257638014087251235933207518972044241256031316859990602249436188272581258323321343146653047341622053614643196510515495726190566575676915366415690045051731856917882259857210685e-38
1.07308528120912043381768001216572875445798576782405194327999195586607779121664188255038410032627603082906038674453081540416460428914533313287626695116170709419965123170921282013843897877977470544249843122378147519741680747727783622979650380389782993120637331168131305113124617203552206843216869905923771270142e-37
-1.29870168420603164847971445522511228762429388477505440148973204242529880304240100006000193255856044003744403115771104909470208504310887363870738913120379131361329086648801841183320945183043397964570051769117748257375638023991778725927861951357140816652472726453524202106905161133395687704193256006565152007056e-37
1.54635048786740469633155465002880026302344377934996921503113045802505005552664100835784415144905450739707217150990463960533223176711369591203725693790611126582859892021774130590077421822993005047606644473013898582900024597250582925058504121005039329514818161050174773525675730699385831268178272252217036808585e-37
-1.77525599503171316736358555247676447128428424813681960840958366457531687659025002172233457744598623945144605664594697955632648370039945699157337930137719423847672292294459356058286833465615312793453697773652854169192533771909792077196690959534354772686696020689992479826271726537882880704422194000834687500762e-37
1.91143505544766154074245672934611283022275540910283548756398278555524817501183806259674572040316857906332935067857410119932030738889029724303525950874758775383943432979203814994697244323936201926195416537405672728341399779595068386888583607865450268647409173106783446920121456392568550450284643866157051825461e-37
-1.8540541258998404750861904861634014060023407165401700138773470212861919782428264736032843558526243792788904763713704660137029970765011704010406224080910788263141785631465815851271724077689563168481698822562427559761405460264893702291777656614652970052657285490137634163183080927348654221434337699634435307144e-37
1.5197760487919799544445620686090441339896119362544859917137308485302910813555382191364116379441631691250466098086232828387623504954819077676678461943081732605006993836122251468077451086441840531298158202706866008788259510184911984714450679505481527707554080405551984469409718635103555148540317137287149983728e-37
-9.36357064183538206062382833208601990292710278738104632897238400378754833625559081267173067985575131282377009374628104739877230346028920019799050198794286757173675555579242980074216986543173980314740060881850787318874599678735655012969492387310900805378283650370809069590784974481220943444476621338838740889421e-38
3.25410731099413601740885786624872772371232874955227278344314176074119425874665853097865448353405709744323242145033148854469962225311397881664657150928712527500466128834316420682660361285505048386253311633865167240504066803205111151400061948601981310382643975850676468179280778773435807303889344108986822671354e-38
