19 1
6.53016401917928128547576674142413075934219650738644609357094410312461172060258738971948756926905638135952652665508831743320626698028759006466770683557391676875532827129767408736890400208268142147869859719453551533945603205814106112737124646320775546741323645871602815477777638245608443878631011817990973224087e-38
-9.88811642324745406251035924640025695240077391804453664919472143774026460631434250428546557032731046911071311028553320921551414482395710413486072688304027788740491226228542964533816328942585768674730178622341391900912173611399216709870181341286191836604147784704404980643357379712212425089870130708237355335291e-38
6.04549552481665472832495296300041701014269011214305284710360619697934922301093898244153999732605985993661385447392829163738887730901676643427804042520417306150679463194553272050989950481383793038039082864497799221966477169047880760871173322872113783970655214466352342908881629697620159218673761249716535266107e-38
-5.16463562986757927015662278052578248678465842943657765702381158022199671234275430459085835358111675727724943847672543874304680759176550588693715882017810335813717503854157076139914080838298266924174687013848805242077708091844911114560625279270767267889742274776802541195929987292164737689221391044543573682565e-38
4.95721633864447145686467358948747764977505709666777508643836058362187514740251719204839062473561001699384188016664502101701602111969929083914033857380957775000473139574701559371917866768957738021910346068751895747185111224794709493270781323402417246332819489821591358145740000130934464047622290772558050493301e-38
-5.11564442289379243585061305384161413825518357717730055982000316091971005792787699453654878252986718506155771898995702459452196378989229973199412432917688590075381241165126218498712946295327183793702040925302945094951875541021013130864562487045561886404747523533323819761994308111859587861673625244054630777585e-38
5.56874972176112741506549933495021351962358246965868344986638759159422672084728865278286128724085085819509331717613012728000163003983460139639792453856196268864064210007238403710590824029495667840426443990401889522605924309151605937399583501993679401070526883027122625502133555178491658886500288434746077688311e-38
-6.31843588955681032538774540323331375451074265764314855724644155773027183425701605781332995823842472759555041843554945402997928462345274548131672130920679863939465986366786160280959682754225862679748109595600807007581797904729618609443305476554959903779103480661777647378125381000178637597214563570823351139208e-38
7.39961824670874261194971241154931850528893927017109144265040825371723071754600278481019772586832168336404444342202231134821592259781664874563293996677009716658078029865094172851955984845564129915492941193775978401234512984993919647753221681491719410030181606737360802347939276013237493780809266433179808379069e-38
-8.85939888164211032082861893145005979201880259815165676435363510472983316649287571091798674727436225814864634502307483026141417866646411696898230978583531519573930909540021254707889350494459587633445004963228557877061397264111622000385039278008064599327069787635353817282405224835995659862753643199834736358797e-38
1.07308729530233105014120666268285818657010868632799545802519976835464401580425452799972785631356803011155834899287984212923867401468682935344969359181493780025102930357589695705131854765844037630310656116554052755632942199267521261940071584634816940465283383038021962744329325651087990568539301775242114117258e-37
-1.29870414120588036773859277795207897194745836716335426137376371839483479270847508686501579482761580784535810078998974117868331122148246092575318858803421169038955134809155180574193721978859743775781913345832709333391074394589882302383690671362759212201267117693954572451067248946133416958304777736069613946886e-37
1.54635343880079819463719336472905164061057825509625751119263018140817451678464402427253723301151891800419760150007694742904915265357430312420883618697394360979992242842455600835714453045027004974494974679011336184428454609887227860686337336412161890405392188902375465307777259442724372720653977378496298503623e-37
-1.7752594145541730102433687738174092441307255400530224767785091636026211491320418189974753037492713399279599475685429919858884434018718238432539720471321463363935503415888769096522110454124938170425404439281253947746251766230900146602668582296790628028729059692105822393251559880250760111060033270112566720069e-37
1.91143877427254701707010659093350645342092767756816799169783601737636149816617221556542222640520885446916538216364391955855934517500699363238697948541418305047457589301402945805236438806296523129014223345607905984645773491019098504998995666745620151446283638647925258369179460462683564746256376839209684044322e-37
-1.85405777167647161477392121985295456532659187591735821351661051327338593082046792541553777801057717142637363283767864527070254122948223249399874290381664241561145805023734522447244903247544312622926295527283866748586784051432243914884719355009380295495544648369502541402176504673461932840585877948026214856877e-37
1.51977907110311091389443709091127185355299045561443763198880600359005703804147579730256810517580960027428117835298964946109019320425431029662205826134909221097339141611788725593974255589797525911340469790201888303681793963628705844163879718668283865638190488887866301957380158582387558352453059612144679037859e-37
-9.36358948500089757371252497062232639932199011774452830570776131709577476591139276506336571744572987858040730881605589608989993170497009267544088132246164107976581102462004335668955015693247119111273234113757506617377666022875736066754107085436907565312787739335142577944901757195305753917629669003442154299724e-38
3.25411394152166896410376260016145411347908777033339461223805064821014126205647715423556499028346567729338914576365956158979655029421636233313701255434780899695123552611604183271135055162950484901071884585176726442260957162854262720039075825251029988154349116273017453432182901897810372898425633519861002383572e-38
