19 1
1.04806645033962490780513409534641331619532253798549390725166546786127269237517386828572318413624760764001513238268011470198619860140214466327095378031513895176031327362333392451021855708431114614676723529086111801311953485566677612683844194248387385179556122139271373413378843613062918077981936629213455563836e-41
-1.58700500776848714029751283941376603141242469465405288956239588037034136869169929487661581764454366572148535331545719840347351883882650895889355045328859562935303100416542202735280815431639822381286619444388897501678904619077357178436568606863818814294604410597003315488268538296315316191810599526996148082511e-41
9.70278958104089349778886500262768166929672496569981705191788632382703883578346817887569888861692738361844810628713327799071513208199027904789140094267745182395992208974785486647820764455204257717561052965255366496627769634430051637364442812561172068419172048390343127727997394879589060498698188936562053966022e-42
-8.28904249128291014209904900928103124039035547771828912276122077503695098394636077694780508843151970138543979219936792355592210901960130111768173008063072734222884413346850276427243402960003258375257501089526351061448552460028947844857664640100774158423345018162280264209070335091367786090857279487121482977944e-42
7.95614166744819228400971187383328663522364321573226649405601761420474963391726714553446416717386364180992095166444105095947833966487264091145645069574210841551283457017303829881446806703716512568949433809582804203089162396830036599004554078294924695136574784172750190714089750159064138332746055401876644663872e-42
-8.2104115715618678555380963913217517886300611276808786750470353079707434747922624468315052526895349892817023844460810380150008291833740893706291307258070159674471814881707645703868195772852408302118643798240823755288879465190100107140827230252150857609036330419276960591536063804347346717034241133105496031802e-42
8.93762660928161808779798678417403380761492660585360821319731297944473937597391867460583991839594788553412756788090273113355858696669526734781854539169372987308120502308468768341831235936364242184326279447507449449235979675852792072910833395801861430404433754375829723215256186809293658425573462212477836455587e-42
-1.01408417727294146853443966591621033919589015285699060518951139912531910368999516758570296627804409156484322662937367027598463766733097023362822016603028010434999499709073473865414566146211025926014653609523779122154301425681901663642486174540452597996845926846938477719459856268050751695843732467564750696858e-41
1.1876094380753980218058131775145703425999573874884601564610597765891411423293347919757412555818130384162971023505411650245507208782570778929662622101275759236495928807196765532033695533766120155998673645922465263607208049439370770661320189054647424712152429579943263039837950306831005190007300540996040224501e-41
-1.42189808816600342192093182247899979248678523813055662551702780894171996255629568598868031552788411503251765270816383205508100826584646722677697352482890185123466159902276168692670434237941363948649913828515296752147539895665737631056012023248819529692741816531329865050983753012670099526072382614689541141173e-41
1.72226169825606288843010025610657427397175936902582671319122271275759943688646707107467815534870360716669246114711849808979402727177320541701345018761469309464285318390314357267016464705597601362744915112880261711667506781379836302833885073866241960981407905222622936232406389836369966036008288446015199634239e-41
-2.08436694688464223163406532573483756149159269824558062922062998884790074950971678092666863250814190721090261779969095706004693186477479133403476956773823290920755936979036552993528070472068949901296826932497068900644740616814205344851442057707526485716284831451938082623690630771091980796203371184994131054604e-41
2.48183305983318109015003735599747963305000887857908997709389339619330995202588626715842032431306777023356069106291273358115328432548140591555746529599747107521668358408246429210717493040001530079174863844820371289195369922032266861673145668312963490012088268268302359119458726916544489110090581511521529872305e-41
-2.84921656463720475616026854885338135823969791302690509912491142580728888493796500152600884952582740044794812421502389826221348987467441823278175071777814157061805016685204461254243692020099160101392331280457666941401576303219445560018062232340868736078477044472563294457570388003438542719783876304589610605424e-41
3.06777744004983571919113018377015738855583091074162822976301275495881451503064940615334473517288178171859116153335844267101764359898546432185869115158493733787390085003016539549133897808112739532951040121468892331006227675500830820590413958631412163142174459699183625840631246993292851911108760450358075113699e-41
-2.97568207250324831964590010698752557850526614732931563415748498532761331231669726433887973288698710029685931887958825673351522046909035962271759097522897492671969471232685948624897955190247860510134387771935973145585994653471431549676620406979915443432912479546747747552840127522655145725350570426219290889688e-41
2.4391781466363763738951510223008773225970799836219090156571391496287992063114569573565564837123690266397436691062542360054362547235739416492203815900884158379560780311938845872281524353795484817979273873411844645362726478984457081616954979830235017915694850554722192368359661693133518742410716524913950232124e-41
-1.50281391427970961034135854749774457569646534774447687957660672597983574923986857507583611863418300025128772017366339278168158513980048282666096524773996565078916939818288531996270622155402613817461890585804387607997105156830904167577365067052028882601401165658219756743839459284441122924146796149178089177024e-41
5.22270343455000503535780292593320991153784343677999810191939420418355726926222634211929181676626815056525084128961178491580615139746498439295163417770087174813756777481439849840425422613874765150729571169265213260877932774523092153065605638003194957796654533726570108155541082679546279857208605839314783803492e-42
