19 1
5.10258282478476626764707285523989936481562633438711871424593647060124930234189621888838761560682547848425796620860378994356821857024632171551169252465137426469271592280485036252532258861718078529941779268190124347979780259623299945179948818006356089377237117912986197382074263729508588327649821785791260182062e-32
-7.7264419542488268429953160834312819219686729284064581839911186802501928418605455968070854871932819064770168632480808231079245918423523907810645632659361407511868338650841417543763559852048231821102291415212584688908786549721529393326494020391288503403943275444356546185204422837851351889381732190575128878639e-32
4.72386946652335113486027936913525184043240319865972797261251154062134314399296851468319714699345589114242784537450375493096816240825075123274184976385749090436286719171619157230225280934629565113643623141288192411004383954702091713783285834086744789503769814742589552922715076215138888365814554168788653598558e-32
-4.03557746324225873430039305384236197695386574409231608922791902277121270898429704740409706377599269967777379765126180282334953953847803727115290800061587203430360293344581527206071515903136929641875992380237856292975663766989098652728263275504895816742749744073046023562447456517575944513260104261009990555082e-32
3.87350300766485061281017539466445786918115227189237382567295643325555287917033904610283479232628916356064031051184468090622511502259024706381901940914332918366409121964902507943330112539994967547312108527095870402368323688995290090016129337934355332548319594006909159034022668233249945254495008604757369829785e-32
-3.99729689834297128484278124662977490139728435065693807200048494069244056139946071731519159543019008496324701071675127963590491124171617241714673082961538248046057626077292151684420023265364369473580337050861136318169222395627165346121089181658343257368695220709188144896785974875092127776121952163260429668946e-32
4.35134777633466289513632714524936147619313544096843579345330309075296201964009691393129637248172134163864552751511689798460424905444193632120571635833588290728886720874214561138314758513712199626630305977907119220122689904097842587836642860067380597233894010275310627811973430847353723035936675691523670296368e-32
-4.93714321222233965887744204097585303079959309549615430155762216905116592562840286480804766703595725922078249840823171260375297754350748413681566508772458516473358021362571030023002966919296640908202792741561569849241291926346345267982040890901585319110350301305292156032111009852851802674084644087344550824491e-32
5.78196568847479243724652555732468437361910983073727001308639115579035971591949744725391729264493470404094366084475578998753825275167993735503773386487613497868597173174574183006811254974066988688706727417508018960133963331490347890463675976151588185120301945274890512250821066729224372401311243180838611994457e-32
-6.92262031037439054417583253963760944920953765958137127464806255607950679177358208079483070531359900361444334089351428327958089033448149090027723489948218925052733874692360681379270233913833556905332765715781553799917512250981483891653057833297111070791524272915241876071743633870733731925861315786999878942352e-32
8.38496739651086827465500281132217453665204500856505824990346568239512708722631474460905755487659822146536010946903598134748551431810311620661251501570772388565045098248669352873129132517631220767396071489973195598328249736079682076468826944166773034843818378886589353317478527320607177486646008563212940072598e-32
-1.01479104576280327846412717070617979071347200274212279525667457017247925083037526744969202781470336813591266690535907476026436954059460986789590616754653032750302562726673755591510260425612957876281029323904715358851436969946358299526009301648589682714025459309933352721728516268741234086091349248343694656586e-31
1.20830131718992867679137428823624309366520604989236694671703866856150816840141608168899607007908118492550128747400175025189125270391195324564670521340925374356571387300491768022396810027453140384345265198159404739463199134939619901434214198599988539309698326063271157693604278696481294714661664963825295578377e-31
-1.38716588551777370845710682780893169506476192960681514640552759137433237381785889357700590388476920162467440375498592083237609510036618135180265191620658571101363396222170854332372931757946188062518240648620273954539203659911055844591680488352956988529593074700769687429449315656394292213214666724543801872548e-31
1.49357510095290582321779109841316323007327325072542888674760641782311027160649700136999575812829835967244031527063056427814706078418044861626662016611257369290875953915115099269290946124091385079642498037825896935511585898598588695686167932611146332089095272910654827181090238307071394849173341361463066668696e-31
-1.4487386329190815800666233675370267227334673138031596646752671636131130269878461199172786149959534294453631934691950197378565715335495632463899174202595918560341679335110566254100093269673670782495097358867653188553476669765515715739184932084051005454353167028624546773688639491573496796026524330354373057389e-31
1.1875375515871516273703256487845296186114233820151547525162600334614038445065103133638053840589778217362038457845646797131545425438825776455574476920342797649510671487870456119315573132569415241256621796587266690445708291833360397153227139886469871888284608587964066303721361665332545731774659709144958675329e-31
-7.31660109384272267775811722389531549684663724695937447450966921595512448530705386207667872900574125713553239188421530333253371223939434091449484460405416553870409298072444255525303325376125492045725210666710465889428728898189357899611649238814544526443641988665434494317980576537323755965329895180519165913005e-32
2.54272794313133455446175322320450625545498367773412028832569678628118151964928049351576295623761515012673407168914758776663936562648561540646395048044242534309360785272627872401264632767957087447019134771219698440204230129322519493007642940504640534925815764448338738388518552394076132627743666032771704222664e-32
