19 1
6.53007903973585420263356836351350229113607790760936537952453167721707311942399690352600250385234768245064532383233776999677922303781005128143937871207526029412469282470422921065146471421218538348962065499606595776679791690275128918648000187187116385745811016749289581329373790707835938566395903945745556530141e-38
-9.88798771954890802887474999498942784412671796932662828953089883797324611033032280922779232258717055521081676521648911305132441121806781900938322754578965865593098771523127299463529436432855651133225463582273966082815540187324997175982879534557179742153819231894702247552756078202410260908302286184162654056057e-38
6.04541675725301824399902588196001595335293353062212390909220345085955283352988869149482968724015706949490534111510095148172426044976798183189909865543418991684781886555647825613744510566207449679838505428247320614549841489720366354104475751487710448160795291476579178471619462401356347400768606743570884822677e-38
-5.1645682170346229060790395165612411904889332729988869308171513746277190153607047995584615452006601885979355341416323383553937600036592988583793509465142640900895959519200169138827377028331475508127192570313868436413281417159689163325615339875269547462918232682167787599195323919944333696842335622737447588524e-38
4.9571514639118382766024087653857329625620526943968867226240534471482371580609507381749481115699180310679626211829551465739734473708749080016587550147486052587815134194911481148362028445683738471480059790838530919319068385779912223431366134117041084140285634943948710326194017717120238912981356720058921900467e-38
-5.11557724635989401932968402565123037497717669921012501280394835131310186411697893626631917045565000080141015123500728576272698229397395432087255315151201542924741353814525720647775056289997694045306863760824771476513679465585394823807954803270299853944406943829567969821316191345188831098422236082485799366223e-38
5.56867628801713416080156633246275190122775354058063892845990328177706942210721457882441130667400227478585407396045661578016947461576253605986683396064985503775115234788934564037503188607602489013277996941831708748908490033157643414704130120493130874176078444446630113772654689783973476499132128507625312061033e-38
-6.31835215491098287418429407434120154712785634612901037405379724566379268622437283955046553899298665642169589562223800514355037881386615048598877811065378807559737982920311820643759689706066222324512615049356832559954059899311714181415381539803152250685111544408039947137546365788338991267587384410792488822402e-38
7.39951962002683983267096472932747860955263721412866708769678646469074264201889985019053673871397343874498478258372361200622150873153307374435940538441396731500408895934914698367903228935909382137562617026059153677848830985657671412108676915176758833464961360358538320641788283400848831483335841969877729630293e-38
-8.85928003005056088868569387883539067718672962354926150018803320759943369317789098936255789295824891716525180692205007129716586361715909434472599705238301130589203879217481397003597151379868929767602255546943237094307083758874417830214155099188252149006599772388211397749342390768123124118603935731405903976597e-38
1.07307279519628414459219189755851500042046266661829098224301749425696431578114614899832831334041826967438186744895411274993185086718180259499278244885445400889979467435102123049586048436040550253343370445808422590053153519653428774604177269449364059420839190307632105775760514647297580548808087161955395121978e-37
-1.2986864525650476694154175501731199633559726455874855840773238873434335260523012216471475191612795542366951230149330959098170096458598773453261485946451826777203745253567168705958622604819721850106821977521835806257316353132892530356967339341488211366679075391516157332161760921530479045626519211148016950079e-37
1.54633219431227953018476201261661091845056972879125228700165326257783246342279835003808846091467644633855906739856741119281763081014940917179410234708507295884523436313176220946645956193751814049371962886889053177829532533610390732549939395014309469851653537000797341306310014253337320189294250567309654475658e-37
-1.77523479672809475841674041254397751854282525641580204337449323064676861580669176979348956931449175121659828542713038830194964276529720959466784508072725487809029925654701401954247200392150869228602871428780945041393872783308356774022840262156967023851852558706581722272980598222235689048390172138023389878076e-37
1.91141200188081589826390065788480230664829522290511642404535962364303060027801586709632124392281173892599313005676983862127931988762215358039580474027441970185080703593639653314616147757792632865576401062319231031991370906204948152772183344674669233222989931613029485503433490923367628198383460109718300773594e-37
-1.85403152534848655039590286678458476841674332134287885290889861064210317113211447099958699364076250662401132767360489866219010607197467914857182918467097895878478311035935948783811848462934824762210549890620249652753524895696168406226187286276976543729847059515660287709718316320567483964784719386798974584592e-37
1.51975731332331434260490029009019205104912457421248764359790724605769846261332172976465132726621520202397341978258617684519560437417690571087862894337691663875408202344784808700343730703362945744223363372633314832923554009805461505627620366659921220525659690929370525124799143873846569948959141363729843415509e-37
-9.3634538330477240336686794807397876337144045790709615684749734634410557146431809517933513836438151999154099883636478459996133783338215187744273612662694460004778710370012329859421730259361454112842762707690503146659749108214893295144865460711524384676188257915090570977665254474286317131555422718015896951806e-38
3.25406620871907996747090272477402563015070066506020589374332028968223415065488211202533141128061129737366043161472838127896898746225230535066210983333212762663583350595852427538875864919599282287117450616894238672774062751888452998568318160776368435239677827021985241822269023832297338038414971010345896816983e-38
