19 1
1.04805184950105233595843540180425505279833826363748833741265473228735336987894390110520199589837038163114096400886269182992664844599605713252868478707938221788501265268856311423266022603672131161123135157028211398975855247586938698161746752217049677358728659359963364159138375780586356543559352042349802598295e-41
-1.58698289735671966817443561707341909849017960336398026623879453556299588045240810430233229293676538015580711676154912157465050118491340333433158717011905740549280994029470611530454137408438325473673293283252576316582762157544827556523087621601351283139166354476116331812245853307811445356057080218497028529053e-41
9.70265435420641661846400412992226685135513722865426383117217466785931514662419907988279174412464160003870997126021498154595960911012451081844474604891765537610102995427871396330000725947595301901138929878874055256912694068709043873074022354985316349360262319527103718106466065122729051164739160967637286980934e-42
-8.28892689697973682264809458711698519178533470835867001184882338826470338703312437236590858277653585096958191763829391987101749515045045554368635464746601718082775604185302389942533738144385794937013502454681707599250055209145734164821777419845624333594836664639873338249744069188398094089612968984597288952512e-42
7.95603061753711971396345913349704482255584860681485713378461697945243031571127796380602216660205327960878923021931084720631843236402474374149555358772630734165785267421141660972370018774395892626753444029635809107051808169213395298995319257258543335103329317790474218862615802515489498161234339184007325199609e-42
-8.21029684028915760429979962320374099185096755375012677858451076843589366843718636333327153653719760894942756067845235873001999798682877274699328310234668047037074281999510970201111179477913798654810583102999811621391679624967165523412131753649846138445391794808893320792787504025290557679831936652534180261773e-42
8.93750153805956242594362551218235367304807643431519758982767964708688142296984916310719419998370006369110727238547997831239004905636285615076493721983953029757385537112226951799018608064720116355305008535316232366439450095176287680468873227833193863824295970568433664553323130945520828485649296046899038284916e-42
-1.01406996236264441254763551510170237204890905101260955079994969370908406635921505972062072358411144881404702161781437384771057438502442573375223504812677635745299957647216333262987607885108789515189011270782974823274129190975414896659138234490775416994289037568105893338669607138818038390508000922739854593935e-41
1.18759275812619505754312286682002427985192940094880384663306968515899115942478251569667740120799554566816136097358642975340810614762741850267933042537343378712603860720374414413291263983083855977177329205533572344744160562209464565717947671875208485728985862268511645913233329440456053092820937176018074324603e-41
-1.42187807315314133768294703044028987075233238103997710181516544636579878886267184710770269404227707515240604958735824383319967976268121633889569930763091950163576517111063924799907643132984921416583465686035146563108650909364236324162146141816870555272639200235370053423206210666624847645403330232616430048706e-41
1.72223739483289591505093893737784320227888883147629197262282075109130948067314156242655529420039065830516814103354990434142953668332400400227097515977475220051541038784002246381651449626607356092037976540057747551437113833924833092284791351952795735761746986004511454434271829245930954436067369975341168736132e-41
-2.08433745265142318152057002361923527249131229126554041597583290252890952379008703917539889561780016106525413007933082100628236409492662437241238637373040972916460361260087989564878768751371071943173406795767960507309056335061770899100592055794159333483443733450559222042060893191234302067601280024608272673529e-41
2.48179783548973292524028484545079626885600402651455081492780780625534315809514973205619283857699044083743866021309361004123781476093965027046891767595421404063358618935799458735961806412145996205063860122069812101576590042917284209137405385507466543067998506496906237115114815713525831870758256751812742579942e-41
-2.84917599370660009980675095227468607457458963669779404018912205173109240120575852651891017229615161982105946509157919292646457252478102188583255014558448200585191802790391956713730244755110273834237252399411473904494588627507316098861599251693023774496097130089719677256413870583594039994896797733285334802728e-41
3.06773360281214093161242200449349364448297162254505687292614148931128944711240242536609578981110409000622582779859552528193677655354555876120342407357348319956687137501757678972801533148573121851112625394080587896528330560387570915957157918192987348504310544319772054312455088126638535966198157821704506017412e-41
-2.97563939046453113703332182200444313458890804812579490417699369707812395037434452846563673030071526294212891077440257302763280115015089436983697432687157152076016196059725155386877664527863324432850314067228935545898252600678575975524783969290399893304130127084596046781718026055161031018059857508488697486575e-41
2.4391430189405475295347171059855958023490798501620242879617000913013339611828640866705301784330285124146278288644845197151585294496980508666256636033602577659892127368320098057450199214537020365699302230955417723436884823633022298813996132113320325654858712677626440855757802293164771653772442499617202765358e-41
-1.50279217897352591928233651301772911190299538234416975153102954052160216620221902610737461128021914545992835257264893831734696029332519051590760748778194057858852052257868481944674151278682032084211721819193129406476337311696401310449164865771048802668787057443216984425143197956088375394405190278631203584782e-41
5.22262755655685779137929214987960945908547442374069046041916137051532991684932319103031752043846920783556268394596405430360725415448006963269718760353536104004237809665848634666681255063533065410631886962154312792130919518453913014381123617769505968773986699754666641218102298421411609492604357946360895940756e-42
