19 1
1195890284059494449413.10077105463289256991979705586858221174544188365083750365366755465243117601703838784277925080588729427643408297029598156838247106932297597340145436674128868371327888358903735068265679063121745884581595011969676764273677185212946404945750419598935322574926582079011195646553689183013122826
-1800852967883722725290.37571316063163595856030453693717421194674000042189239596939887028412852368839632947653790939666975247734606889413135695700202033357144959726174653972341379403051151835052315917006773871827186300787605543531966513761503214059616984784331076316875736815982884468108764466550032059761206918
1093309316778566650679.29848072404070444508106641146631222420506327372083796351648436045661124787315875039870757186424281367263640742435968644363323378439509369905757057277831552071548198003213783754470527226351237030977344836510184359443922106233489686666550753133746003833404202183187175147909395144418720955
-934910189556430484735.861548362476542002017683172731620984272098062333319341694909517045924862509065549831750745988198969283333701740806456881521052239363721867835012556379523107380585165442733436966857864555577841625749439650030941607379578092841061616068207519671161259225689405477133878806456761835200010794
898451553671136161363.380871666950085315824207165029202968430938627549508564531788235597147461622474183848371189464661443660765750204857010485724781704531606500069066192792275444096138451779815106899861266835660469210530540922049454264405698397275468205413011690140582379796057602596341562232065200771533528531
-935783178216879324183.705034774566330334176188138437527792438811671266704856283801386119916251981500887907546516789904145767665525674689717648855305791262705694599822368361342147185594114297553222890435483296805495894535746450805140656387472721866149949565741458994218953384775587773889515583602466173573184946
1023873782791796360963.98424309448890274813127686971212577736193888090062090245679276898321272314403862221763171598726067046484474027921847939728366787661808850959602944773416742413925070293717605001837639866951051912568000221789270722135996940668778420057142799492499504630784793295739536498131957896218281425
-1173873405031294438257.86217381257925680744191528107964207939176602002670638057352600738279549659359518507672547309471446454680642528789562888818380766929150132357564002384719933909761590722837509427138300333596529047133414024523572197178019333347051299624480049149626213992946038660851374662463939531930805898
1384367852236878746940.35638205028598363959313293998085828757386778780668417687475981071133957789090519341016668338855099049669917456484429875159262626745162015139641898778125489189667585412020136394716521315842338891082807557226663753866554559235704149751971881436324413769031065561416853592961251327167400113
-1676230993208077613488.73468589291180939665682344374182116734990052991469951809299022616758439735978990549540444221654755029523996020620991779372394482119464161940892989445508462880149760542542127551449465206804476971346679533014391075134004087616266066890188880672808077146575670664566704420623952164876070363
2051061975796838299961.11504443581685933209793752017281670992986590838720766573367712260185482475107082423442293388813265903034905263019555241488700501635335515445645032215184662652224476618767728961934044638590851664285570453560168414066131355659949786761700635753341678482136482514729598447824403924665673724
-2509816870232465095038.17829682675364860309414642647548086792611757810372078432590549022179742031880323859047848382445909944520716350629046333839346021757471537244593779816412123242927579858861474455376225558327103746680503224179949880410513089106397144126183038092867254813405157432828512722950465276613598773
3034548993741297425240.16346696427278694561418338539125446416639292469134264816113376956865598113384032253382122057263329690190017872356506820918885317594489003404252116148271652730390633389615255917748922139300734943361928929254501801370795612806631553197486986180355475223051410305603796048600626039485730461
-3517010563696782086838.51978181612029072657789245507024622835199101142362075819752881714961868821553680058261932621618065147379806143454003064944193352239987551770675572126166500239469809635889870929895271866985543839990004582412641639667018210524885288534596317735743308614072186388880431211437383047243333478
3885943150421348008670.44523880751284504238124333569264690760996719769551824594538155471371101040464287974599106004658968905053096407155594685461894944576281826782767434531502047090223716120190413552226305099060748106824870112455726466244667499602302039387129666854746531015622780629258040293543400749402200801
-3797621777326606442492.81481447523752564010248243638559037737706168920792547893489433528951556470103503930090763496694205303811601624393789784627794687112383451748905240206143799562887686045368330425705851826650925592458771512948459512775104990202604447275910032915205927147872057005581118930618184666065868637
3255573603965184665016.86257800049889775866252259337358538590358254576025226319414027584440521378393482272585530265441803057068520542076874116230121380670141252844628142192099047635797484029759923734384148465093564310048075349489489537706028394300999281978013584292561717766563359354654663674824087248683894704
-2047497560126673640473.83836029922093683697894597237839174136099246813606185217047648659483118789114507281409008789458705789264285747807501587888729297377689573549035391162141208374638563176622461802290244019254777443259822345604991247443245645988401596789913485092411092855173926842980754489373012984336022569
816345673380844113301.637340037132823590010335659087315726120828310142068267109225222697370875890917389607135758815524311796100006237972257033493399212903282587543796331275969735940018348266303934107970418644405008365829264520746974495894237892633992235376814854758709350880105462562848142155562038354985430781
