19 1
1195842492322759366379.81267506631912225432375651180571411318557704772766679104369003588479635310736125519488340066529998324503209770154247619636416550069024598238259290643636832443098239427140133431196241202265807601428204975879833748577596052594026624906912214702207767584995938980915488214163424960338124914
-1800775580803949144718.92192636020995511524690604043433513999991737719888355827675055148378729436443041813134301525821402820204891272472253662969992450660494392034010508483213483958515592267162916646873599313056014988653153109670323679432519479651221284542156169531317305823987876136508511578482438545483790634
1093270746537058629686.4665512372138474803980047091801816239779602936358518809061410609436402130424229374334891276574004216043528090436357384552388006651403485731453288068120426289237870687686264073424532960840832945033910459094352230647783960341110747517969601904782106265696330723875813106122429538754153114
-934868137323575846055.980662201638534019479743127262249470977087391777997130767093026142957760179414854946604152847866949935895285555055874881961970522612195943068669452168841764605815089416476288911922060131055487235669394087738051773454203075227906880558227482426762832613182975455889088585668394743937195218
898420206459241413448.165040806575837742407021337636722657740830908846636901723192288211877268500490156713606712863464119573353632358287219063592992362993658911661522628919814183567157506935374533388186626311458148498659667896315889512735698477130991488374210053790679363282470326286446208114211728056277050168
-935744843527615732787.546159125409407812174402606321205523933553135672514154372587121477450705682132641200188889135744877502825858541764098293647806617017296974218218881409315953386273867070536573522161371805111838049903528555842496791951991222850636536028182723599852116449425185109514659244443901845363137137
1023837124306454186902.58577684072448259022184082602337344701494657089736340677214687698055910640338342254225745972112800766484921578506375612328422931932480945890035240126260641233273594468874400754317537944621059118390036288048478000013000500017281113886927649180389209133624277561176680294327978695655281818
-1173829000802814769379.33625381714765075071146904361088284951995381720564453896455447083538231859024534605210781854539048390175754707051689368881559952456768678434124449013725224726099179765555496186156351075789126338124299843192611275705872758531555978200175184961887065215764225911496944516173576728405505057
1384319233924226454367.58286441778231001541685939083058933372862220602963450026976008987363734102572979595893263557284957041011286500858016700117344900650265730352797559244401974194163592470775463278595660864121200061924244065369310785703596937223200586132580364745609365858429328153613068150232543190423628847
-1676171161176428662627.05465723823034988744149467503442733095318599193373868715696129350033193100198455790598360669694492393700268074125279169060258231953629029062884360046682604901876149288237463501867422058323592313477990329643803602915191387322741734227244304110475174741554768555328832087987767979364327385
2050991377808370329439.56066566545205574640988332415899115801617541619966715542425413464809296819977079904249427174344942038620418782233805242184110337213984419626702921209888875793919431443107503042346651291093823346686583670395797357820076264297756539102287678447147052008325608182306085023060822310836055299
-2509730192054795365294.59764833142821697562334779843689346427811477989001693462413122949835426085443716671150441830087418534507779734689102726653036566719778382322206839390923985522420605980845203135762865945119376067883196780816564977137989439149576437413855797702300445353428287364493690536146042968552957667
3034446746891452073968.44856569661662084091421153668325430718806432602704464243190561925562056095435525127422135797461768494818552947882639387429888518257723835042637106643240703389366335842337473647034201202633652570010904823071836707726507884811800092384743437866053471179756905424563382101248678310388944925
-3516892477083913327320.30925757471751888499643831841079864336257079511229021373627392047768773848472824276596560412256810554510450693526137425562107766428922871848193826423249419361449773725574948712884312242579015500651353740467006887991718030294511452925773659756899524681397332933345456986196010766858110536
3885814718986575864518.27236545594274745509841161447392574092103078363859154419487014379487360921694337452843467621855930841820853648883910277984467008343549056620704010682256381149822423929650015430629211668742222356059919434178986815350549679706140954746010903788392988199542769272608040091561399907352198625
-3797497309872616843972.52139130608047173930105508426396356655938423462474158258127633387121801189291282054648912390454935876613780274536293498350707283379698032865175410454777176907208573795555278048923209198732701283055467824331290952818130327137405767463554000734624433038242280653863058363323079095775940325
3255470610317809324479.9665563016117336823367364762537345244028818903720357569051625151691467716830081236350658058110056660011723591408887275201892889366567492823784438382642417470761253886182934358060930220828544783528215372452937684748406857022564378129985517148013634383140935349858994792833248766781920963
-2047433901149851337882.85603640478532474178299868458193846081569841851242607260489674363110973690384648553537288850083479154616722869001753212059209998652193827206588997320066525404013036810036372682118338451452096392418627719329099615947036337675376369978473854682561882735722455547808958291836612671431361549
816323299689882280564.114082334558783349365546824120037384856077742682760642798655702814768673477291068850814305920977040963154542902017779066502834768203378240288849952278059231976416283503490978418134400199016273646934366021806147365522356091106095912235449924820200669302874832093689906924860026587891890876
