19 1
1.04804861473293604652306106134529067757025165795519085101525746503492781234832042412741171044702333873415290759269646475628208488986911880876068415379230361832743630546140657694545917859177722892600451691727220012488092894035315719743587111372129025199050996878904753506463524362195506671586663069058378768997e-41
-1.58697799886723230059803990403818222761446903654396821410173671013276079830438654515872941052089103419622414922765824029275296618768109821695538859291912293940502088563477584020695030006091365885343426264890868794138802288218733222454475186810726860133411040570759783213119395037918112538114886607744520830141e-41
9.7026243951446649638234158365869454074301512075424075810619814980072264982598045067056819209939778297998002324395292262522940075369649278963219510169874096473807998238285983038963854139003771270396858022109796210243816100624455477671958214834726328109656582081201213295221429775246371908826635351186807394266e-42
-8.28890128744339352394638182127536306242665563137007273189476861739655133689159762259380808787178166762497418524097176331600525975150667146231970560521954645809604237631211118370170818506807596132646261550036683233160609617154020526720148552853660335602747171031227696924975904148940891531669042185361232481381e-42
7.95600601479927929607320000065050561979070406741990511330073916691657031471593380721034933064367399139578521623036168497134601056655738640714867781876060411663667380784480417294728845556193316087144290201986880850723404680319019537279323878456617452628418588443042785878891893055066277515489448417794276939397e-42
-8.21027142196254092071783993260495298682185228521717482315715443933875705988341493790935832090381554793123231995701853858907918434278347911832253644756054202126706909273498611617519948336308830284381288619621072649514631636352849821881391291406238549023882148461054157230785121428210599741898883044756820008496e-42
8.93747382895825691680204790781292382759068181437722062652487429140435175498581514989551497199104921839889918048431195085830807257166557103155977384335197649569711615365881750183596241853654699666794391847700363927071809874599139758670567987171089852521950622561513180369020887045723931504782329040386938711741e-42
-1.01406681309874590128024600198501449863135315145489474175252316895056805281842964103531339092412902393938653970638432912841523667799435053737442274166407616888766987413377872171871736569355591138678610581634818691118195232510416071764536710502892036332970420242810922422805533400950148242450136381899203266165e-41
1.18758906274264804800139971359098544072452559343810961068170223814080854007285839219993551633043858585563275939538308239494751663527502828613120611980507771232010357494181749558446302756798727603019889717761963343816786800535283926120743512554056316804504064145805768792372865809955071466941219371522088502364e-41
-1.42187363889963077456776501716001161227703782716502861956293331056528591137126308896470678410830083327360727929718383636724731005546078186105787197049679703407913334360241505764596194578100235936973486649958964186012538672271311332992974421717228234682296443077837528915049644806391988609676141070871387950859e-41
1.72223201049974363250469226130159133632687513318491840834753513126890295821130336906058020648386781895198540910620333448757936854735682007808106793275409576758527385809526788544467324031705426737598658424738694556650637203083459664169060823269676114679852875650698987284068931001658883394081935273230343307835e-41
-2.08433091831640517918593374317010566908872522446287121021358948731005745400950992805623599389372731263700521393833838761186636379339776196010910566532534777749146773153756417265367554393387869412216312779041016890538451630379481630419735322987723162461455406977244585725462843234909267405019262604014576589157e-41
2.48179003167431026858977035677234043062321601763619063872236858853323936247989007547049339092257297742427858663445961127239561552175070701517355186237369379152737316182087687041195175285333106487601245671570391339309690252776334918666042165221764220954845407589187108536959670100565823869047145149243439766231e-41
-2.84916700538032661355964843400960510981233827896974156090190367445747628165372269577578552378342891129200509049910856224326084873417540297597366899082605339128779993231573624998867432408066383152749519535496565355799427491606253329100675704126153951328246528108790217651019563310155726299647245712252450492823e-41
3.06772389085404673736983163997041952892954915510728604350844306535033561922225793536984946770918389346594334611944998179968593883890825035666355376235795739868439845035444961648960358219530112053897659472283582234805485458154816105215355872948629883320920339075404993033168052021765093113730719659433183544944e-41
-2.97562993444156159530488130718124189827916051371472746467044859712891202757689156695077640013618217340313103616152089526008255933224470300107406672329412021547875407714293368509172517539162669898244951704352032942708235327416580360543681138739545360081733103714675545737198387338261805700606438538420021269669e-41
2.43913523655480064642104343607583719241566060245068884999921349703830273280200075711515563762495066742251359578434348479455028273780315859210219359484246674615733646340440248559495148855759550702196083014834966492808298853157077497887113817858384122262281190557780071269687575883806398012737904999651008577075e-41
-1.50278736361571930371676338786119648294121705360222937904441580583033233384447916470706666687951474200235968033384441220765612900776456186214748285884270863403446204952945239287879564591055286949693774375759614518114365996452442520760535361710141318791436062921665568013962310466224556161209189111075354288766e-41
5.22261074614587821267842051009964564737476096875918817415223436308562334962312862713544347439332747707034724235865580884567096348422227841137634401732184889744628071381623334945388443386910374123412150850310558496621642010850026467947638838941615519006665265712353641842069395342000385480918349196243585087874e-42
