19 1
6.53004883724239914080284244691804934212700408134853032850304656775386251742330959050178571582173275612056146759638258742291001917334594744053132122956302312465639246912079354937040679256489912389859543486891200220211962265623515859106020469358517188740509470447513017016062139832229867338683330233185819814537e-38
-9.88794197705395166607830827377346671666095435066141878960552048135717725901039034950161798122159512513654296721603489398612259366290764452884010927174014667510942657890200704618594218228866479131888798617885350122508978951817492316309347229343623337267585253218143211064630693249913700392643666075975174589075e-38
6.04538876255678572911623878126366992967131462420043216391139920707307204727108212374873855383983357946438347305084595284727568738626832848700981920182467664013264540331897068954271863225310680523830101105556611797733359033823349498876290338970565152662524923774202389373532953623298536996300833096421322082535e-38
-5.1645442579581775241536707955707628333844923224594138604502627630835193044858902645353474300192030852206452845761959121770380617260319700115716817704693319082994750832866433127273001358891613077302075088530121743637380909968479044893943141393683990848508944053556030311534032903031734507304523589351268167106e-38
4.95712840696222110961247434584456579202805373645165051827089629140671282991993554196550252467178186904877522961982727613683633415004758045195334732697706732146885080368461537957046195142535911506725398155421051293277408041296749597151070587207585098787051479760993165184331925220274330573287630062873987043319e-38
-5.1155533714210195103931633456450574976273449640303044911505940169166886216560196798302772812126395766324296175165750550404656456502505201398647118317201564790676023610845685104389802169739250300615823753632249918995514028232295693378629201293461550622655821006412293584697778089561234442284093874183574986003e-38
5.56865018934603977290405023895227004284361940942939030320457248778288016638508027578463602629452722239947042628535910671761867103657843874811578686784539143333034733998881609945403786640929346472870304599767680827519437374186139548266152867905325911512617025176427016676092405395297824055534162651109458425906e-38
-6.31832239541263946611635995823451738292386271707128169195629917852322462816881188038358624985339863326976387822640817419317706366284229971493088220304744949085426923489719244226210880328704818654150831223224546897531704624839492430936235042013106508278339660127373474479767570522112773564689076391573348389093e-38
7.39948456807593618067001017036616758192657969798999040689747431824744640121198257432481801563071298827574323401835879781254336968618011687936602221890170976093693120930031500294922749935231818663079482902728296676455027077556892038691596454047024331438450115791522437475921580196709239360572999667630194729652e-38
-8.85923779045038880507703256587229718003502206957453348662371058029725133251727406292744788805947468165495644523709343330128664827407561639066585242512219155190830776796131446804760418179668539654339361917276803899517484267515849096951491166489885829126030620577875395651294799428526197967618528387271940718182e-38
1.07306764192882505798015827079982539622429599422972753258851144792673668757684475894679922699951780318020904804285022244706785272543810103554656831005991006392062404827832831219226445819068305792611852894523011287206497713656556376403730258250564059933290872442007418195115971562262525090862308908518368005354e-37
-1.29868016615980207975275979103723249960470473510114499859098212027184985071277344549883774299596449721460960346022078371858372965661727073386979946569550152970329094474736830550449501233167959664321014952384353370389975111412811408894651569504951945487984105293750114528561715977260930800935947767523572361659e-37
1.54632464425394374499082936991967006178279791782131331481458795464200466660542435523567252608003961797411503640993736934257822529291393433074492434304283721329694847887169711128919009170110259744922563232000014827046112317202257015775221402314014614026828517289188941056869138360480007810016390375264608795212e-37
-1.77522604790626253028710836615907510026766123465116444132620253598492518532297376934287148169323878854640326891542648086635500754660879531903424087038939727955642749864654591696563597094536384971284104581677184122244205953424636740892813050383720010946608214113728048066725000977797212110083424777058117736291e-37
1.91140248745391645686718311484032498967818181686646475800543348813282949686344595074578809091066445184489405679101758442539703662521219402543009238153221183747948316375325139159025051801452328006637412327209741833062553693772404852464392052254826056316668284859523867095533848751804410934559784080094573345399e-37
-1.85402219797504647383049748550499165432330238899756965174570310625548344435697032242691855513275745520925810956458120703900837377468429852480225394164623432364684842736479662486767160343614399667437797574657855786677759548682288905409212448111792581140558271922625252863333252269639425206538064084934916838169e-37
1.51974958116889248052984296249097811959416750890710212503981953241161449481859932855956055767065699651298617100194867447770430293990075590895338136146974794804158758810433144719483375008778877333786060377949105919848313751163241222796948686721591740622216039715263870661324152020116834305894906528798815881607e-37
-9.36340562640165744050578600785768941697297627818046116963433902323594981032172215920783706623730175819045781608955617800184411620477457285747599701037537923685230263912349166193712350959841718789673995162515745800691410830403247122781426834272023000080495671536518924393326695060448035016838447803159599042012e-38
3.25404924611457599043319037809339341996531168466814171949479742732288026279739373043948969585051399663946830943283776157482702699278151426594765811985026609777915246129313748704472854335981856610027369761734982691068050043447129219704285888121276415372610731165482119168464830895192792827577549727783473731218e-38
