19 1
5.10254051152666518113877314455074216414787010558874340154874028981474721193126360142748685449180241038230288788011966112766630940165577028399121613702942627663178713653124208277225406218166825171260370641614236264935665586519238470683250856115049803165524452249274076808845362522363819714719601559262881035235e-32
-7.72637785637920085017311202172324667290598433668512623937976707174420876172106530878016457536848188286126104355704669020727680991599372950161297968596915529740730177750345862797344264157121162610477710298546083461429958490753102961216439247527181564656275720350401153501373012149154093423953996151718081976473e-32
4.72383019759274871118848921330183993672590109837919713208444388103884181950243077392760581352867731920114922538974816758590544644063751835291360189902282802527412624199889842403824317582649503271598504036928327893020441269385100193438752354113434055338710452046743417614275926507275787357586829661585303763983e-32
-4.03554379277293140306276601186018264191125377894437860657945008547458365015039308950907518732297475399073255199199412093157481552107678066672785579309400745204400315923608073870465821035355545720011844137676782027927798679675030331463389994069233356500524714027666635076871257880217157551871895235855944769421e-32
3.87347051860765465448007052969514915350185836289717282789458833256785950580223370602989163556937347952412693637800287918898156837484185454202941958336607636098325632519188937875567072747793823912141515017434837801034330188766779087665749329788597975188379340254801893952026942814025785143649747787107848391897e-32
-3.99726314041471022355950376102587214335751034704305370764894725655054870044818731502209179591816233101802342052808362431281551406228188246911156947686227633857920600610167051340069538833661692632321305376099262203037905623227519029140352256375890151176448124108699423825194679944283775934975307359555251167241e-32
4.35131071835898373801920549455657012240399706559979683223161003824022946842708458291646375086066558724246301278026201904071937352155667336649627407361160018261615575699068281931878762206317297180849879767074304132388035527364301501325259359955981182550155238973808543800323662559388619973939651649152296884147e-32
-4.93710074659728498473395496237354410424193476533713649065571275584600221013590825593719135353489068197596316439015190793431302258456358054766027608249232355874142489356174988851460326927967939443514384137030995284269449720024141407255637283399045646205148433200411478835047753713907564592301976661097346025188e-32
5.78191538743121362808337843849232238770200375708539010064126519246659602894494521699801879772911413937924880047930061231796483372976768845172653921757786206865980911139765054599383784906170998467525657742412444499361441350687220216995665358646144375748721993174786819118503942005634846673764429468982755907388e-32
-6.92255931097685548223759264859059660923285822567096300330705980167087574759724927772714726998988529914630018930763688893164155383549833719486218629322007319778712629177108983320277599425688193132946092302049364095566009533191408858576272513685416143192166653629736623703810699388219489415169507122982023035824e-32
8.38489245889834576727965213651059560547269364665332247044251551803085325257366533312226572142782968999153656610208784050083320431868888248748362208063017277497166408535072429011679587523593302100430070579960871560894308908992924127078395564914674399328079428957640026205714906214747824086777091603888400130462e-32
-1.01478183527248932175719546699667326642486772957325884098368704368167341297362659456128271066795819346844309824115380656923191671757485145983862630528389977940969893943064133241130172125340789756841238808928629933623333730696038530228772290472889197945451974220432631422494325880232753910620388996594571621684e-31
1.20829016587318571311426640606160451110256761234876866299640964548329818578547735072853470074892012554301692049627521853456093071090064842788413989713926052156962618683565114407598401717853479309009129641634027000186538287120444572540472616626444922316263610715509281326208031458899757029695879048848316427835e-31
-1.38715285285801272878473656241136509324586649988465866540910266653794446883247253779919041983176083133534847871807576340439938533552096848811689733010864209600154540732544358429662196269053272786991478884937780164466886120163867894302116660362492021512701810533539686813668442823679820058189519030342027030605e-31
1.49356079998159617703062741983035847330065514934792746760096862833696120853887124920773479785139786607433275995805610063436619687451260335948076274829677900897548612023820158461226820310093936102479495981852887247158795141492987873463142750715540897277135757929144556931408284682596563559585664660442327556545e-31
-1.44872448107628283667936697337380236310666896814973311969387030471707405914973203935941190217252406939771438655289129751935850506757002383362836402086125005503516399166761581751536299928672796803309498284651410425220764116242991483368866901888418069878011153347722432702652370644781791570771304428481392004254e-31
1.1875257054738405006872071609002088062458150850486529579481081214651989395450313429563515298889172377074765618793730155475473281279799020513981687380347267569911327865415370148130159272823676226607116905001866998053375077721624424997222656172811684743883446697671240860452722904181262990601848225968568528363e-31
-7.31652649448968153040338049189716443001629573564624245125780865801175595382115869402854323880383677019194562006305743734764665131857397555902586411337524561045375655155256227447382393451800342607674181005639450612133063586152895570054512143084019828547967618638314957922859899920309996236407761108111154900747e-32
2.54270142242540087942406896093219958140176819685810547491712852921208810319459379739765576733905273697024021278363381231407607901626616030340855058653873492617549873242728012177173126217979703305674909956082701105099894511576144339063429062817095513341879651878891898386691876220056282361753926087730941460284e-32
