19 1
2.38321881688434932891467559158772230501962481344712360494838125403718737193636838949537917283230978743969012352855683937478747194562748793750119312694056665343279759645052580884260036805214941533478779850969578886755978180023317107376309328359598998081860685866596176805844339249953303654230255765601552620596e-38
-3.60872228162873165412143638896862987476379536795731536879226301663520601342416194486893640653630009105090934468464584663465671064086002691921545523096785164090518908708730737035897739821542017227525657968597738375847410829693518110521466521471299964649459288838595996192826337546058202120298519035780133327636e-38
2.20633825806836399483494530483121806746874337605551246339460003352414573445182100807612858303567535771127150015283993773673325672929979532317534243834713779192381469029263022444372544614376987835062499217074887676234088125626153059402811902187633121751305912817886592463460793049829838122058757545833968975042e-38
-1.88486574608476367431460171371039840895775364993690263782682421052243295246551064942990985971193230522289524244802667555802720150874553123799093070863025261383501472037111277550939391401682745060407575233731167468903197005984322564746480111131211474595519172100314060807142400565518954345956573056541518382626e-38
1.80917006053556653979477717232407980951132298555970777528309119298303117926218062495439034988061064455803174185026460129212220288807043281504146161097679111543969855305752566571075126681192971810729254385659065253367442717522670108611457817846098901656096429823832594626286435133556352592764036258738006342004e-38
-1.86699388646152442093940237248514230671227303385869734206315419934457695793294049660139927230420918791635605908475769553541724395059424851922001228206586276133052793551279955443690867283538517854266421390436991501746901516320963086680811311208930223831059998282221464967383629554776528862841038673983143370865e-38
2.03236409185099553883795424243557123374209534246799512120492886989315961882344796854753079286401320671727118461537446290661546073364925722387874223778762445518355934099133334571149404914204583690636442145633243420023513147084170053326977450275144703649451431325140586823517156543293901896368825622979791583551e-38
-2.30597665203224390077253841288439471302501399918813802311376660092959958110177398446792037770297057233971507151123324037347790238862196611046178444241435752077814222949711432692095256107760765875141407342160444017661661317312947868605557459828666080838914058003828644927854954884470529405858213948866360511959e-38
2.7005759000783694274270138384875396521142224279889004488266914879213689134058500558478984612485903063304495780499951445331575205212456486189311780076910203548345550894190401522829723981094866012142106950288275444566218618022972697799494329175887539399485718698360456892838571144479717015520249239691687922179e-38
-3.23335448574250318815167292536920051592881653806608644623947568455144357022138600746973440433993205426848518662540713661513485878276825425741608537877459852729074780158658274823633060127807240208910120406525404924283877814278661738041503684763842784955494413374558364192457156147685435313558462768069777402792e-38
3.91639377604612913993992030749931667078705418227943634796000587342052178388956168780286065442839585778490496458318658475585495409792462736077250364724268190425264585147122663964218337107815734092892697801255795901921404472710399264434185971103963317580623432528999703072623358551330113393022123728008373754762e-38
-4.73984346296663099156025638531775454336851706801643567680734666097981383324469150876086972920373499442433841240146896745442738457430014715575077613265594003651462945354874844547694250029225826283512081421229864173362798010164894781132493589088317066478489440177841621367738128767677726251879221124728877677921e-38
5.64371734273184135200953712741987900453844011598537734697538151639336761502142498914601563285743682000453510801211447414669534127234719354541404615907912475610375999358390378813673120935705223921011826651274372077979848133256943981773257068565707043288117444166211701405089444312656190435108180375349125100525e-38
-6.47919831039675393625847932482509925442701789943122794306625636209827944052468174339178170663067474001230332442373835375201420207380736498412007524809003128805043490189043170894409156679184234782912814932182641897230993027847869865910181880172910370291139556873049884613904226766340592984434883648799920367008e-38
6.97626612633717226284182543995084785954325001902899210631054766895328997601138981389548788008266638129039020681077236804398224357721149577045330635755210171216020397340237977326898911747722325745717439436245899142765677258582708414504862530557959868077162520756980073764369647595413216088542945991879137055292e-38
-6.76689365654296383105400394335442485483279438810416671219925164267723274459082329374454690870402739807377349391931311827357831828440538097880508903350631473607690758065395801614896047982662140130911072630768598181982595159962298143207202892760262244831348392520799535936851317017284894597113098556602556285942e-38
5.54689865751298059824948801505476088288703934014646869330990211328092571100563391611591504338634397972778873298507805437187695089523333071379857193791534091818852438536728851877051536666962352297327595633640875206372904960867024683156989792449706593441379435495860461997534312221507183429873873877302801672402e-38
-3.41755931921370799194625486052775002183725969573169459724700186502337906330376207751716022522932229517930818338680250639563386678426795146767498534622024595312460608198864720163950271876780702893450413539546739048699215277072734668066351703461654839597593052253833202645667772896308904888078966115864054901252e-38
1.1877105596097160541376590837041126295828333680982522626650480254842376149403281017248399485763860181928472142874983768221363893019431086432958696238544373326422284760240127115583635490433541510861433941712728768112968906139525923633672086721649712135306255151644953953520890976178330008474414967674972151598e-38
