19 1
6.53003025675061150777190613316416452969280225977957957992420887610857536749829628031642769820859371632344355604144254457867315449956048619770930144595965937947961004001567047870486736038872871656978591091928369573684079440958457791239833727903170849691393475678851827309582124735289482755096903731533531281607e-38
-9.88791383639814287656444974011248508325358314844313763154642402241461211845415365848442027768750610229099373368744640096886748515595391105710275858401201955787541218839189272462696229691551194586062821910198247679729271542583498031013126430149721711948669760057109539151372713233215135071627091445590646676897e-38
6.0453715403054366552438901052840652686241600839588097547697828342532287534794349828573942186597706202021507937478142996322647207830205021117627205638389264193165567108258796144590262157407826529825679497762653402382915451232809670906284283949106332958974731573286701874575366323078134709269815096394277240876e-38
-5.16452951842003834791621027242897862512964957513652896154764020185456272282368492820157254899329184156358238287207889964448914348605792342279901644664605148717568767982321879586864448330917025571211552031330073619944963697758870179178539785503525523421946898907667769552419533290624498873729910925854267343059e-38
4.95711422242627906961501098926266479353899882699273717384330033000698939445875885272309468192426578906403475800702963716226849424435035840606661951789207069853469864604665545772631468571418275493432005063525626552503461718802147732497378020627877847499698407731577690440358107126244713917708339343025007774642e-38
-5.11553868368449869250649369450319721344916521866594246048287346183587138155163464282114531327602002307233823247653280717990919073926723630359016814199803097599955276674111238623139921154900217004237792968125699619375708093624602270897280651589449997429251134012337010299079303437002615105035847523991856263235e-38
5.56863413361185515567448882059889361741481036112503867674132211697348093489233150565340049010443037175138655329596508587724823893655046635842697059998620786621421140621939447349206862914706363713240184371622361356810482991906807909178983913198046095685648548368740885968687570468024412432450541257761472887493e-38
-6.31830408760240438523623741735762108127591256099851578327568965166621267230446286019694542466534481951492816231282451794122191284063842161778610574909238197116813420177378972809176986097460895598551617100040545975172525188830603553952618448532557728003325529461379000933598109844092167191642876347482914749459e-38
7.3994630044461527705627313771576854219021184984106980810877889335065727171724471990973474742265027976149227495938383581749700916510680200862690497272688869636165198457746232398982898216849065682089584195240175969877675533463857559991332554849611740153465837131217940463328083837316972351929511056046976415235e-38
-8.85921180512214929870649024310480842379427246680512760850043840212558439461638585069897695169286869302514715409121485862130646308415009861527285839883470571574481017843563514243273129640795126906663039813635428642431415335546248428604931268322779259941216041512545315782757313991092269104038326875913789139559e-38
1.07306447170669399211766940844465807215541528069778151313809657420015791346540635314235615453893517250479868569117103764462742900436792956695455008263686934050198748445033930665813609712134981396982288303672018339246289203790210122818119975177106174573999614457692404829251405254178630034405398301787624833476e-37
-1.29867629885985592457242001011171867812194035326196060897519351412165432059869183534369599056997984541760493694200545811721580048669755968748394894626965173437918129969767946663146724300176414397624329987462097574545434544164369706653855356616221628558710106857756427505590060149427655321726427984273868396089e-37
1.54631999959166373366737035172737122397563208037345613819654071770456967374478622532953479446738559715957046759325045300526910401863711371086157015071487834083051334195429707101117456157670069407275110168684291697035436324831766700913295106741277613436438650138285408895049806801247131551164698173100113331966e-37
-1.77522066580776330406038251824408162354858695604978661970089969530786970433630721828187850487615582220863218439639178682111472337537839693973364462570008974937807246163077711030687364506145288427191934384474150276764874653022749098737115756017138001974339558702237756879349795948735860582995222898844943720179e-37
1.9113966343958908691084602703336757795904623204667841452720013876487558275623531868607480546269260995376713655868404771633486463433456191394920356142213058861634030450152084197881210621250390376455135925742271054871771459541820667869051299420769247659151514636331396516296476458094029964903116415765972998464e-37
-1.85401646001412934365126431600962962859739329939596048086573849079380843816178820954420986770684568992334342243055866647529475130480934625701170364042493328912403661912748800204506721891702761032804051582921718266615482549462644119607838704953501455764826788795277931619934816877399523627935122160450482522506e-37
1.51974482456846671007154471612917647230199922377446725627359261520733649492350932037407399193770242014713681546687324414681598748264532827578560191318932308406741776915888746714458644465630372646662316711033447032437204311801837387440499101889719449122010791488370706338248705858117699729135124815355404808205e-37
-9.36337597119792214136492058022229255322715790335037674805136963220726601419176439194355807174798734230703108371797154661258456688703195308177564430816465613559203503935740154223256716112773015754656221801803267177772973314122615021905852346642641112105608907056908002718578530311622670477066775805767694702088e-38
3.25403881131058889686472799826395647887943405983187734517640812270884256045971247338546577316728606683951351133632568734445828519959444883237080481487406610554922725977046061957561662725797795643374590989334608770822885005152397416231331718456446817322015930563869680965947831133706809547731916593087871477107e-38
