19 1
1.0480365041754951951523216421917966191098168733771698062222054564706879748003799917648556624670365458344277398312108897241910634529653433575160790437660400760104457315751348246216461669947485024235260364760901012278135375698075976990455355279531937805200862848943865378680774602376382859755131156055940721904e-41
-1.58695965955027794324387104858678831850538741868889905310592414055465686740125804211726649292669592181004303369390229042817358286240176690522772300219316991486257107108465489930156189738805204788392358986382088087431603043174878572093235202543943350267255994994331139303835657251417286839516654266903220221975e-41
9.7025122322615976074549825479921502969775058005249354545839183653679054275585366836875027590959027276990017667715328802725729270678813960547738191549057128483190958203095945438816467360663463114612695003196412102561937450147358709073664169488643425941550021337585123099526688613153984130730223274712897915902e-42
-8.28880540863337263759748057272646117227359117903773803599314826242456909885582536982492869986535736694474369821723511199853597194192282937719163302511560183198492312935145785156545479482713450573478344273585180626246653665560591259384431031519935140993408814512643155067585031673623064530163196168270903743097e-42
7.95591390532446682444017524322824716239550791598743177286465801645839777204855017356598227691256403381701225219579287010438657168255799750214599785723904554154101166866614710081525604931676669991862379834469453043325924577504016387614352622777589127299349197400768009071369323676228813234501787477712279585201e-42
-8.21017625904361885797637126891026641462976059391620128742402419109729928391396348130438825659969069339852556304064495749510948931799399006777848244861848490828305748233583462618499331594310050903074670530391148522295936073334894928378979564260983890454655167132971547428957353392035481804290915338275033156569e-42
8.93737008969609534375834954052334062592642962879507276163628064387836085874878101141091691618379070239476396383634633324519319175336302316380742560689211609385483057492840539319578663024551315847972766127594988230048211966512027794892387184314652104842621401095353919932252649605645402764724279427033957921502e-42
-1.01405502266807934486540054737517920967480627749305646001422542137455936233122199428339877767016218387048288323951089861393151614183461084002372267744014967145403498730396477638878767913307056728704411213800934255965617327076014969025823762287361929282916825063137667009060929428473238433895341716037308043408e-41
1.18757522771539576465086389218338603388519038632413249924924809738313943169206615372989884934197212735559250474866115015810521711546515896245396983217854657257586080912994251590691290873687732876017850129867952229515647042478569480544199102662115383309599804450769727168523713648587900341248326570701622292364e-41
-1.42185703764598826965466328364613939529223431608684129771707797766458531576886226533495168537880237005083076813651933872329569701831762589279030233359487445050564180862987562352198369157325006025248831306138554239033398700783486598822124660228313681009223139239619344808733429778278792659627663341177601744362e-41
1.72221185228148474687921017808818466106724819125776993565953324868243378428124196938628836298657189515840118461064784736420186017974098952595079537563385501670916378057523712379673300883829274356764050686872588413008311032434766043923002863059765331130170422781049000199499228045455633112350071141701088158198e-41
-2.08430645465517134290498328994730915654598107305030325828360194418429600393938055807924506774951753998292052546837152943331396130409612526275635919648950388084435914573064855327394627885499296541820613075758400140805892108256629363766049385478361534342123678289290560593571598984678167360422158110155364385751e-41
2.48176081526311516148450109411178348039457148817104457821838692806015027181666860897666835922069937272010509364740320717421339741570358786509911705256302172574833963760959671028777219634999182137078081813870875198871646208719317832494241858223477832695683270873421278818257341349805864053448083027177137440369e-41
-2.849133354338404695442700707619356068711983402853331990023504400161147900137889664559463262441858959966450328352610450449099725959147526806545172030952164932800192298586248519068943361837222283389004738733705380029530029689208543488093481790244346535840898883876527603667626284478901968395350412513505586992e-41
3.06768753065271164447542123495342064840017102006825962313528343277197417120416668357295175524856999221790016926351535490780872581600861687697838147525609772926377908995593471640852772059105113508163099502709516974580481163249501463711275277857902682126313766684931875953178858928074535531575022741139958345634e-41
-2.97559453244332133588463211198291757446536949908339356288460555294070461705428318692230579937783427559303656464278616519604680300578204002659866985717552314854102536870851347552757940081358007446460489187314392760417135130618728029546066575213933811756063105243667720656527682564841423968206180567148283906931e-41
2.43910610043091774245572810042529370790367037311606010552412726759355877875368836970112813191933604969275032166536828136945551303821409640131852080931465881051057337946630522979690197926822876752522765685702303495892160862587515590271586146559969727258108308356730104637581409347188995562610915458362151057997e-41
-1.50276933562465054210198975054177316459079265037183027062946627564663004549278820297973004492803863021403231631982871061590952850296515625376270057683091824687631615391270825230264761554777305481596654426957983101388146909954722737612682678208146913392580843337285842299792551199827369531221426407808547891608e-41
5.22254781047902747175941150636985247108050998046704656360662272342974563288228413614907535841663519450306099315484720017207523335339549639907602768371551953584358600572263052688533512006777960269648214968677955782577196786813802072160706847786164877804829634251065064599956401962270500165191888136786370322432e-42
