19 1
1.05860438430452330293396430948174621543079231373697300111035477685032445978371788739967575426534402183742795525475110464073433092107491654614388746965001878495847353220490371518958478691574805497782444558661987691647971125601927994412238489132088493770132153339514950913080859564790703773840552487612548878411e-41
-1.60296296636656194534206987674454041021477495671547247627917835633845566227672199346938474002916126851003657000719141186286214605294890860171675529879838132074556452872655790188039222169126985793221111452326156431206045283200515933026372734506046390319957593337386749333107173476020142631576492150314426831313e-41
9.80039131441060384813300023798371093762329354680678896929892225097597310149043348623782416656661533363440087954891819406383457091294356937680252502983803891068749209859821471123321287005642469438751974273852009953347127472208139029550647724867972286636226924884527749007490592763204427932590288196845211706893e-42
-8.37247907682129582037515646784363044505170997908623491227004166043820988044289596559914686687473540085027562215216384812031562334755176293839253126294673423290193870539759764198975602830725305888160685876876864841352346593148487731670929661213902329114333603225957606892050404638340763077321909086616057063528e-42
8.03630486191124797552059321155865584650664699056914242455371270289442336754332634650230145343911534733802007851373444970823356658873764521449668427606920818389880449345228229538607320606567703259368808686423075875177103201948027214535126322432823951998027187714572166633435229499171928232930697752759667177608e-42
-8.29324135739802196191806945989414827645302026090499564287957279581498974818602433010541236295091792282779618875692542284198546212249730066446221378268511649625907844279719708074697016731633386187288145722693931952433653959536154917706122573866301944031578832592997428035590150197587715098206023523065697794461e-42
9.02793356577200986510230817586958393656232740520828870929732549641676735893667806006887423635914481134629123000628395065060102601297367210710812399738175659860801847731772249904921273119916042256380741307837682869642750899078791348298885064628599042211127029380040857980166878598619093573383846793588038978878e-42
-1.02434962996801419698015079725140522142001426106480416360668678451381683936296602583991208411182875344705524408841397274658062707163485636339048645678051673165479734039886665640454049749912894652824490169866992343993153869785412259496114410887068765232951898447337366079943660007853736834484912550319241160222e-41
1.19965729699726125749133844355141063860771713458895132751237239373037588238895367217123583227244880065074035356096876359586570932876628441529324461066638357934623632279001794195798672038396714275542843680038415151748582151083823781921947686770911914043249747304435063138866036430826095490302967959141308571662e-41
-1.43635791484303071541892847651323448698017377714384830945541484951634275048761773050562956511455491379170184853771333403572873346155637168330413455117624121877268298350722085647680514061207133621792684262670388230316862271998305393906945690693047576596854711651543671189288749315129769227090181047288742488337e-41
1.73982384134360868440250378682480908895382633573397356248806114476050716538507002318778900370184596588208037163155584801570511587429447730321320449754359317968982484063891714239325429064525171318002825377461249620773691746801481225841697942261656938544027385591520878379425257409108923067021846866380031139099e-41
-2.1056856450738202378380386425143883138326089895648889052223047605037274826811160521258290766581045402374113259408580569279349212108560424815388847125908335236520026539664219553892728713314904214761067664524298576387817083819463025068813580771102573426833800888543514646685702333868032319842930804305941436128e-41
2.50730080594426148452034927728591837508916414609636271736388804173463661163759940836444033976793776136289899134498109454666499271689075986317918855017279573427501866896084300173453696120960186631529023928389808778258323855803567200021298255856014045158268500566257460017693130348364044369982994611952169362885e-41
-2.87855905605229159503425634645890552221138868686300135625293756940775084024830908403543544542431270194703216281048789077443148793224578971613610652865764318923306030534833063088461448534907165747218277522233633523789925617518868804365069532604318535207464761718845476009694688261291705439506183399679794060749e-41
3.09949281361450108944999459907788481019933645260064247092271495384390887430130313934682391283581307322164512137595626985096308565297831963917063558682878039196189332242078462580266745685633098321900988321248745834474676872108029846014670383295381559616190070816372263353009848235123745303658164107648663808963e-41
-3.00657268345156982419108515907317746611080184968779628489503063508395300564680672410205396384040462354132043205975138475673038342719890927339720577038393349168696775050944788606258449502345288057889572255154764421083632572256213199377931037560181118145431332162651258970249139573823664728112505037930989663783e-41
2.46461102890661979094693843006799636322276107857896119942979553753368647769146186893936941081550354174668498540622804007431370185126361980227913696238041264488562350433402977468373602175445535304442200495128359888077423896604471392822685286959007726725696741478110087085962916733717973552157537491072721659396e-41
-1.51855685852131296601394053476610172307474787461903637079143046629482410253054679080734224264657625571900146963055101804102658386584363178771999860953515569989690160996630488032587431023715646396596990469995106871712676828796803881467676192544543468202729939504349254954660939116336457023484033071261482115085e-41
5.27768534459971214288873623759714255159159914973577309813769928898441792099059539740107692239601052065196134740502643155469030844867625488377623193657344388856460698741145039009078221684551338500390126474455984526235173327868730381950000133339925025670293419080356792831178546853939973649448429972292813941932e-42
