19 1
6.53001754343984329055173192828810071162972126218123290293788867979350474714700341940209806015671030540944095430679379513346197193360918883742122541150624279908931938480642593855125531896619997607969490336550720289008044324097174191751331631699006591350227058343428311757321168823082854912911992534077756958157e-38
-9.88789458174733813233953282376228971738035929320666769038288438307937809684491377728504872011219066463865512056568799255308333345243973632623172431311093580035483396133514106290697377320220798744262840776272919204122787863152718753318977274236622861100171422399093146220119456244058153464953599081360729661091e-38
6.04535975634634412744365936569728004415510782658206953492174480759448904330055998144321056446678857477951974166634340295944816796518206422760411026073116903881498443775801380861675133972132418807262292475908987989817819836359575912804959072191957840646996943409303987623415221344294692434871204288748812161617e-38
-5.16451943321004132658037039884705113447489264993544119777443514535236177540207467408758313212573166393892452504770333706057051287481697338740320412037785972605628774948200960730711444679711536838280453591453151107735137734607878727924024595575466825193631789219515525148572564672825047435585533582508530007502e-38
4.957104516971998691689070214368100542020010034466513530633634166082549268761207397905070813281739567667970591571042294932263286872593600298903599077386222463578747099217196123615867444935182000737164442592709855774310202749276529482616732580548400542741202726745086574531495407736493850035887870787674811843e-38
-5.11552863393643837971097069245458234554186974881339289227956942204621183035367917178665884793876210243132118943293006789535377303640860302343158101707964148197852343923851850207987132453191161269289272339373007235862759526621796702425297415752484830411570873232157879831812538762234167053899245583746237996729e-38
5.56862314785614218957543394216944333309675727350018672307938250906127194247089089952045847128014895936982561312680144570634111204785132620387835311277771909226173558706360232558303133877855028855128698542804094249756529597339141695260099479792031976493247677820297672219084880824751984318256266879967930587734e-38
-6.31829156093515669596380166725327430457256521872289257454740646584571945746849336084498156209512628689318957072850991903102412516790650379010381047985149275825493257267672617416261334343384186692084952639463144892221931778533745531331018739199073995898261970540631698308187706017376518501437109556644086448686e-38
7.39944825008928048056856627561671785684113433026550947685793650666313419052353533119183574789116568452406560930458313757898516568742571044835639379198789698634204702051807176669139055908241071614415680095484745974105740047896443064271678836283445588023794316253647129516772242233194796462704898671188027046239e-38
-8.85919402536553197399763686564254786916259472186716060117015773790490401599287870611959960779070595810319811098896504633545590680053637547089953533918169634483659905274454076168132729413509369627530675027457574955066583565864900261312137591588081306159257428626311176211154522701888229888693478386149186481492e-38
1.07306230257260520761215053457287699946508841131801533028617743898430148650807012637431505856038524692531031851207135349256795768377048511088621131338354740064946649674856420362319770122360071703208069703689222431016583742114059198083604861435255318911278278558082323038911799935470405238670425871838130467962e-37
-1.298673652776128678139069458584902418637379232627069729260048472537794590823701881977163546589700841371843928032770476908780478444614850418829699875726062130449567703268563283703229668922585936053200123060390845122376955211689410059311979816466356240652686924268394905094991626259450912095711947695403119326e-37
1.54631682162888368569229454837947909194432734828877619987327300562580399052299526530487408663010027939172305060660042473478519449603894656451324171023952821315139055152045023169186423151850954376023436590799077943747243802212195600664533880113066317662252341575169803821612768552305017825820611771710815607819e-37
-1.77521698328726647069023755177041171344014344333447286239370063009197182601813651904141722698744305786279851584171149407210346245412036794093630486481025522350590758418691681275626721647491877724568186973857731970123222046165249087288607945293341880902047539896439611349084688761218964642939040035414084585506e-37
1.91139262964822543214329319622882730591111724654898286275258955460150969922901674853406002145854006572899998076045107767785759137456014031529148805671452489785053004970973204498834323007308681425003122454323256662806057613020665715857318172091319662363608843231206606430550285334190198895566721016605376364837e-37
-1.85401253402905732016438337009912057786920993402501017335982894093772349460513504700889851240379483396103935714071803970063652290092705310274448282340827994160261468652535199149099758313273520104226053405698206649780231636946434143241661478173530626251813901956947264159210300021259041711051044042393091718565e-37
1.51974157005255853986310370775006024480842348605862348671891632037513437941210894658177140906115124764687458105415542546490299942176641149677308583287049055131017500256579741929706093321222289178518949047203564392502823070860521343977829839281229524981169792227040941386233585174061400559445875627811067715783e-37
-9.36335568086118302788911309882977738468152950236990304315836032608996029375103056762526430189979797008536236548699592695157524533001898251592257468437041780027485080245497498649381894059487063296717927224576588974364709207771215719692437256468941491220783584449860181632835723247645546046263262791721679834798e-38
3.25403167175464147299891820514577367290961735771548103590462390298019883505750694528846171946453849838325219021837813834036439212296673663240402724851596661547913099136986958079452263464688531152119908555934503843024911298042387857608949630704039137351848774679377924479321812524090196181652662935017546112861e-38
