19 1
2.37940970941798121965778707752393098950619444159444428313337522766907401923471241363515115418639582088810324131609167185675696579402783907617969139747765018473487061965347677889657432360975645789009930855885508859595151782060457392315665723472685609523219540508415051985227665665870633268325442643639516565416e-38
-3.60295442231755509818317533666622782141593243993348622180773978834690669581643134891034657562723382199502845560039203142774423119950858670150034612775432810979404259914790623134916847806870352092096640912236624089450896980046496398799129041527602795999592312840431840312435795003779687022739426770459457621094e-38
2.20281176732093017798477788713919324516657561507368949520933628116610420355392758813840500072442760931957996749322521478331303965497334333634767801833221006077308715408786080437848258019080619779180503019534719987965460446393596137357747402037917576478626880657663991537520420566635999344883744405736582861577e-38
-1.88185296140391936981443390067838468288413060388551311244521792480312321364600842286158931228205530127083130646980762917444324598424586988786885453772979346059665293025023122958177028885721799548564672496008420182645309347590074632678501930512546851438120808557189919922624831199793364274444674128521332297979e-38
1.80627810476110269411205267754149900992935287211950550655716928630687706104523193848738450874477294708456434179143930289704865182144832364827261648647290402721165182660279518893143231505763087066215822763194509258315717382735257210321231840585846808411611396050739316451489728235614047923595110488311167401504e-38
-1.8640092784820740739347224932221508364666484225341913431864469648103148873219306208508543363722811671959910913658079981326773444481396029292208113548829719712249321887025846366664389770183235742118283634869909758331521343497758232108106232967354364742869645781856332897018032636385783287103070011081344738387e-38
2.02911482321357084034435570642833956774001805804069706802980787155733624055327242625628218729803041977611335641809596238334242459477563692515038280308844245410187806455556712126357885461565060833726061712182835193241415718973887275730824573767066991855183864684904431785264476789385476588466496832833642620756e-38
-2.3022895404898934479275174654807323032985350254154453416620529380878890302378509476976833794037634288562114608400179436618811767447612209522816631866976665747534691060796623495079348021117837320427230616947224638919464412356229224165139688485148674315894677711198444199829596183381249348280018268137631032653e-38
2.69625730406187850791939713375894159233081314496895511256428153537267209605211639218188280124335626035110564822780530318394875992975338270966688709854015703214252158671081125852471293238014946837986439910616262871938540473288674695479284747141713344933568517001437585191347002244475518186712383071866368854174e-38
-3.22818316006596983755128708509708871796495781068176426188548040860915460287687052353114354869229553104021577374398855190866320543810662540578718316936430801975734288869539224212347644372764974400135849994200126738662714151938068481051878134292685507207718333604739857549561934618512559380255462811815191260179e-38
3.9101290101178618240227151403337893337221308958120968483128189181416540558674821847749376969143634659320031641151773042767869200561000833953880497432043704867325765625023177874849584299906789887307880876676181374162292073312411892304425119846013269511750786533777630917797630274164802520530095410620189853576e-38
-4.73226013264209032593516806983508167299825180687617567361015272998418761301137960398179680234847166479882451196896274173665894150628908565400900218395336137466039422068938846264273171175818257617214406028456695039976547290381675454358034169051986716613786195373031487035392243950499832247405664447836563438353e-38
5.63468612624142084185072520962017237153898127090418656375369628363130073078401957584821822266090867758295599716941037136233358819167942673993361869879427243585208792288054148445184445125874658023220435918293943604343692543381799782399722135120087602358481161309962840864620219745003797716493151477743890381617e-38
-6.46882792642805364951000076186578962602572151210301504532190802523923875586774276527621478539940167470129692288908663032788227782530271962370084023919914881328876304048646819335958476187428786887524957523402035592492690780485443523563244941445589356934020061159391940722959597971682981847314105735969732560533e-38
6.96509757854120294087734988239460963019273583354475022839845251521065245316184885621660706294151746354188556816712806736185594954825169096701255759444593254180153754081457241358619962772664148245927642818036424117170460927043741794526971227732042473145869623123977387197834022582482804153367003851890521145634e-38
-6.75605761511404123126317269199629944622356999219797041064953986206965476053117523401297237520545567803847688348893581857769049924815408005752489179463879844766295743374890406443846354717184114317787210479414225589310081255113746455231040970001723282368709284753356639558734747420888551661332808697945231403163e-38
5.53801387700080630082288879856818361047792143787794679552293448053043482297341252986207066913515215198041356346161342782720969157453254887322995308494181707518093989981670212050739951030149866909881759336052764384286979541913116524494018732358698112437749722219383542114880352130996238908198637727589770751189e-38
-3.41208367495766248224295844138696060095454145147149945883197742374228647870861974329978805540581016145026570595653201419796311895661122104995879788652841160206266475665443651464952723339908160711130464749389293368137800699761025219905237186381735567334111169549176451915962203329757040418372389596440573342267e-38
1.185807028444276531938215483982628908803901811691689208053497499096428653125498539830167855115784219495177843355481248179130573040625495962044696150053012758503237678903537688766026316499243416110093137355167181079190006311402566289654124150988044150801039047013206815126302240610013684494148015753498196012e-38
