19 1
6.20529964253737758180889471125203568629034354395474558205919801031389215199085354662940602098454825478365702721327046827019526038160629034182918714886633327319716123204623630120080272254936005259503938695616299774584769192993942700281179043177054310825871216279275926092700487090235882303777555561006870147429e-44
-9.39694677311032705282851718198055806956867259952215199901223282695944210449570002692584333724523727965306836575592840101006476208657671405551613195291795864647598563438705025140754778526763568928921183056260818243745270931914254529809871718839689989779838876660196058358714169882989358479111576589901220957039e-44
5.74748459245623276689613922403556248946217687992063970497499999731230304040453016155827593753819259656963130970565803942373424358687247686996783236418012921578071194795470225097347542883887092978035586051471317740108221552235862524944119815864000970720616852982382890179403787606025002539428591731352993574509e-44
-4.91356620940921161543777864270051296992972540030757619850511852023681330605993665387688541311049416089221165224135455288524482722743422413264407909146545940142776378933435291247783141865539108663090963660019531765053597009404290468984901903391631628672446498370572609589037822233717124887269097079566979839382e-44
4.72112249534976153486145581780302518048948399613215472433900325708017413332711611374519500431836962150484264835571193320453705068045081425895034885257376055643385889931646726289330909095898185581772021879856679027704613069183472833587497298515807864699990215294158870288489871445703594160976758002382238448639e-44
-4.87863007020191883674480384921311541545672251008617454018220865372149201231513383316692742180324541576507407350099874974687400757067240500755338397066326118177235875398367170792924161322236651956801498175525614364143808613206782008774788894673839391268204848066453584200702905795368934631596290526236023950436e-44
5.31968999044989073094217623708968754975009308349497365531187655039517393855596476316656618716626897544050722697236123974776991876613383389039321802638828841981729430183681969453403381159621690825124119661539349073752698018963308132805660686336570519940135583149865952579212291945878019524248015717851929696684e-44
-6.04799717513289396855675958670076142144962027846099011004261206774860459904896328157739817944748542652059131850927361241225370929405184116363598534250511109689975613072328101954187941025469928450766510809588947966136009847192644779174353414405204462534424759457337841809178696200984452097563609467803494252508e-44
7.09951347969365169901473497611012971217571272444903198630440929785636475075101377046290744438076193604054854194304712782597153502271302641131988629414707338026693676252185411545629739715538746868772754278764686081822849640169871582857628569777776293140299238696881701792862121388918397138715092292628252833434e-44
-8.52288485137494056060674879699925297174501600205609705798420873583187285776627812454181598383500704525917160797954238488602557457708005385765270875149823934797315518672395044530468852311045042505496041935429603163563201315065992185677545434522545067320736330206614032104957670388166339433953184429990538331987e-44
1.03544858722743345456545475960245955919432641078914955965908435016850958072700888162961571860693891710278220046420243662211400475645404617526340827466966757599861815745904505598286029000424044377713621631733996011009173552412046621113702552343396677080344675358388064270810944446714989471041560969943965932535e-43
-1.25737667775493756089643093005914012743088799802847305122772701112146963572446549207700380377477478178117789268876343644270150462038406204704567617688630958400817139752681862457416652169564679906201387351612622203001806334470360297994444891448711121406709098104952324904141259810552002551837708812715596681408e-43
1.50272349329090160828196048818771906069735326557757842058791106407530750964871831357237229063644801190259103176022887232667083845828283895518606347870663270962297445851034172818581096722075553473863271885404503538757819561697045727709564116740680557186938750362228861940615066301292912512746266048650869947683e-43
-1.7322236702262471710135454978657671654248863422857728021243789961484417898580406948898582993678895749218380313968873595950437177884707213972394496777506621301550249199139535440926058279808160560979353475479049557400645035229165631136796184057091390246293637930247099580764116750905664211069642474085102607122e-43
1.87341808637767917049589371330034870585924426117472192376662127223332988867821783654971504997962640341112378885739607177919403324534177609046247948675565112710371032486880431644877238714777547745307730152250349308796424920703081205871229782060509868466814971035582755667307797323632951528416964703750467231505e-43
-1.82597221379117278041652136032719828127170646969912964355494231055087801427379932821257461385365522911000695701144453097482817188016977607997060951025729739529980050267355192941272626218184393821034530157182206017805059195116738467411092822601967031105028688042416811853955743345946855188730529167542646677579e-43
1.50458558476434734395510613562875451331596206527274114585934839936679223190644052570863004625757999196194922832728583939362539852301051150085651967891852481046375589910547282271848506220237997659532933470134913901025136993140078497977783227074215937212743714807501804361284201028397028732453290407899610498966e-43
-9.32219825671034765250604722645359878315425446711501190074450616401429739224292007696466288981584873211231178424202907901354778580497172289505773746594649756240576274848204701350212793628483574363339230066621729362601566648650038447642804084617995779333867722004949392361743902162376229584268041756713663533228e-44
3.25932646731287867618629617734730025549823344469355411900431169363816869197860801380774451719866282616861066506975291544721119125382867969346962840926815507302782222589115845637924280778113226737014830443939923762084979704579468488755755481407133048966313125405447748693295462863019695045576879075134492627082e-44
