19 1
5.10252131074269864739429728808061110238029688432558115497329297137405184415765405211778968145781443627725711406802937982147302311935346149076834522553062969455493281698456050442595161554637140736075477113613019157811627267576406869134468463426494245009407255746081258499183383482335935094814620697767016478878e-32
-7.72634877024957008978463100948784547878415350596068889386554745496405903942989456996660287089132091573711014299061289901586880354669040185042217353416009815093909143457183871197759617658341961556570770110490608555069119085560088969881665077644471472908879540711825921507117668606703389806171831204898420947774e-32
4.72381237829253163808191575255009985933528231878421568353895453393377991712805331119253849379889066200649001597985086927597270055892109345960654667856877298578097991996413214963005063252055797763192689151999964849191272985232758783075151487022850752989013955147178505585721135847083705302321324493039072635467e-32
-4.03552851396882115352512360039321564074299992131034100927814823331273514999856929401851251263527750882547576710926133723623812031579866858612045541235326211029496137738749390756579579338439186587845447253698574207280081426207201868213955586364499976635050098077284031507129783954546009182356574311563714732695e-32
3.87345577596534152791846899305904916926876769654700834974542984735137820825038665319709417334531027392485488689269045275936147751659473589442461119679403674707473902522829143525793706743959816260437655715063654854031658180603328746712369601610350234988774665731457836579980230342952670383455756821925784881984e-32
-3.99724782208347538827074671534000736839275071319092401873935353347973527975338481333904666802868042949955911923567050357693816645869830709845554775103324568008978451089790343013258959676513065004301834339091847831335216657064952326477425519593330794787924019080018977774416105061099800685903971988487380371082e-32
4.35129390268579166023764089090541377649399473089213728278147220489821000590905480511815356422477055205664096682150644069722510312224420388233938346123040295835373661222023990863930752986415325142350240183764236936377851006715294126182559120424221366159687801681033121311442818489983932306012974970822384538376e-32
-4.93708147727428178053447241439238945451724505613439905051859610795344106685099319001353904626428895686652321133852264075328578202254804265745851776401316656414832647560072128590424757259949611577340111419630198947574424964508367244293937180868320114664607435282858402622642097174634270211489146484452065477487e-32
5.78189256290323826952602530562086701872605696131597828225026259859846991320618976355095667626006793516833494217703950232725428848687362901263747268689082720670905332227444247675335339891833736688777767841174766522322370020093434944562979829590160772482696811471357666314846939285900514685879890327757565011381e-32
-6.92253163227182693312107302766622704908688679060111571865042331945445235435459056982835179597678597058091935137637548557474445863077333530849929182478342403241829695880753791917491351642977831127632443111766178100461501107461440172807709993331093553119680025856810096163761171712599604340058406663041778546351e-32
8.38485845606855089907111793284412568928653674874604696120547684315657611191514863833974283553459737585544847954745506450243474981677026988016449709059115548854582827627015829344749794022562614087217846369896387284626894003230393636773009086011287206635088117984328466032875030144723409264156857477457850151402e-32
-1.01477765607822037638268749964254593139444168376241606431951749154774829793407515836453470564757906560348436615509991242867309068762196510383107282046042913720615382443759612830193396696627959101685445589575571466386493824727030788999915244891216996867502072216960526865671608641858332011139462378417625367276e-31
1.20828510610972621757028786483858590763431202310437830004242099528745339687183120164685917528499195144492510386792805058921610148039880277115166938622841838751028946522544729652064415813590394625258169229204277406435488237786188298328923225360289268707782595045819677416867616455201612905554600164244140950301e-31
-1.38714693954231804637890327158320757861507418755778085709396759638851325752413962836534820162145567171032588514310184031776724119906057530230044843304378933885764039758619630400055421522791758583071921258000820536985327958590764607531974444073812998222303994406559605054586142196108191340917231463935569452296e-31
1.49355431128869552586364242247543726030650498156574053509090996879236102193534072098996614576227580557111077904398743236498572373539855853651011118605381449307840075713605517982756145768410892067076866170728912611398330436410919741116562348676676674974643361041326126900249532181326578462123041595818248736424e-31
-1.44871806014343783842876317347601325967791088048388958578405598923268621328838135075203678266018544941167983869558805650351178318456870751126715090621930871529148891391858930235172609576951670745046150716261714341526254801589611608107706631735790318177328684491186631214528759588319967630304855540731246866398e-31
1.18752033077332885749716473693667031548435260738247894605487590202650755177697026634520214497568706345647593163036285089363338666084645569565973829307120867459500434425912217415102721805138687294941853088927982864124124024353872145501366903580767690822061043237445083527636250043680483949742031367934750393981e-31
-7.31649264855227431827742182940377765677922256524428331327158290080634232540930095660086735862829411935544953859337912011413649460887922256362092394217219228472049654912943093155500670072795635415469280073032104444009525839235984388531585874646217941418630075720903628587426702152673768759775105433787096024123e-32
2.54268939010072196914922381267731420232847087753813141010285490682955166735276626833261366523766592245317988060322609199753581022078431267514220737317449951150323443187628626377344357470358467406760274235239861579081344720230158921890159856867314420219215701234893340382388613663744775317570309653242937288273e-32
