19 1
908643768080048762975.314842494651184287566810661588782488507222296314953982117779316920188815582464398659189476470274892649990950157364694489556599353217856426050047976290779231480028576617252523103647063657424469889273408874702806644911596227507474225269122336271333152743481761217369981308672973501455021101
-1360898293100405893082.62758296869296963287197246963653711642386453068906783895603363525668330574645221462199179133652676275480434317170690226065460268374579638920618391824809164662701181695553132020906675348760067618914245657455557425471589249194363707719604092551518208725125509582938159019137349653737530421
937920908461742591649.823713018369752778342222489443476588150530787693481477219218741113084895784673077195195832804680066231949586788310022047187118671300585282512067762144482947841941554140160088865859026048499719291789619241596919671473359467797621409653339574374412412606425891544820754179370168095175058662
-663266197755900203668.323381667399761698483840227238184726686541556722637538254934434527771211157348100151587336327734284424046000740914413204420990274559282062432942831239812734019671379129444270810776541123162219957094031945960485005348138521105017666574623471617548130378603594955450602491490939884145499503
815137369536493633576.933562880733958177924849788579877842367113098305066727145069506102101827767947029197577430759987719615956544827187927857779886038532810662105101714977116087263944759353554865192875642909254379962463427592769479215985565442237767242381339695765512992632405611084058287355987873782963749901
-666059179568202834087.16418797916236533900055223456850841414744024478420122637216628193671716483691709396812888302614219730242941479408142088394402763553086323128601625381665640094612679927495107358076333561645768374216830497236334123117252463062799831293902450204943258684013349786462065969775935232123819513
898743965981810296207.984939973333986264915067803355920482379130503541897062476392060583373805677369589314233954395205271825804107692624290332618555638077228578857974109011019232399530915242249000249129916954526769233075023807990966625702422237648466492217475674006594271877820238216001511357305961110813078986
-863443411350843524167.105655392169793889584654963169524601646704094274475174106161253383182875432496382802741482608960465240119191867201885193004887129248682599746214542218128631447393925046848408395380154389811237039191661912747221532088403498215658883249366336854390306558658209224774550464098590620913938365
1164328077639563433225.63559104994815139516557679626389519649691185766123774566235636107474737016414080279011040662641319859081262782367024965417083471013519157560881806059923744388822587079427033347642512663691096340512380897597520482001235351502140077666420771712299185912385900172405151745248918026087009046
-1270522891834950947629.25356829044558681674842237209470605417744566787294610812143014636613483589797269078412565104186351445416366439896924006974236581881218784271823461440287720509986825352282108809039515886400788127374071477267690888255096991024171400347418331710412672631266408184469417750762886869250254283
1663736650703991525724.90946271749723038256813499149657048097682710451500646749738433302319056605416175229700581065896257655277005577137002903875248956381444970966044770828541986649905219256098797196604083044739315610439968637809922910127406853998530603282485607415363173660695151618435976065383248467600511207
-1979318437492887502504.7470701101727569840951578063716333353775514979905560273755747209985210038479577983829207672622818212042399294675725269918735366039314599857161291280631722843035289949824516640525530916142175471557047579735762924619667481773067128065886834739220902005790479081009550543543795447729789858
2418808686327066833988.43011368884325564674523458562154610180828427684837030061158495026332549791151221525335697052061862645528935783137024676249094620869060229691631959491157199882249931911330925985086492668299488155954777730985826750269373556604163913832151506074497806473847382149048719476237205841977789754
-2835399906997901181486.28111058482786741955188793709181276259960012056876700669394000147425113623951007030580499505240847738135834222700068356381074105126049946262306329365869311402975955565755116181632799218488706211310115715203756483653310847585750816247447727339793113645932066513850298467065095149202161575
3122419362479789155943.78469005954121420267908936477194748513638464535102267507923044834500604578787005776622097022844850559193436701486330097123327379936526339639070432131209453470145511963662123567815534025828463761440257144775465302418964368095049554882606705965999924902346771213352243490588178405536211917
-3116199765090666229121.2685205804738256237915868308240767109794560105174510624740725502746047398983895952460791700828831478402428870284908092108637723775517965048768289490213368504152602818469245669612451928936052592742184158207503856031831169804133188884997196579579070945167132298772927333625433165557322212
2641918884427702432188.98482929151630850124904647623144189545243752189615453940768397040284564955615903148351679100583349949674937529990390744671468142624554917667127577777001102499509073297466963882181933221451398519259192383807822045786136785709031696230434476504069220823692156421287001044223335720230176739
-1706631131223161232295.65438265770374317397307809121053915290494526222253269609549004524391528563625805203298110396949758993029661231991983382038237297299262511971859624634826734030495352944779149339822722565607608380321397755239852767550508668247190226286406783929294363639407656237887438376438181800420676669
635945845752179618300.933515387263056240423992326023840945367763575125391130058213678405744297375682423185147453714644249969830419456166321119136171246283155294900931742484870568311352097039833453392295575513741996057855226650021493847821189131096695559714334266122351269543538559504391194573592599975692240561
