19 1
6.52997926478036509097283689447779374875520022623307629421394981731690414190185020855662516568982022443475080550168921477755419103648760557604506754366077899678572014773906546130554596049398886367819519288995781236126125486425709985553824909786610767882379576451009449780518565940975198418551414383233857988687e-38
-9.88783660769454471710261690583763726481700744403999514400489810275867187916401288670891097901091767260801244037464911010221882894423264533934467469017988740205472776199837754193639164814540668289080419205137667997762738434759550862439018070347285695372345758223069768132407553695637938659630167578986489766064e-38
6.04532427590368224036788897114977574147917469519930643566090486451077836673525503358259879769717417534240458920594440849413977034712220568055546002357908956203948645285351745150154345419295451637877437399997102663582758865918648222768376352641833392305144823294802982934682373828619222237777089697309242112578e-38
-5.16448906757490832188766972235489466478894787529548453648147960614254929260218126423761851029823327013181162251400159500129938589473209058541626782837525048026805223755924737620828473430177426458267092806966790347691146725072630705744892865669116581798861481629081416095059819113857837696495057514397970684044e-38
4.95707529478296886447783873450946586713615221219231769085304218677871221297342744585536522528208114179579409123201882163402577045419087899955638292917312730071871036171033682937258897873560698817047385438465378204459234618443551807136388801124363590195536747160370907424356652055880517858196736859676460684505e-38
-5.11549837516142355417200975619208298545588099809979596779772006870955625383496299095310560691587292091342909920122094823648865088449288992564817100006306430975918132860148639704242100896198121694671281629098129715169136017302620095354401419893398503536605798669795873260899111287962559325845991943608293171642e-38
5.56859007092304715873902730707885172389669579352117503920556831439192093950709848826976896193586509024999884411600329990771723762522852327448204448782604616577127221037270747251898415164827887093651605418851136541251963803943898573750615144279889102784617011445353844740361913823696656830142894915165265809184e-38
-6.31825384457177148274849332137263695409452162006003459375552374989474886973726768275357446335321392231452961003917926177437099348145740933152018808223525697329780321811431679078052862702945203870693511798041980737624873849126560067463118244277258562920271759281859203999783559568532404652466727473162947515244e-38
7.39940382652765620581405883651789471532347920904274469102031175078439651819843138823403004603458844021058042027490337463271509572272518763446156970895151811720790465135254130711590981270421945550910777784690579199089168785390894798899563720095887570764129263691115067201825986243882528764860162506593195756631e-38
-8.8591404928592312777627129930860285056596475501871938245349539379164654066215047858630237834773438876232084962147898232061465049561749116459812739054757571976676737662946237344164230432082013839151528543545316559181522969217693549287868367227411428554410473164735690708777332059429899727721775483681350974537e-38
1.0730557716175132499496983553739121428785591133470691294971609903724172499234666779855271287554966203433697960712452272519729177537844788342713656589193869958736934365121504355320101259980725750425103249968418340078866386881296067543053778008649420529916087367438784855915756830390282716010810980155133409006e-37
-1.29866568582270916301939391689026300432916399288428350917742590637203764695771041068059249052975935626134538141575031755833101971860528887934490784301297914573091637861198829490386089969893689501830195328365651043674201464188496099700798843156859767671351764457131750333875091028273140569263770942205907617409e-37
1.54630725330710103305770950608998838979240411533132859853031680389522292502581114134011457087124651327547426021764956754600587473671833384528084586841214320993406094544916464339346546475856294480347495256233274642583870709038362530340461721229473697626671779651962831838813122026658146621334986685348263750685e-37
-1.77520589587268660542147870627886264859082209159584692068963947231820893121420871098452429682080452857415918747171505473606360853786112515272178294284274255774014166555211630595479099428060653503300361208142259682623004449416800082427692404997347103124181222943051016546768497956691158957260524289632035312932e-37
1.9113805721194958264607657921502581322856124369800398496272348352960672874586944958455281868390201425660763054757324036149414858379419622421169216532952879155196308158734467158503199995634473344571363528819246837403156355984433795448892822381561914582598817067310560990963911380146846548391237924810541631876e-37
-1.85400071369582269973941721216034622346391647440025421198343288888561524341142336550880757851352473624218942266298112487874276893106631405237826412670951154557870177810239623225988007829217806524907053370557418372367626639905352360896412210985898968884618503473282595892107825320208893631387524331793624501231e-37
1.51973177142380168158515863642483346417804487694699150327746574618493700798463151614822082784120157746637713746605422104357731335868724550328655553359185961779840051719244411100468297095327603356589978197786682387331494744800896386861339456539353903560015854413894195819878762441498534287777136460137773809754e-37
-9.36329459145591010161437419078015978524056275456041420283997445217067690398812652620246865021472872468979800879891213875474717855372609036586788153860115311794020275903416900173922987659619902412485673677889116110533749082079542925225753719854738941401066495257727353769207758436465429037331774737627461271414e-38
3.25401017635630509649961920322763840319352773747385839919684215320499451125711408181261707827475137186530363328614867289820365070587373723733995095870124616260312957156932253171185248749969073961258867504454635903773688141692099580712201568618528012098678387930671179327572227752011239089844210269386383168898e-38
