19 1
5.10250610952935132156481391954234122328768387409734703705378516978984795475845759499027870412915499260793992339213103691584058450366244795110529685021996309453854364196736234218757784969198498361324397653186829648382361569967155269656559922928131063053601193494657474341095520496237853223174090644640268459789e-32
-7.72632574283630514837480188671604762077107767499958507371368371390135640340555389549395759638324787224469792118936607251130281785963049731291175357847579300058043163093993082253312972680104627340927018555662365964937254797049875926584275919846077323056403410726526515828509627209661944108989622019052150886209e-32
4.72379827081070965197378773614270745176000933285110385330053197594817868701331988036282040587697389557261518309227222931030000788321496208571235349520668931998244628767916781778853534990635203298609102131568289225289949477068692447110819585600364413148895162140407284490195203335611514494888995464287189474228e-32
-4.03551641780768993956876528575716466624370267984821425795668059900214290744439502853088192899595244884229948592677851221378293603990061203773664014908743703710818902529667981607268528366125967955345362674699717072605054229459415264932104512062023049406470176894056134309167151695009761729011252291637431840842e-32
3.87344410430628698286077404835169495437559942567392583884026139027494508066111160054135391936638548498741282124363538167637834801631728693639223056230362506727374014826484303727592831318126867795949606964654872915206673645796562178354045316374677055369792788577476281401949361681546814484518617004433582796785e-32
-3.99723569468885706862665847339672801177345287979880320618992899580007784972701492935737712154079132830489821930736280842440056487314980036066660797545292228738697987606416663338096697130808362887803297210445924670620227177661238383419372347511684347311886740226846140661252230045104897820886355632782012847962e-32
4.35128058990326031400327634040071199205286646159312330690568977976065790653832576869389654672900101401335719002002826144467203566060618070885015363933553045903719806428468452086480580090891372011725211023234135023651448414791224372046435796215870792390159023657917118890655992688680633466127234002582667428249e-32
-4.93706622202489334488778245190538468581781423211153333138350420833278448032508607665099219378633287478724718344577344060222504643498600599532192347375494582686808342876544797996873328426245697902452559972345546103835443048463616756286396696042316996755246474560898126264784693497682046235701837218135117851366e-32
5.78187449313010854652543038553272652140329830672824998984339881700686253817888746410058310661652340245322961608515317198680129462814897694769754180144469070885398487157704822858813318111163122071343566220314905240680938184361880375996922403294329629725482057052186561041479413458154187311598623261424963483568e-32
-6.92250971964297260832714289388832539088363579378099917986116398991069982327269250581703222090747489666020426006511977274801371680255427841740120171151512021891398844191414283639393292958775504526965265807115419595098012966252455317192786251750843256673163887490707349269841461564158050737041225772283824619801e-32
8.38483153691529161786321640231050566170014090402463482866095608356763260594301143398740772246913319038608353817046885475345386162321431669401315702293074349715540168887810095359884859990038407165684819310527784777945686040944477338009784714942128178873434948989661462188332131154656919324808960033941690127182e-32
-1.01477434753869833212008378589643470696365731752698522002853543985490312456826791340302827737016855782456845305684701271841339324350889899493494416395511571672034237825337171990797418010212937812669831349554226014603125507320652505638691397347820610057836575884530627186192013879540138389681788816607522462429e-31
1.20828110047586832779094729587425534682814570355428413513406312232833807641133307944523914189017671249946686390812948024687083019260119395048137304243583899014389746372248225992724084424773295629429935398085901709530668027868900241200027149741368030368152051394305982499404949805538216003129204013119394045705e-31
-1.38714225821270489195671043778980879356302955316980324920765217586360984223705797742623527820071198426008512514916788257448621726726960562390624144182471252310891663035598307084291665779764019163821952286575353885816261466628048622446372006298393656302022638237945421659522194469225398440078963533626857917401e-31
1.4935491744921141600608149172347400345447088237067215568202103304264687163448187310942422444821506721082659497698446703884454162207941355580717430560833216013893916873605321392355932925292867683135968007149139142312310926567263370468313725407076151846053533423363006680072387205828098176645892720289742788843e-31
-1.44871297702584024724688519523011788219487948595951260348962280285935212254471692533559564250495242111555906163270896817170332113003761820964123367890956204098384251770171558479809553930173690556812809637562295586246886661533953455575597229612787610382319195947527390946070265299451087311160549910343099106934e-31
1.18751607593475263105476618405539762180296970420629693291766572292808990298690022679833580900264852399671487792010656743952980928147021374200399585952427592373144996472402497983326822130216727493308871856758825595487374871857651304559820686831818001670258304598792317138169462413818448332809263713287501635443e-31
-7.31646585489000469965959235290043239064798087643874350536709545419677953447426607948814356753155024930578128348633464920810178089634455733601159097265090396387576262053589867711144832654028604839389423497120239624872882765506364131412900638923983508509466752250900273290002651213170818704608524714825426797508e-32
2.54267986495281953834081909115922633658624754126951945691433039670774676055132851436974107742636734033683973616765608923748405864924278639259253677357158752209379276843927635737667194556557366276257839968194320660320370321553810191178942641648460779633700318980113744026138290308633641267289989101573904161436e-32
