19 1
1190181387878293615065.06383889501390692866651143947093872470899300724456109414587081546533288287095193162090060245807381486322443648972018998631272527815654974296636422539507311004728828357973837050097155404801334128323447237716401173325611468360741019056893759463183525191898279894098593503878028141458810779
-1791567860554045440857.43168803358550699185455521232350449352158926454433923110755127159658100905356136652709027161375532632975982843191458768753701308803959980334880784854359461360734708389921993769960782130253433247798659653332656411715526337555648994333297423115154772142047183855076343040126892046611038085
1088819640320406793821.48630101613366415535737682068651230200825772890349545713442155472177633773744833117675653906530533288286489325599085975181608648609575773733240816012824041904337864076554790411277217589753680980428536623700805177748874023467291605611408138132986685617608862385294986981045532481123417974
-929878620211305053944.065172522124526230768222092302259375708862965624829961691609415816795355498196875353146694104140582211943999837495553050032307060196187706226444440137947129564308947812416022150154346302864848772898299117566385143761624033974568162305823190083518334067653165991700426260334579684978220871
894754650349089134075.258739622945281932252629530303705571063822537977975455998000602127482205931322608081273046527304810010409371337888016022510583728770831424634256679109354955106930973984428339899957966862902749241430671189746741847260710668771653381169228843066686533383943954103962639192459581545758015394
-931260156176381941390.265128484667409073131089599529630816498071213525412708981027129009031925014560761072538515844689558209037763367484877488481774288988542906247805244701548513245223326877618278735570611749659761031558049063541194780721783256929338291569678519688603603970291800885310716526938522674834055127
1019528947537120275013.30444721550613954158057256395623373561958506877461722058657392100326068882158205555958567193152139963551181894477542982616037945338297683678465472062205780143712907574594978655598794649484057133783580459804098667580576283406753513596724675004905182692558474721789926855277853555701634422
-1168656030601472888317.96116686536195895946571808040285977944498178484001481529962849825584851861062692367736214234595399502374170943365494662642986394575116537414406060086287658562021299840020230905195927776248652714673085553042039737160304219826344606175722686652379491444124249597965934238381077397688094564
1378637112944541224203.09138855570812222699105044690177131456294636749853121156946469916705071565491119204645050003745375194994367503611632539589296793073202091244379509529568581642119990273604384047970847743757704508187795621074348282424931725039711015365199572211909770129376022802802674064702468611093480763
-1669217812635429568438.53709420210512137035724512221910407301982709735764056456372015554815642391594814326160299318889332092501322958881612557434450272181596241252364729753276842280916933690770433814950647655426559012643338889298436194623675066049041297686099848034865535188228177948842693455047073643165217631
2042762092767694241078.5586965348319688189528908513438852765726487862036359428125682733475369431296996998623375924690866903719860046937220135430029969387169319037662739106342676842705837298680495936392007279723439640298980526569793216704292190994004534116855451400714033644462243093796211523364590235538743932
-2499682260459819098847.06798219972492167781225524285588022624146964857311102653947469323947036368626132610920310108964369101476891070942642383251234647722269196153773920121857027394677514102757702565417533396851645120106291667590808891045925685775054724822562423302376950599066413459408798695479909930036658855
3022550812500749526363.19097101440592502143220048958192291863395728622801003032149612011522062907198463150654894085385529780845558685790553088493399762400838963361710241173373517840748445728026958580063076822639588434860445846526016015146907652168150416856918351985585288134589269286353027678729310466975384995
-3503240483558984376632.80099008941975878495538464147872996391512696014646390232453900937907684378136336180153704349535153592312455594469432513936586104439737863594967827388548871701006582641417865795423229659291755795521373307460847115493603601999647647084151711745262963081871566382798441252414375646034038858
3870921260409362938239.18204921177793676434300726956788684157300042504905941309223528544043635454653268037832370423246529323631784663632998792520108760367881819312465539063786223721235372053247853560925854246588246218519804239097020103730800271057419072529731309998350150064282471210056141861569953867919992851
-3783116549829190808185.69162985297786174127024512315058023558837529972760013485139819776759303503074846048379205882426825918028580482777229674836926448664782889074774342272471375784675517632577698176672116059179034734653540102927921029124921344823050428163179302746055446868354400814441488106081995416768433109
3243572786010648941529.38306318026307906615706313304588173850344722262114661120965690678574248244867003745067935430094428721946183022802624341389290475489071937646787209484556119142112890837702883127807020210053029037630199873700085477963156753626917823895799858955092912629613486966907577364110348764045729748
-2040086630856660553182.07269619224303715091611734579330173573211825848921020399723312822185290297113234527783956932780825451547345961473822328573767832880519041898181876036163055842235815406443073814217600224114329368857764729323443942826596488941285652909795978251401097737399769149693734226687068696468903659
813746126623414673272.093783513441783034141597390440746779252418295918149294551831451180083815032739390575145291125150046457046667932097217588679856127859552348158938729979633510329749680143675333695858950725211441027877982826993736298944238780595558818599510243738972701424644625294219587913886565771474703272
