19 1
6.5299767921677928189005488943838736462545229483620769575448619694895630383516661985498112894934971918527027246302544180623280727204225445312791894845632910702474233940610554378127776763359700313207394493800510816827404468914687572705511241120250638758057920008472155171359887063119801388474124611285452867838e-38
-9.88783286285701467573277489883541224211245595185443745153514800420886309899620404565365192306647183193267562199840916224141450420248057785065005405972665577518861769038612549685911523316923076564898548014714457682758800688981466431555963852349670408892386009041262110403763545258980663352559612548157121370097e-38
6.04532198404318488882730968403968380785201482271917819595057644346453570280259746030510121861246186935340432149925885173871460318138276561978309726479768255859887426282788334134425922594883462490878275176818812611398882292429172389757695181562911240682003343686806152990600418180335971090702170375537059116084e-38
-5.16448710610696375814625293185505094749436746385492417811308271480790232440247825140159686655669348624648573882161355678141194934256318954747668813760095650693213741741021463472538885869869535641638726476598131193703563924156131958728752893294021809734666285041014287584554213501464331200387161500435504900334e-38
4.95707340717781537816191597896566171693999638786921433719323083548923519233149551638284438971415550130423073269388785453077357048266792345387192946728655978462621450784837974020360545594595965393625546477159551078041298875202285980091805034675563712726602234494898558091822664706337980610757889351703372030318e-38
-5.11549642060063190249570251325983034822147553033129135973184096220111197005281420338810490281513177065570399022514226918611641799877363852911414543849682927376901912429263322392153598613397221829920951748743571708042316235687483822614867147641689555854837763663960038899900647356040649153872024731342941171801e-38
5.56858793432720751277630588797328167559241192509906267932635822867940981610960375441335420604045577039605382596334114997760075400528779774752542004835374147614875682363796955409249176009962318547350236706390561515082613682964675725466722434303723724869659576512198679967999996698218364812171342250904076875958e-38
-6.31825140829775815798900464024587795006813646370905882518091634643700490694373814098580623124857695240063172626857446970041409162313404564703622131286956668420505094632975874957928152356774914280248176256196347466412599527596572553411268753599612785300740212785876469815126409152945821316356213325826123359394e-38
7.39940095701098400681137758057406288216243492325816818581731314520909195296349594130555364469021585733454204695533424189482508051492357044522265290583517960697322120928982067862498831177301485977030945802615060773936937733875343417995448787772181442755220901639609303495632501511737795464886917871158960551904e-38
-8.85913703496350455328137243214413817227092761087794462318002019434115043604826674151755611262023512335503424631360768133545412316279207870366863403009628829592198801790673998186896265166488457184513631840466347294139765006505832125383238511325425312450896921527164315407698338423343748814435563987689757395878e-38
1.07305534975606499974189374438544731348551859867163209192377628488706257537362212138446179850116608436507056290482118538494124116659489809903627363614673600720932824533118928001277624965067181041235084324103238583567994169147644723273017162987718411087385971749523637299445236394737224669366775684839099346197e-37
-1.29866517120569888682230910105115917123558674448652930015654490546402018656714113497747589340205507893818425169587782037131512777292115635901672410203945453240621904287903276328670273058424726987181457211206639841170797972901476293224161800770067021533830954478659282961917842316815111772280343549933722187914e-37
1.54630663525334997135982836057984413053480307977784740421772112547749750585458914415932003912098812770001429610366280267599852882993100504715553361047730121334652788762849169132031588611158154892863682131280678180698864780752367811361387520857673310006975238976988657536258423198477555518902724736989132497746e-37
-1.77520517969748476836217723130568022679027455510877055692145012721657514218994329185566487146110189004187162745695343718530752459494300982396456359724377041847375503254243049822938075172097983591624420893621611421648131887112784600189065825654271969244754822465078097665799348005361593972486729410194032222715e-37
1.91137979328402223847924529618409677950914243813649177676047685301068901059190245029305669293140528940688337694829012978023298443124053175129957735794732168527040396474326346596597429779368501803070917718581091270291905923815930921639730810354565876430810397596651530153674988208610697012463550691598945639784e-37
-1.85399995018450329142213057038108310973238257939372134207048197045173249991951864607689983207057225584875323162910298233897101493211242740103929962073205605749369479930686329288113686679359007555963870776779480650048674832104479745290706261629804182859642013514856215759205040880360485718138177344467543371926e-37
1.51973113850306409642589159035518309221069854881677700574815371329693251010857711574475347575684956456970597130215863374845247145121651492408398561298243815844752601740983576998401702383265816512215429166197750329753742526988764905992804832132849124016043950340431585981908296305672664517098397045873626614071e-37
-9.36329064553743978766206789792090823532240245719442649363088848997298734131317970022673422382378477309352714618371882018836224941977432065670208925547581981899713969861758438664948247539393939090347020127535485008284650510518051817242263142294597980411547541659509361384525930105063975626236735852026142785581e-38
3.25400878792041935362089059845998895322119964414724960391982638760761698984852946062384869698169441610977844047282440885428197302327549315245984320793913758454104077867684250672147540225179065318463059911148618912490708139600725070453259423901907749040719902505281187328255684735452160348641564327422121797634e-38
