19 1
6.52996478318528601589337124018830676575512241754520649827816871942683471425757764198943235827163265076243968997299027457884757480466841403132506266707199346957456698920464357804565108062464560355153657060034441023084681648517665036099312710073907609975353643785493340818973833648029489263698469840493040083281e-38
-9.887814674933988004699905315481311657239024705312958026435694981702938960809855659709706185677587881751800082376085281579843726582553849542072813968899336770888457232368911668384775554305741296766116043274447534996848739625490029274977105346174200181269630696804395394607352090811111420000646239991817272816e-38
6.0453108529390465084148044419082881023322511962526001360967408921573635989152956465205981600567269417607245083431146269971083047363883718334814217209189670559661114102681060655746904734093418777913949131749713675754150768639448950926732198367900820317848498005043035135213749081311469803547323053424104881898e-38
-5.16447757965518337983951159813554610677221362272617830491935244768488725745778290074540203887404723556108415138557742394665173546526994064614551659571763591325078458642555634431288415278982395718653811427869252999046742801595446371597631148263521331728707813486144881968996645674000564717440590665573869664373e-38
4.95706423946590793046333189058317946361309992029784370316028282252774352396217522680019258290112873945365679637120265222715940971312388060229177323556609008750521640538655493083670036753304561291123237264832530730985371656365251625530410825064080709146801662646180375157967505117040469064493831028079180990771e-38
-5.11548692770331561290526009713855604605623274060519119909660272755752528740555077748213336808493773686218056509111698680571559522558158200237619510014080266804614982194490181477943050618613143112021357715501429609482361793631463379403057024439384720164945647233062112850839553945999223894840246920266697598227e-38
5.56857755732925870114617342666303238553455110663358329014525919780104057531043152383179674002152344459354394711453193382436713967980209298772828247192606323062267987683577180424307024217013532834846973979394781105411465859255520931351904819894119548430608421123664612006985583350922271231219420073140048182754e-38
-6.31823957583373794850659294969904356960023832606812737287268657597914732130452732545690620442185428582689787234647756976682928130899339654437720876833264008496382350507184086493216667956472348066120509042993959752411083696281209109433510779366208465697511231216994667009311772908444978070378654783583354414711e-38
7.39938702039042345423304822363783464037166576956080681039288964854965926529082396897568601459371799880009175196866444350948755034893761052254249510002605645357737953892359594139220870641633884477536663024798640708374158163009523639450713957897517473558790021445663291962525876825159462201133427615702361402391e-38
-8.8591202407280110166976881852448551598360046135938080061692044384724344683100873379012714086021597828705063339901600435981074868034639227206833191098051668470194397853812787692554023531556642945727464723198595888192922108082556441201006156331137534427979403012906352296327885377553454211713920085718501674997e-38
1.07305330087019736012047147084630817899049860790688955258282816041453283525998487696713112976320044441585535907604908931372178980758594509787560496811585591664896314702486215308008894395555886319593946222132326209151336757015188191464856006395157265116898668923470936743308640728566826205804476328852203489116e-37
-1.29866267182962304094824743426881419131530282228280087481827530731624649980517918040959936893290525693876381906598709047627641293303183254746372624988977923856384084727416246872160501620996372088913859825184054192118047093900255684296598398309687075907271501194536434124479937139743530336214961663632786423767e-37
1.54630363351229977391487742162621055852171999196690572324203487763279242422686121758834250621645041780420221541313136448884563155005031004562240129603678082942151259249847804649563186200875311441050063237510184081546527183296127477156081872961444481903264355522469872322004991195657149966214979142693720326421e-37
-1.77520170140795658081448695787718026484647763674999552304992317383413633083354416966914209147926308538959791653701204136196734148826722028378136598974086012690790763400986880874581973913555381785270346412554715452965939372792816553044784557652934211789717766970325809928519824355463115514447785066419749399352e-37
1.91137601067360748623624118044250648694394963103880261870608253623170126651998205271516870047262828116677124518410603395198721934627405070192605358938395313056399655980172880180080060510098749154415716286724884976346666870981354280316776510997061900210586772039521242866762526180536080411296668248822872255048e-37
-1.85399624200474167076944917199529642588888137666419513119127094170380139328247746223054278127307046591246177506042916714762485620182625398088083826865468920096951224734403699339996011856711877471071300885746494842225582535561948687837852696550486498640322806769168319265530847480072279758745729589501353193059e-37
1.51972806457283446847641304143600574456321487610596887374324008759971320757886624285150046824055153983303196208630270467538902097853760513603260101815652621885874855490086591467278112494214398164424656494206624576972639664067312958391248889777621194848458775643769904788551219023494094231017010846725574094814e-37
-9.36327148127351568825087696351136544790224837289481410912904369687659931017662709553684448953548613345168342071557014682692169461963741953531797632885138159674865312867868630975864376978489513359538322183936409748486503388129955865469950025541945599614426521249354028685026201891901927670757572812713852713348e-38
3.25400204467141799525320141266096990951279541845200704808751778205590213049433944105254215415690363336804561295452709925442613342541259039033236802431251846904133129894028309120900546789397174548577410563979376042452432381989894504757287989340348862203652763887797112439963171362650511171160548509705141005983e-38
