19 1
1188821165885242360450.68974596555257228461795101624779054283470721611518958988716493813049437021902894177522285774926164594878129322472595805989723404956173129938683034268473191055922481878562612756686124676840176634570654933340602011838684919048610729506826002383898340178986743709428479291545718857977852987
-1789343390506930610714.60348618040426324792688457565453485381125112343819412649646274707488790807350259761615308806606371055567761296868698724779873099044554807540807664513649663574152098432981341179400871448666843245328294758609601533044536006184750965860417794502953281189368871536893590739295779451296183342
1087790584750945617072.94406191655586221699672970648182699817906936946209173205046364928120630301976941319602388396609005292292695029553547213923709839913428889412461019877561996603700160574134743824027270401399559855410877241157734822096513224342520531141598252176102604641320342576255300098971293632654914091
-928677407942008221979.129110552991566522364680384380074699649730082800340748031195060176301882781933641011874094118008617120632226495270142567429424875946961382376449997603003640928966625918121146781089882256600480017399401332690335982743213365245910608012445965544967992767230829093708830440266512133564910595
893892727180293290647.292804686067141504888060393767184422972529409844473229973839792764978057057311105554095975988355462780431380075346798889251178514987840133476991634491423370226721421098433352085715247920600890684789005333810310089747987330753293902418329161496451686402424192811915668028430959021767137321
-930199726316624477171.013291047869771378937314590241589779574109420648816435029302939528430101737080769011542517848906262436453926042244950477305752404904227612891791527466122194956794759268733740658398359605542208793054236526069036482464223827665897567706723147511498670025736029534363875243751982440199309664
1018506160707524176947.57783147047777609946292911188262206600851498801493290756377402594956444007338351157051494523682704547773910858592642501040826389662808522233806612769278567319242270816797629204650908414155547428661066615923583455403986790481759719397255483540727133268333901174144222440491118524555075148
-1167439662745372689855.64557201629011607132953544465126873985314489244083409789222119081061926582165917665925038126866887973205516626366285690027090048117225659966743922355697886595626048955490178822699320104056417693848466024510377693417949319635561192025256474129342134716442577881494267345136492832301242967
1377296044166921548886.36235359961588983759372399375324774294649971339717229074514582478862062401579443226831933200506329459132639670751960223811697402315782803830702429450033546858396408303499469085218322325322601348183092940415711993911389306425395402675468388351161149123039469344964952421305109947732380739
-1667587296690764227918.20870509725337086964077342312118051212256768868007242760884766052929406562215806907340741911928255854089164319151655228451857859744275522049325292791748444779217914852910368404642628944097172813795938934473154849320347760764224155929686622173765260108223610818092820671100263763317859781
2040825729888969554699.03355143463723464568911966540305927944731146068324951774406052165277191154538451041725071414639653442534980937620057636757826819559074558431071863314281341202296282298271821792115401748003712606081475183454537591863494286392608627199033868606705654572651397092236000649517512582127276981
-2497332877005814954084.42620848130832348767180721128420130940570373040873617115970853447200216902161497293176411751452929559161464910602500469762856328664722731684762774551744986656977926254797708871795649665798251444496096908085842727728793968362655515485444001319348979829398544993475459078446255583243570033
3019757985474419956230.25209203512814730799533235068269895888507305781899091888635999850412251968405017951407437281994462029562714229671105529239163893013311088891624373883798955740286643951586693463272560003063655474456325378158339670209317149787828265184016497469177138687947449271771072326268136519763408854
-3500058369713669666198.86909562826910743303382491568143284728476573694418368257980142164814628488633717331430089239287162452094789404157624187554962648255380143887349992855626305353159001015699100202814634893949729915801496829759696351047169870920504925625219953935426707315199758979806063375214324413663925375
3867437713479898815841.91086332090428921723118787261086468089320425439946058143856223748895213518879503618754907072385631915272158116468598756989438771661523190204915241285721468539952415635733584181628510460809380152794949614749545637761832505530183297890782837843336025599848878454093889478273793633323639923
-3779767214631102355143.63437209075881406937403216731072833345304124569048600587803567266944474899499019613697357793770879457248755534084466030085736456976487808412435081120047702419068289327290661020195337246662988862011789107635345379999912472530331796939060557480696982901052046033988096121773468689632189488
3240802189188363404189.04269088113454035378909378926673906081408887520407563629272683207365538140207574759693180014239640258017183662649793577816453807147028626988654048490861812752381196618805687837337475505407392252193241593714011884356406340257616378083818800758869705319736863573335707256742798959718646641
-2038377504115656800410.60339118258205376400356535635042394003858198868156356411365909971913393482201760036271811525349176883447031053617639855593439204978139966544953337106884854406349510956771189017243529316351993726682940866519963888710880083287169410941151636634298634559739419394018448198029453302359699731
813147980897188183867.493092375617988206621353479473965116456985851280991167890603281396315165067547697344622089042398827218722781785720808295410314310060224258964610318179741142034448313558264564127155654251856713999872941761912017475148444892608033184104558467127846879386851355003120756676116020918745876732
