19 1
6.52995259337793314351157749287967111431272585998270557842201850587985125501582185209249943850085217097565006822821032801552596008172854335581375833882294716711701432123659696937073778199787978694654372650936172111341019970317127756730699173623336446653164550154460122811174675241688368788281351007113153456659e-38
-9.88779621314778656792627612617728430883210334156256854359762936782016383005266868077557442284557200027494015653970231615479973385617223400996564733511563401331353422004377803560300373222493169977789167376725787325225719708877572941462269728064544577215203838620766462926228978583857378445742826803536500050548e-38
6.04529955423183416805908227235794400985128525070888794024827724290031385548675988596341493890973716674017961971556882783290302246218038436924922534865277668481675602315141953434487112293940636350515407857741786246429761914985200134506578332225583090115559526236456872006486772468349043233322033772711846572038e-38
-5.16446790976590348741638060111183700100447957181852947375978096330366443911638316499811781338215862638272613485826732625654062769074372916890709374109644016854968672580198265036018751680186374880780886250366656553893842801716747713650926307781404190193439767142880445658420548935625881963925983095130409561344e-38
4.9570549337235390312562270158342713707413537127776358435875887476790714132670583330532350397161741759969775159807542122682169793612938397306018148228894419689553018124389483832835362668757583487190240700280771390810371002831756150100339802758209542406658662507681161241293315632836863720403771338021112797507e-38
-5.1154772918870058635886463599088049219525836621193661158328912597477893282202824504223667011987657213848823293447540194470627644535296828696824187927168887218533655345644800587398052250003643383849030911081820746181501178464927848862597498592727712630709015856859628157752958738651082482637092481784242563957e-38
5.56856702411192752338394107968119048212055582751837353199427294726092841501071084573615022604259457543244602555074998151522106672207473960653179972909609489830662120617616900119511566774259404318581169315554737706333058130402174378643889332037812362544778735255687150638201244665196680414187251981880697632234e-38
-6.31822756525272230907013657804955301951991679212155852174432347593170307065482247217151705626258249542427619727858531747341185305484429322320985839334722645197849823783611842293350963481168903610117276765008533540587360908346334392613139172661538665352776953070075176333322096760438230899710028452707527745803e-38
7.39937287399679196140126049366434277395536594087646091471301045232033842391143762905547130284861482088142964133264060673350950822440414329326905023713908077292667342483109788520271992005981169060944089675087740543257487300544839436723506226872378067340528173478332756318913837230509085693726701340903447106743e-38
-8.85910319373163346359782977821726951613208178675958993774856316646172391618026817718491665152223763707563145273871507181178482839971577134098595756519082785963299409189079132188855711074769349065626674480327195473055540990422805991356374322261843966720379228046041021625852042046329837251141751072802992078209e-38
1.07305122115101480142449440747587520464551636551750103688783363248365294454237291561092444004841992612608662090546377517319058595569909338627956749623090499196704075559764063486653241043550108964369535398825900438344205932685902115133606704685850920704566946788559241163930796065403705025305651274372972269125e-37
-1.29866013484534777656936771168188434408984213170351802393686575587000106482087959670737391997251302166912531208428747306613928401107667909695649564007626734092284194884052351973739601604241254370141239274370989762057225729543851093994440697792223500586251266171808450789491515538162914217420114133642485702261e-37
1.54630058660973428694555516945697858257519686346795939065782742371449315480892583067220574000086513227550961361233901769020861833668167216504055438536906829328807488826244068595801433924474813413625008233698835155249757172583195217262208184552252374841404992742088118277227837360371757505742352062591929326582e-37
-1.77519817079436682845552464055378024365611345963316720943620615205279777236259887705091480962296742756845994687218536162725745811251114002605080608521232393502024989541226114457002118110543026232220814379880066843729432865574189331355203838782211292949392504052424549968519212632051318393590801722499144306576e-37
1.91137217116950407768577568987735161298633199363621424036507971673850171364399709919024777779727364493962339636406253802434129961423687399523143255776581611597432338422405537596913122022116096709305741567424373717440061005128289234601940310454842637122612245240778100435223160837678519745590715696872013694737e-37
-1.85399247805935481695269028212986366913599521753364387879437254922559797531245769683471602697298638326702785113102531073733172006234420314855836782427663283127378944579631787259331393785565115712283569118577556556814871504517843536975117385728387467381539548105538926254534361718140972955703514107743853420195e-37
1.51972494442260669163343623980624000969598090646927984672276780694403363770069737673910673784708289152674639763993981092887477659637283555120699691035581444751320615304344926655230148576581153644696738229811257711478267598086837443454165632789739489235049347593328643728768711204699818965568529585267970254462e-37
-9.36325202890164899828919969911836058344798640962218680860152289892669356313671830099513683743838210443319210320863728188256924482449831301365378963612307757679842698040972568051282483660501200063235371763345412448777155363682284426636541074712065712860707503749942585985384158104115546063071926293814348058147e-38
3.25399520006471584277589547285811066008690719361664944348134731310012000025504170202959069324375288361113513169193231072398991564165852878151695143444539735891417527428040825556892327156431119064008061911454434177919619468519492130240653644015040167184279897061567355412658063365176077160253311644383914571725e-38
