19 1
1188396865887141236832.94215742578393670034136155275860477781296513254734904030467227869151800549731189122178518645974216950803637429886360823818914071466465203150789468663951261623467105919033354576011288233676738859600419627050207838901329599921702393864625704286891670714582070609380957968644832663803626447
-1788648548592164540210.18143194224770171642165533442013148949648960105821027690695016027528400678772666993288149026995253227200066511166957537883402378830003983840757277797843286108737921819889926252224938396262025387242210230868563232922525714104075793146131268816669964076176705894486224049530920391537083762
1087473266354597684547.0916803420215815931096691422521869575721850669939885661026056903797020924697153993634551182998555354601934525757787794783558551425704428653055649047061748313641110078925403521471396233613984705362647311425202213240947066019397196330192748404992025228185752890962833788581926067437627974
-928302545969668432888.297268534192164601455322025153478176036839041963632944224976553632459399282529465720213111010572963652056908477744543064321134960376135980772615604409812754856251514244605336386613161534227368007138665280474407415971230337631283981676532530304257750695343398182889720483427997812795924955
893625686699531923129.842365519479652134106076915568288845334994006117103654307420155603957792656473083312010582225713015702346137406760422256509363799420763598877234639289875681935119849709295244736458095030400797598592824670681362598678616393039535267503022702120629349944352852431063608952710599321502542164
-929870360421530645909.689305061730599210011961753531182232842452419566964861220583405240896534034614982448028326778255438184124737325512958990493104598749998274539202945488479051791511692465285503353719441238334385164078694692475419883011874854238057896314806733412707396979741938687298728421542886736975124974
1018188267708132101471.75993056811379946038658099288605673207933708234605961183015235541966020776926385395040025938614308302300642392450851616362102684224247049576105606527177059493553037814199496108225829262984571215188979394981054786826957973862780602020456336645025755925425017174070499410415381139129818587
-1167062422374915892247.18190237136820824735353692141363381188174058652416462010762567474138398040228062492400199100360201317372870785342562985779304238381605260213133501398374839523235817255301639836065503344510254890296685378230073197874585420605271530818458607967460282911373816336741601458574447504140715384
1376879756575127039792.14027372540605188164298212028058855138792024385289455022240254588425328876267738557618435574380411782676186935906302431721448585574868708537568795227367507692099029126565276918859181796342993780672500117427782586950797157978392975981243999674425904101346310369608338906774488040287424276
-1667081930088537427437.56968789450897310876186778486392688209797946872112448629409190292200607794491723306349657545442464493621373727520935405943181691459875675209854507726531616128386908377156386066825252518014129129423010526122714217034863739380739580173842200060417466548056229780168084145655032307375402552
2040225087649373583888.48369958745134010711038273992218118699027570601470146054395631376018291371460951850119141480431402956341326156947873425493704858931920570600542233268658539377762170701746092044525319349142512668726278062340393837259297043026854844149858614055738451014214107933236411432049246991485992136
-2496605194363088738807.13744178855914962104752891990043081972851504745365919973217448642799855519085230868543371730130825147029538691653930004859935870610915949357296852262643672982518934433055622549037139175370303106220317838198930473938002041255437044936911215335666624968702153808550289778520080840546814543
3018892154483625582506.66439098625434621427726138313591784048465481419072578396440747793320062288155409499276934484368186786145133476222820638196551293236130867961340369521330098218525800545774618864301912407043032741819372824233381853307040142942856392569293549000262707909262954870950638681434186932092788713
-3499073492199825453710.18711216212808673285057304390449509344271152990428016951147218045619260934967432215426308326941605353005870830529396502317541659873453209798754305215461852641383348240289072900050051532537953397278890873042886306142745930785615296507047410230889100181833698411261640314802904656498759831
3866358681909439178703.45253528237797065719095281511402227668071540354732946389156692676672275152592340411742138413790236689351169582519573645685971169344172173993601067718725374106089760307304981114354919467344579862348129036735473578158418855986121274705474749977584485577767465714485878494442272494301992417
-3778730796657110927917.83186414430593518660460159969752843086876589140362294315632106213705248762568297740666598400725669512806195644976001460630290887576683937318300242350430531665872410023689249637106880148192117570305347582891545876307620327329721893560505120160944375647627254636329739614492322858173553311
3239944886253208024696.63404900996839281093028517826916261992661105885333148747127917294187406396875259640493774968242863411468692348076107301836802125969969687554166548354563271920499736787044473212480712932684063345639720984439443053127076414586191749803683038377751452181324190383076873174849517075678296279
-2037848784039391414362.7338941753008041706158109021688300934056221210564056581615184031319190638172990647809254171044227612036616621826907457639406794582583192136993919152544977660032050268605828579619001181396119913476522490801821397970910234767302506268037360881323085423660430625305513229090718563955379722
812963041790917886646.203596783873578103062981791420185075712083522269801642301572688229690499726129421914299039217692990718695668399426788683842510191520052551840779181250476905001152217272556146945822610365610170404382867162499261188568530223738600790662175835155324061916000824990854682536649190361355511315
