19 1
1188181836726662948881.35168851848740009918578613399517856391539645485319661466720614115832615583221659679545333867006107194548065138792068299172632640742482600720679184131350844468458165839442239900749839915879216709060348850740271663205996204393219255531466758169153513665996938219200423478128790074290738801
-1788296239836429790965.19499257293508348675920153466884261634222561192491147252725330527705910611052255372933152882286665382546371209828888900095735495820899735800174891533721599357582889582415033879066125207813779516460038759439660535618171402141795565919961586681992515853651201250043785428508408873052313868
1087313145419500769604.25214564857588220222376896460367260895478991306736718262407267308736138610406378115559623174931999757759384519823305375617829472153967764882838147875437501040708324848455155536975769358360512480513396072192091191586799121306276477098646886362375930730730938883229445792407588870959709606
-928112543673991686426.804720086728978860590406887779726577729717770761063861059275470098199277621511343094711222955783711277647359162396176003656399231198777164309862178173917451882971638684093686957796240382121311574526781474877605390459366769783818128305001758534532959156907422707668321773674832887072860565
893490698629896763814.068247648043179041010827566412011626223865454481190481203640537952197559594577938280353069053306855156261932566782647701838759114688994131933638390009642090436380415732396617747202300101928126759828470374467859453434445247050997874297099690753198591598699716103483786855197543989030559229
-929703703797727596581.762666180272910303716827365995259573458978957948539128270276482798110837668175908879841560653469885566131062547994003070992415687036281258805903839016518162334102626680907146622480979823666115967062516635656989051389968668983779090119536146303859123855669248532244724164895143907465837036
1018027380102204848852.01309901815631197673491281692876586944024957597497416375641758045189592329535641251576387700144421330044854601150303000022723026509083523902978203632993920983878813535755472139624031947414044268528680791167430933424209397046427160924268297587545713676949568674356571187852687919840565143
-1166871643445988964995.60308883303612366952941432692291343943273689805091585800330356266124222100430630472895560589555975776883707357810668673598765945102435727278019648783016021197359407687330659380276532422107686661938396861882188550398839286679534810864166049230861096299693877641710545791437086622456552775
1376669163488777198859.82867213868336642262760408568296321827586507130783140661823342722086594259841031600380623483758318389136444989098917318218239216784379517612013814547334053473238197755230058588735841794525957838675481339700113210856742335918766193162546466788159720782807526975592243291970978218866667199
-1666826410300815826079.02510087274971566322147599693078348619237651239238577907449391181335811289055612186253737276492952161306485943398577505283924178487398592242567190325872079296581156736848070753054938553689268358754343362968119017428868233907212135166654574329352132815685953067110515707907816690021793456
2039921310045640584562.39991225595543128913332027833822914480593082379994777889689217759476089480787065349594298052880982020028717499590427627224296656905897880504508913141932246121167410475917857429948476929192055715792732355314155389683636425384212750071882669685110569216252983403386157909055073930527115566
-2496237355989358350599.86198293145245644712234146191362686652329171155731358496535299336547886991557135131007003841367045041491287261878423079619282160020711296603578662505375539446567803834258035934206000761872782466191872380636345813141278643239199183010990101635315772750710638358925299825331423484800544416
3018454342516320216519.11100233935732616742161346921740207388219442220711787207369980954505539554435668015850626528666060956175268714146160685740697414113083186379996829133877610565183068625483565180363184824152148614376208502210456137802427135760034844281990736529269478267855422493574728696911861774871969616
-3498575773513080169484.32513440522145868231791826196755315740344094681470797279395926304922327869875325056567011198678316308953773221469806903903768411293720554272173939356138308851460863596716383098010232213114083526479681390572894124213286709876056380550525389299887729498353142113616340324105156754738235811
3865813229913746368700.94288916482581583422027415761840652720356846314422573174576335640357880639504326259912239061292904662810146299186026212410133754161488954558088125161658109071491992482558134907917395810141920756686825098731610968844373517179308385848312970756831297175555578830300457707777228160133258481
-3778207070883064673087.79118678902911724464305290626632801479521855412578621057725311845249008431164805667306117698427445032493344835657502727435611362318922852583143881176559954027449819086018919881824482303286924448605186001657704213210220275508497159570109661845295999135317636470216938321006382284772367861
3239511676760791957053.99132604534603940912784127566820956905828558342052383958869894676205476574930323719103781586200938520299883708451907501395800799588695919026182652147717152507056196937793577442305520919775635679598518237002098806399306776890392953472265106409754188072822162303873948411619793932853636923
-2037581636741612007018.33486288613882428079596182137629097646539471758704165260556371354084328994210477750236872432704348374696021604596416473864198480393739967502238597391964608920716932001167559603276201183788898032899578831704989470964890679741571826758847292093998721109443249415150812911740604067931488931
812869614647163074927.083350223688093471262061548580070467946120534861022485152048522442170245126924447519310798259172198198977808634248807307758292658667540397812388730454150950514806244708924375232589056944153259239493174195794207422037005117178268737373402963495917712868766909410896838582012113599391762752
