19 1
6.52995111257516347689379190568928658781230414300195710301963521274745025642781165855157661176692504836405698704416232399738731005503907053102196943610433078140075813768577642201834123845862306833525668154764500577953116500710764229968210242330910929215039045132430768944405547093454642904884451473119989136359e-38
-9.88779397043281740978849559367963095187798890144882737925159240518275331382689833469892123341193724496933041610447988351021277758603095657070701264471283945015760798873846361565706548431358829448478824994491507007937139927346609653013622868342557085596019327668407965160068612819286281917500123310421996604568e-38
6.04529818167902729719987232044009169595313349911299267190301440632169739606806951876924417132869455659036346229662353504192551105213325620559042430997326681059882476355944417660666199121584688675274345109151072919909210715261932319597942125586650327770585119366095173952614557992254863095179352379913250178449e-38
-5.16446673508013669604854061920725380948660168067709135705276924702020339760153878737139172693777836373641138987323142457222287672967715997470467516354802157478775189919800524883467214853095060968070112659041906510563285579486769088981176118947204820020420357127913791184527273601165260812508918506160020520531e-38
4.95705380327425582551620617895781826092793590150673648915545376912770896840926188622800125961296285885142663098814129946352308943031345584862746630172619918469990084171937405400540262571212849078103510858428881543036643543639440059155627774203364024082561973612728434989734898759656639272964350609158398450596e-38
-5.11547612134129239200809075292742835000348018917811516584770644773391977360764658566213960448057087348900037533712283162559898954795429635779643963553513234043387904768437082225570375059755315952995203465632579450666518750390739399423466385780458699203116716154425009276393774222021633751771364930214080551215e-38
5.56856574455186352297599400299528992402596743539380860429099006328849644141194388838206091680819211544409280688330541213340169673150543989679894806495394492942176018788260022750562691312329707523485946579659116449192224700051229773320146367876482295305623807633167093366165504046548998114669394630202785517748e-38
-6.31822610622557688833192988263694813136025166437015450446057742035873846144225255467325205278389837012431521566398568043149176689716720551690379332717112673354935770987974125729594407892418896899093780687859463124757616739253508164537799164525933762020995472806508204637151130291014720601225053368542313197037e-38
7.39937115551563072633670963070784560181154083219027024118851512939663947543035988972812596177220618192049935465273253948056932894991375731192954608886191581362781473259738384324896712186411426849726096898894625834543848495474709479707142129888660655705125704687621451595682805956693850978504295823080310826252e-38
-8.85910112289161720914110878469745649385498256304499580813065317200914135810789837001344996100990927568462524217807643750001460640548292460372487023817804868025004028747629641117262968422280666522018294352492251674701804627080474943140860137001256268544133009824625573543001917946698206525462813351893783574873e-38
1.07305096851050921037861263417970523465452499035576010093367678265719844271045770573830779801588117808317301461388404309284570131000844063684309963829465356778927230428448993446912788665063946326633397083830345066920379244788374473382789706881606130952988644362971332614829901201648776604388871406359836074818e-37
-1.29865982665741646101997181291226864817923491692189399345652690860176576557919260867625005859741825343580339002862436895149139596053784152333479205618054643126578349948782581572733125176084493976815684832291722908085733504199760086961492135685541350576018054083417261759363218317515128949190257750557766353978e-37
1.54630021647831520912416016986179998837678202848425379466870115178440355563919814516418887312248829688313378660915988228798668757681113637157194688106043117866149635927172456217113909344672488994427307753519889562721258091320136133755338211625366616227514089416090905893862463290218823567831775702845583161291e-37
-1.77519774190322638135977898915133660799049143660786170212545991340582629647792278252533496280420882841714337371999242495986492768800264370359836829540435799427955358299595697971750430629603053477448588799559390459562773475840551217383153156499810961451472597719988971078294397336639986008654216064883372645124e-37
1.9113717047555954492863377189540986580529826432939874644124748358589257573625955747280269605292242362630307174478144313718549092423776230997334199461242926128507815685909239772128672110433830203624923298472808793218054485764131978528331892036163898145949554061285028684841064000375481629616585855607334678071e-37
-1.85399202082472918685375355286824817741641277446305585381673997399596437854736277609881127985780255006799242838722888628415179308650325868854654164661437180574902742638947140820065249752956034060717523094902953735536622042131157577629741772406236378980035573646562933937449436888302344608314877270495515730261e-37
1.51972456539510982774128714590722362009727644170061052720102288423061792188307119856361789045215317275870641221976815982949262814210410814017659158106270721895472451202708011383917286432806083322402708351399577252520695493684836708983643246853518047666222113677778513099081534768858791050826878969691641533578e-37
-9.36324966588290881302804645171320284664083828903790491251039024910898362612782570610554524009631529281964965104541110126886464921131437614755338849642573566413106774079080971447267527006491308574442606664565676184468417966924229836032529562750313075458612040391866642289194944964883737277396615076215687191636e-38
3.25399436860259599146399867280149343405987849875279707052274397933765165958172692026738063593885918651925765504055547646829902781409112606163965780124311208274171049029407708327458800075829335888123962139045378973769407737486088885306107153906225593923520649701225361235401311197183775953881900824361098535337e-38
