19 1
5.1024917507249499695041642096971088476681626815997717588455199453536566555610831358730308642342099973743596587936067054862928460285898379543359288239955305068083880125923282190821370948223069164234759705900852726456483721910380228839465810890541079241208879336801281277155751891059792473934373321504218154818e-32
-7.72630399154083562250012286194302893949672795630933668532186355494630345007062610015570845461053553824788543449645580104296206343136087991537689460206163124326188167648420052016263982337585365195698391322835422299182404809473813192119513721698358432568289057990917817310395733069259393869595863584173946127613e-32
4.72378494513591208370055870080663931779056704265299131663499429740662402066806546994748966585369312326810710939902595344513421706856616303108553688152658334015764690504481168440379326970157960320628543428431862688347009416180691098051512129593447221876313539285893038244872631314201025182865967259535760480448e-32
-4.03550499200273511747561223667087893142090249198950697105453318121667833699671220325917648284037255521571601443730229167308406521695840866906815691032817787073584586948604646706162313104075580800574095783632307171890881790050025461665848578612959834190083716604610369676231601808512591795714043500464679869826e-32
3.87343307949499154476986487217097416194016115062639494251904683569236061499492705425252402341550307586347146309009685226624613129984629102172896546762818465161630423690117465533967683241666117164595938490498194159928131902344920162541784119414146042478971201816959206914056159974410249674067362372018057165548e-32
-3.99722423942190933437905586632924448509488520554770689125715914886082499333631138024054674491539459946675891604075755184524680282416265206134251899356591473467059227148025525519788440384213608132318160355455792705267712727246570186773832458954825599983909831886261324151698988397049681187691690101791136990166e-32
4.35126801497585575803907639657693743151430482686757519233566549179055097147880153147605546092908464764797222407647929662446803109140681507482045120138348465556037531788998388446244620392579300407488107701428512750673931694481479143330643569932537360459788612291275756388741865392468007484014528801768629040123e-32
-4.93705181233199715556490330741174328705382634052292265485853383989036427188055295953841206740596431012054090759732288775034059464948787250505841420726573360784946950972100033413537344596108800863399927057326260545028110593449949531741393860215212964492469997928936017079413108837468206612022944142874160563574e-32
5.78185742496998089821390857503099684938846961515617788961790114132552098656246010756921277235723912870984834331063947688533470695177986341620590324818552162666036031582665687010368907859189953720030486764703296884259727524639330019951296224931098845838786847777010653449420759965460602175029583274840231422749e-32
-6.92248902171224035868618952209090069730008037754625794001755123609051359414879886748870533811823259789304005942813324548033744934014799813979795832841000625181034101569683391924333503674511354704052299411408000905840254005436915920927140358526903145251491410627496992410034671673311153049319320338073090274218e-32
8.38480611009032773795083972801079500436026668250298188279111182946218503519438937754215769449227473047258502274295379034090380757721493235838512469750178835051803026828455055170101762109225319624633155828713056100814652193889993082888077848038194743004180612360400313341196956284904583125463651789215614146654e-32
-1.01477122242930297091659538256371987448353907084619293138002398402824171791232160966806470356662983306681123077919356408177066197450367705883072519902649755162961747486054717565919442218802489017999353877720070205797933439894659522840649964697766562213554404578471675775830477433162131595160989460612761101471e-31
1.20827731693711409937546071691887559496603458437050508306046540203537509396634540273753079148085095356934191716783704072734228668426431868511215117031650356978153884652549090737157931228082918980383060405988223905367599641925039972073228826124645235874687701514827449355240581418461367781517807536320202915424e-31
-1.38713783646364878755874156655155033128702951453426660398110234786510815188325488264861802130435196502275480075574671490127122617041503541369175780896761942873302896562774966118362843953705553371191544931905735791792949209766677451278882003901230578705711930953433682563478559868899199906074016752688246742098e-31
1.49354432255594260362414145308441153696140452062870581861528803952787009018930541369316600170246797625485734728460702520548304319909696243974259236351238967652189100293420788111901402584894261611378812467658260940148147724399619754514853471507938965117412598003192158411759690133979652147880749921871546866737e-31
-1.44870817581665409639520170397229223338476595336006055324352611336799164791172348502986921244351020765015827740330921042908086594150682074110176693899637451920101536550738765675884087362150966049521475699351623850829402502704907106603228007309471708722796185977324980589753419190462875975744863034970308379633e-31
1.18751205708979741884705718898230292574182037047074099717607047721115871135013481162499975132258457532456979592599955845598377889963439298629801068366000607484827015159114795736042596099758654902667037409127828695663514535474648419370060230845003613697940145003325948921318267302548571480202308567915313003303e-31
-7.31644054746962280081829226345349119337172834358676501274823407211060069466995310257184937278882949262684956194118451340874515841751032577046259101867270203650383148456356321290269055820603222070731508517334919202514135624978505015689076747024160375038730726832462899843583420786096575867657443437851833970774e-32
2.54267086821383453042341801831271686029726004943841702467730064103427583260518249655237628909155510153052425412696668908520408158409118274875274956278994750514870434086413004281688750774147297754580360811808160503469592368150861998811299821732562162875846598888226415099433949557776111367504069189739770595695e-32
