19 1
1.04801297183434893177460933559536718638876992418481271086854237824472694187157103613770832001500930948433294831931329320269283332462600130453054683282943345907438613362562868398406214431069705876618275318134210917368722679874250568005083536040903370823764108788969221775669630780590780551394574610809240039392e-41
-1.5869240239442649375428937364178309407514608606544500782924759472411839235001841199260941369027033946883758935559073665391061705708266944456280838425015026872103421985904215590217651345330446412894563420431021002271675965171114337095363167214669345921958217963837168508399039412086095465338221059373015192674e-41
9.70229428565622089872487366882662879052961354600438661255226093892953009485853168299379475289491436225692125157862264470020428280943168765564198446350618183050744806834785582915237984620626247935318472441750626438417707270798540652185774831124193011233620024427718788586992422164181477125452200552459885528621e-42
-8.28861910406890414270319524020575261260284566733798160558741103728798848368543535777183843692902612061247795030736558854118322360916212561699291215976194046534148662136585102504058311201840790731548180620050914031559467943494346307696870932323707141804222521862361921274403195958834451704995711987959207140949e-42
7.95573492510208573253878378894555162254042260475903233646351982110785371221100358307710809977540909217911446841727322032633609857749193001206825009555317467769080267916851116075943761154938007990699815404748111499731604506634536172200224374369585139141527431832009815306302388869399223777210357114328707693019e-42
-8.20999134566591615805812335893827492489403060472837572535850042927096038386231300509298075611659480189529760037131958865638378049695521330910256358083971617612629064001265042014561091040880723436598136015994934476894642387319310786114031691912189677310732027389849829877772297190454422315514439788098497155208e-42
8.9371685115093902264761703245838305299685886702392757719372197339259991721187107394700342105000494967336170055790985087528346722071169360601343811723866593471915088750356624729108233248768308840112975944838623895969720131021911391250624071191530666558776240904082348718537117697104692872319084658394567923106e-42
-1.01403211241886427418365917025711211432837245034456145804818573006786716556863964660762188920149940696370750191028822200240096328112466147197456374254160252138735404124050719748691939630522916079936035082809113287691617979441400583475330228333324053660523394200820675611005523106197039998161019386533271295396e-41
1.18754834458169544814222082666477191750540601251364644024290823518347603855210918774221219538947326503899685712608718001245874787416991006776354677379637925066519414475404041647227679536718834109924273878047163834681034429722643072606635492036652881275021527055611564036111447842995702890926761186353982943296e-41
-1.42182477942225059411787297677362891207861760136426004020264888539212912786304341845991537823046140224561786157517903426726598325114652244386997004420824837258345957596391005992160621345691129919252758665239272859202052741948892760656843870348025426776832046291775529328041855506001008290544964484533502991034e-41
1.7221726824806394056179780311708641745935263349733840538938671532338468715912024078578236413106271613950958988693308767846330686124128958187599867194346536836988651528187168573865152599713501426571147822904580719377029974748061745319566595668735722237485248348721443737530616675894065150043447053349746279135e-41
-2.08425891891134054185552550757154373193562132397146716035256800951766259969549117443192524267646578016770963299991081186854354852989046399790540986473946906026876701872679377180679022340409635192549856349287066006444887683737520637312698047324580319230410815722584091417924764353979278919002729165118066541949e-41
2.48170404442676546101584770249837821205507085470521272520419984943583431728689018461421169373850932500872794558983133082673814404651628309855918838967060612838980323348530934753149949468377593829384187973617456195751444797288063861170792954492936343409606177670792194898381297235697243653076618651055129849218e-41
-2.84906796657404729522846276284037208404481561643737772214019726719265690888700949196971861903454269294998234837227444899118772168732514551568745047089038366838668020084144043389208297791625580436727095339676451773525880560561395263787258254580931673919814461364567926743510448910784725325185700266212303792434e-41
3.06761687876547318752864732819306093789623498462581307467804096991633702122433546751781159032163536298875683071779912791652315547871556474470914400486066728335856099119899210429766720974891776736666415273332865873646904726437711423265090858537443743762881380541297478621415477787562205664998835949635722149463e-41
-2.97552574253282111997314190981136526129562742606782872913047635109665000037643603095677164136939325108387052393309964583840233888820437901506014721163519606600208075590787345217103341815886354113963116449806382325910570938360980258520672634959044413269925807254819761916933378260812060218483407354618260063127e-41
2.43904948586390371918456124931851925383550163138754870613647518612647861390488791500616755878241659034601896231035600365265171138350416617648391231504802602938243488436242417590751488710842113268771247917023289362630231150003751590126521883717275562842386709041649643936462893741370380631291029125828664184116e-41
-1.50273430538057060719945179914332461058865101552648051390363030803638930922700013766969565992107901769391910555852273650632872646272760538811449916792453305944667692037341658091910394267986213277213751562153476038997278238888884235355742086720657080918864449558915576973121316748930783784389007865514028177764e-41
5.22242552016819770244900372218017907602903305122333687557209873098281515400509798473612909309607226385001138559562534076317617500832555129945238138411047615896097472140125437995131122593676150953289537904851557765549300944558550081175463807069181707088510050856503208126763037661991845611434907756208560103834e-42
