19 1
6.52993959361774888541173389785189287922536640191935086207975193271139128994366670692649572226512303040305483091529899215522758552542047471263417692251788842008874587531567079902831163836637121392925053300842823934238648091839616989824201263240462602113775534682898861246089681697617294354322655588545282112494e-38
-9.8877765246675165577203692496966689901107186555624667005493679161417808761606073317062628922582644350003090921622563506216703195799908535695618389031999564498654076460213504502507111474884881106728699849986412638692328777305100851753586835131182897556350528178492305884490195986853813873644737722333143281895e-38
6.04528750478451817234361955013460644064211459141000659968782392521702353977436531648202999599742337140614298577300629691736056450538887279904119178292626779295407905784666912013255017825128019114905633308363473907296551633236364721997703149709607082748886362768540488782371981012190972084032164873966986536793e-38
-5.16445759736744724111683153754436887541585193347226953966130901196641857345614965900212709928138232672848307562003515211680591097343113335576974312104172143567789863060143151545555534423003442845450388390392593649428387735630537123554856597997918892851174041371350137210090734587115842853151005160740966424042e-38
4.9570450096736865081577152176473129858175613475879301566120467512137895672601362175715073002234101023666943798267594237631482584156488098925120630661576107294742345884991035351037042435970754931073426743635459481383445582592325412138973291058338786228779445325270247741030782762713349112208438061700959274083e-38
-5.11546701584024221929025990528884303714090441617202723411040349032822018097813389678976885844150337863214014961284099167132861800877187690979935971994592641688070431963063756298007163962549712251456915824581410227409241066379555529664029200086358868399699748713456221228102306348567619135664479360183862455699e-38
5.56855579104950939431876006769920155737234051031316457505903170269330601027538064422517103031062586941178454034168102547025835092024766633003475111834173921561320102366055290721123513850570709222125205125408732379651132380144051774930032573187557150662216732288918675800360181233653790338626089720453460214637e-38
-6.3182147566830874536624250762452174473267346135656523049948367763049009551536771833806298845073907185517902800616783007846907860492918876353117621993757356331637253785446568805101652757335599046232239715755855006880554801071983088284367409001112495377437017579920828030305361628689486811597247183754606789507e-38
7.39935778773050727496969733744413446875361892108308910488259738721659258268130126683078992347621267358660948559371370107913361178169816420860459536751331892687789472447765907362293995821344072974591944907148897008826717552579966927291824794613033922005020559605622792049834535719004567281632097849318732902879e-38
-8.85908501417695690113426711345713182528420714607628556833369019509096458815688513706998041781448717836065543303808459131000330506993940305112383978438205434478758026500805885781559753609205093054344598938262913453010995568710201855216801092335798217845729126854948764351742902692522215226015048132778003561808e-38
1.0730490032643981341332063743072035346559839552688935488112650429087015858815783872812826124395360317926939695227304140983023198205088749310151694474967288128954076013872574284977443915626791668298547815883561551407977245348780527301935268312540461058173307274826323498048128924618513505933334670224527795661e-37
-1.29865742931990790904277862318179554852853842319346852328771024408257558031129897702192814982911075610925925659947358311160503166240148354012386842521363129053387270904860337279805915886548281486523287310639785642703614219232538570879107545552501551251582717076514368973736757543808300739846177522011322206018e-37
1.54629733729669659590689154140671356492607575665333793250244038316671852211371636988958973622436777863245126451468674447581137859486558147605491230591079750699519676381099063242955002234916166830716871490627051789603552748554215242762922025726807411625834682048688044921251764831832086672120054527214508647416e-37
-1.7751944056446074729332416082935057024891185782087683213277069119047578891110755227335261360601046917356856532673335599735454363912660643041026110846772024446238544065686728203834393346407483776337064981320152879821169573607835215726262536115183098391383688061133835556446099548690780455236079526027389189101e-37
1.9113680766190623260453885668421502936782605442247201874120031458475271007569422672279036941195615957495458132728816353454573487831471744486256777690749016758306066375229014238357691064447566269482702677998714269091441524022712136886894447077160583778935795271751940807314967689696627479574522525755954554805e-37
-1.85398846409627928197449094205887954401352692117088828773944794571391335825145707407269586421805320760700575955002401752129723610459411610514533264230224700408988550821456893086844718835235023729554996506961069365235172841795873920322294736078868181890898786792347137546224334444623133505709814350930501777028e-37
1.519721617026643624917982802638447183269853860698519922607628340430899155001814827900314998177468892097025816351029672227731331798157233669757820159200419454577578304023273179012447808739970205873009335807852145409551373436022617616220972745637405372239427457322019511130452968529222373519853393706354063187e-37
-9.3632312845235564890056719172736634707627668652630068338909575857191784299634388796538708924566531048366209007225747191517290837223510539125820517871656433162066170076756705079432326521973317335369707595216338945605885597343670250167460714613483828168060461777562947714066696646624498345093422493150889917529e-38
3.25398790086598218342307166341140139332080467162350184639873839612081918580491062388317763489293083273162649947013884530936511741950016430427044328657659131826563342176079156449022402223764681306541807513462420678759865604796671796704932125781278037416349174650862744664818298033984272255050185803245118502549e-38
