19 1
1185922517827421522058.83926511477940670805057328427113764711971246641136649929833630990019416787656557082813320844786871496645436613201092499463612400460376144017189159750857820591706620261318077378321899888938754951156696536558314196359063304104206975578228501879305934756466137384988159786434054524575965747
-1784587536572493059607.36098326146378461531522895362239770947113567903648460814188858421156174363377103588388197615423200244543417123569213621701134334292794484351902291225956612320775829326641210359820564017792305494288695291546885669607867215808703910985518702801600133799232502370025620494542012875275376942
1085660260419420928254.32552158496184654703936619366159948329744866760823135417649830168970488640910457050526301819654378771083033515043242745428770231639518207258828670298831076329775612073144604976020344995429219148200487162502161470931435510852581258151043882807771661823457888846023389358118185350031215567
-926115182897498336013.495008916021725597829200155269283849327506285156419413991423134503165023999814666984182406505322738401206912513419327614797497378856493915194639541485166017894526349316105407499952411597620569424494678796813067737756935087458332963317839546560647670601796998545831876939992655928033372907
892087090187249970178.558823199441064494364915118646399644530100376651185313082078640346011966426223791127173782560144935384567916826221172734366957627192848269679179217403442249329159719770220215924873451356378488098602664092459659000268617360289271083255275774799088221943111677157079996003119917679184436738
-927963479259577695513.320599810658444536830237764526350004041750093960103359593612045662398767242482574363285352802948646072851076910979057347788746694175756218220474069694867621685879325971768685000892918512406671683239542799039033835653831519237207730477672034514046639407011795745883168516488865729079706709
1016346129346448368756.14399169020180131536919822756697699252393195097381685209125201165145703038408412537567047018756303205787810416684652710856410055649042713933746543256680301227841514944193917395080875534678061442209592421656118883648432215459940590793219860759025321169427750592724752272210315733630285388
-1164883656796286118544.32796606975475677088446907589314046702036106379126122660270340326496625077563357507503115043582940739482630199130225256255432691946962113759646007598071086822494721712662447859514454067367310661734375262336470896458409069335441549437250450491142511458262174969356029893904419910645009167
1374472036066370786504.13469635745703578372136281663851900877062145665564822108633868769830816160471438209388032392761572224537314032818536395374438116680245399071033285149849161174189342365744326926001495446126895196929321261702740296857540864437557504049183357595349943643135048933433398127173641932594515529
-1664165930436784194386.8161205838932735160655059254139847537905066974267634791850398506722401228634218431447549336994604557425582401807079536133190203865002015758817627996836628265679421468507431954847504020716827286225893370691765449285983866983586238339379014060947064516612298222882759428092413829212554994
2036755044350828807102.98711960548567311545236879268120585440623598706963619838068703905696881585342885549830472991973414574860450100001002472520134132474431103524988421655467086637142608139689301539656855428216426083177694208432370713087911064771518852713645183902493343324831697813934419594885466791788245571
-2492410820396617434491.8055902696141052841960062190790315505400235934001064917762028311285011146471676175176307589321077689169656112190868246310667609960413462185588083087503045745469807011301708732348978282370259492139051186185451519547284713607160173523329664874725944779263430546911493730893242881011264228
3013894467040615558712.9083469516713339364381865507102531451114556372408078084894729010304593261625441529605528302028918172919503523371518946679288247525643102520876527721867371585401250448635178732579517251205507508427377793162292198414566423721326668240493972298616138169539967080438049906984947897962195338
-3493403224075326564469.18180521459254179439815035213623737682315338740064936054524932724193918306657642183063226931018820991671608660367386426221512957716275634334773630498849945991994172281333308963311833149514429851802796409346528527753659669960583881300987479565685512394520510813271025151498134242853836825
3860138746269608379797.38781738135082013686679798275564261428685502463790539084121968381051627251966353417129319757157666079097878181665767069231404498950549676593544095462683339524994488373600134023594847958213720528771716462668337991175908352609911026759318628847175411100354553921218652508344304173520856965
-3772765854986886818093.45741283816196462929274668212679679974452296549494756930236573023392599423012086188265975936163119809763474416064170489430303087157729079418528760925770298295127041096959055730042899774853185866035092592610656535058145826211822409113203773927718945481210156659648834951938468029250028782
3235011081375544851358.60295319451330425343496255325965966078823105080908533713904206797416743465546690671284693901962589805850650023500661864681262799433114212930320229316594783777905877742339370047541531639213098237301358176459840231721377370601958081823927571206187753452830144661170750997318610202423390452
-2034807191612456419708.97587749936148612603858419728146625944658043593752221236637093635168415393823896343410738580440934899954073335165451107106921396114184437186350043298572164580297046539718833762332375584653915134123741417315823321653715897126825187781981779017677647710472425273532516250811106392310585389
811900009064713034909.124776403676804346394818494176452313932016678505088866669749434641826421215629774551996621601725552937558763161127680457534828315361012876561880685577515829181793657092816809713366300881239163736595088207597726462509568645700215099915421860762237956511275787706285959595228556076165612178
