19 1
5.10248516180054791029371590454617815497210382359130920551139305609598888735651204067813806422676841199898781220143752084217796981082052502467382947832167294362286172925452764197705036396617178036217090285839086063790200230249862893004155845724597532727359912996663293588467127071984741843282385183228416649665e-32
-7.72629401037336339303116856719802119041679071010753833673828491684986929312811892654032664689027286893323959746322405651459159318832337912291324043493933402342500120847924054397238808064599426046512420175827582989598664631723120247671715334363106481377638002397929135437640611410132240463983262783164628121342e-32
4.72377883029344553549309063936030423568113438121663842809795141652049418391576619633813613675078670579275019474061503245434755483242344926035728690752913022995484467059222933744427339602043447736011465137905848567924562206324081553147230131145280420732316632796851335504480655620194345458056453389300091227451e-32
-4.03549974896967367320026128649509884585142277959568664770960981072401870304839833705173486015354852895777257333070267740712077557105647108816465201511598481944457564029189513091161038082886589363580660210478356447283585865410942580077085094647537601672592345848929683373939849432366429272118788200974776528109e-32
3.87342802047303089442709528792959790098787007454783430712508084688739956586773399800024357989444698270301056467346307072754482431343926985402145373859047885636020030447628782137644828422443685841933620123303378226797847493852901416361244075186112852887297115213312132396863250853316356250882976060185693977438e-32
-3.99721898288026159917148805239426056585670922405760457800278207304320275502153105099461225318458637615272073355667366460488772343188345191499219985710902729969419811290914618613293413523411087676545065608058316618373842323713752231365468175377517834605756009425251835646345102813334405250671113540120824649665e-32
4.35126224465759000158949371861965274069457218258779098544365290011567352997462945885078561201135059523995138350165058626962230247208550368981592211449487161461774774562345492723434369452534493603979715908184086706094496672390709627248761894202842522777929402054102704493544484653398027319048561062189460444347e-32
-4.9370452000968895216758349755363426261021692172921472276775328143728617180461909406863848383841746088957551675092170302449708238906601141221907046942695994388705462663279575962035209122947559784578001141132978111218550004151594985600510913116563908925811787894440839956803198945115971985704675856870108035801e-32
5.78184959284781557722546915208515609661570191017785751453055657529703208477562468483775921500928113751116701716840504145759978428532544762104919532751070196038656327814051196106402866260427353012261536094464264330336818736357512992419790138099236829409545102445347682025791668845035816173706278121525635530785e-32
-6.92247952400532560154945445159273782640750056895353320364295212950383302976834497835873041087421085294357473745805434170240828243050958171303525074194649421998039075576368591833522212812283572686582970341619425712098209425551291862981194086659390224769818783022303879099708810704372470128108292581197189659502e-32
8.38479444245160626251278526974132962085483392706496510780946836630393705664213457505027436314183964486479304640757434681276398653485057052751768994461812615957700432490793426077766028095699097673562335450238427138978564232292690804257563642504623738781794854996437585252311325935730192003098622611484039934376e-32
-1.01476978841001866701711203118627357027204328366456445939079131703003937748101075741824156269644509333892372715254201959812689721352446528504394670629706638394302393125931681414895423644171201609391040122697970802962411484609021330524106974128133807155369777984081631239953538667177660846448345530665935153741e-31
1.20827558078884748091816749578326211321174976029073163757697501886620938001345246004181901599235298378348849273017917749791959275569120024044720395226050686908196166336173115688565820583923941822124966821772912836448565939654373269493816875767013952897980709094790803328570262544692730076799164121065135221306e-31
-1.38713580746615415069227846184426775184339778179854480824610986990600050682052393929313343361566498908204976202097240620721407853646957899367451478432362543994861044072622474658647190310610690814767732392251707185114761647620683647206969829227475302874204368085595413133607325072830050447896422757768515200586e-31
1.49354209616596821198282716745949175566153554379613117611197716756061497235909410739069645590664036577499429536907862266172381637119343033628100704470328546076369588747769592082020572870034613655375570556661009220418947698002283724574683971407247780857590270971696892364885247934288662129814615425275375216974e-31
-1.44870597271021800737639100504781167432387031202577295596407871672421792682044151839851564725140079310673555725757943073157432006907325904515285796149585248684935871513805170791743704433387748227593722915417288695340404650187810640507029718774645761058332167011013870865394863765969303826256063211033006929494e-31
1.18751021298858075933825599087531099022046879445554462165812308924207875638707143863352974361218656218191415352855470679081898486656865000787880839462836182491701268666629178277505973919342095514488646322812280494355554215845939857902733018735188392725791214577879125844017777644300112790649355343658700295017e-31
-7.31642893485535874282325396978736646027985504814148009026837427361349538459040123047227393926248501038086826007874718306535889593150583573160321861547932236593031294001067324581247260503170285117154593543830461183327914957094357697353992978310035970403476994990052393833280442470399162755193366442564095942299e-32
2.54266673996531820580941041468626569786980381245161309962256608259426748137449405360599653663068041458161855186444039862081979355601529577417838999578609428687004736745364655487240132206911255842527614160946377981178224605540409531096629872877463949666231432799219253639437772038484354968790719335215502154843e-32
