19 1
6.52992729716487008388119203925826810739318872524036885939099578559709625655750503688306624184493772310671024273354412014712500010690884487518327431718731031600453653023770569126319811084813724081216718584881979246423583606374136387817378103731331421465845770591835732206745693103445674469173857248054509391669e-38
-9.88775790136565050412582837563127766012732529619461689056471506219533807629273557963473909160818891782790455539569029831483548095097896981531874930870077630616411383783850359385590030689324795227666816997345587049505033312381307597526693512088950199004487009676876606757787407977394221412989230661541747593272e-38
6.04527610723442819421606899009654175397910239739466380266380263224766247207093991721577051556408159530931811641541623945001205938380871319162611062053567003430415508888420504904545876150912752556437258039823070931550982851092072587130813596998656978086849521866936101052700218253092481743816187505619075148816e-38
-5.1644478428929453755237180567888223581565653079223325221685273187976385990712312368570618717095472096118080313645303711208688043096004031209461092405230740713937549018628082103674206960349205463054587268095568379270640525807488949677910331447294497014913323979069081583889588718496741373529971965148381536979e-38
4.95703562254315347828699410801173304434325585397953784360609356467006759147266552514236824706924727023660340210589010056255362489632834461033822932645289048555736609216150942396312601458101242893727252866583551931788563165202312808764549828934725358057742642114024512205616696064502614278828251663747501411809e-38
-5.11545729576477206055105776909115565690031231686194927830328220333133524816834669804080047507416261756796139345382282845949001325541697782550396829406301448087741208460702304671779238358636429470488274956384867002057229302492000211332812360602187556508201072586970575084628491553671991187602592642527879819869e-38
5.56854516574703580369389223068714810556841031536389980940590946293182206518020181175038072595938709614339086952999757197763299004682154643944943951052623798950256131132620434626634848622678939052214644057300195791303544386153588532655002925981680508584896552317128177735026573982634119619472936433710298729357e-38
-6.31820264112984787006706935967152522418643680696133558601411372177967909693865520040434681426912740427652639061853026386207110179690733292598547015303714814134763647593303304871036005170325234622877201782632658510561609866405507158080575796893995544926930989733831333358356471857820610134632406340925276187284e-38
7.39934351773631127605932541536102203698630276420991183929747292955528446714644057443238597761187351173325316146016847042714183008878851709016062150025414788104965888697693398179433828766086233134799544617791752682297483312296759601170059298122862449588399897951040312459274106781351243949717639163843215771012e-38
-8.85906781828905612790399958742805248933739106590826220449521337175826270145442983486305075209288894830424260784423829424635448056196823260418937408808344635475211275865274486137311176545744136932852807027005815569298452374278148543624462810266114320594628919336163691605403010504054563958709771022435739224021e-38
1.07304690538763895824348055184016174668920109896080648498450873594717129570617376843091774945253287756825934359380260925490117129441606268277128930201527379569741652846792178717224047730958228836117815284461226970464922103413513379386253142857927465196057588100178312314029684093542974192348365410245713921665e-37
-1.29865487019518292182509148091079585097659079995292058226926174918239546730946926372335056297392322819174068148475516208814680046988474185933000220283994166128430848412122546783824331172137893602436027583639177125395853871441855686932075420655815747998764780467196847529431210846484236565193923921182766733264e-37
1.54629426381579199310044639867203577288229146405455344095953677227239912193298630002218339451845781749997533949837250388868648972548155828357198512795471325285581404889977491054650680393524116636180401323041390603662524575640573173133955857057869540040913250103753589623567813573825473283599386000417319253799e-37
-1.7751908442483690176961301207266413344253283145559179741224534227335970987979828424515662549629365408942099331246837738177977763328474407665046093604072003283581628069922695800453150303325493976532080580673719062783710640801788740402133355635126687105651929998395451801835042516564303900339589297730430816062e-37
1.9113642036566342612652525786668922970083716518201428813926155265247729739627937472268966988919085409108408753016042037177526544181235271555949580804193585675060963276487455256142183148937563925001590901740346360057225943070548992830347202499280797686570726193445756698934007126466918121429133070135241785384e-37
-1.85398466736906218099860506758102351147793696128522540430932375778369053935587022880512067527403668082896876589097211053626185943405254258461579269241857012732241419673317443538549313323921181866064623681509117908891249665915801972516156072026853655642559702802496396568982870450622324240595821042728816175278e-37
1.5197184697173613424617875714121658322293891889621043675702417465694902039066844991935147405620264005658030989613748911264965310149752275294673536812186280830116299255945370353619651629914864519278943062705679084180209630407629454390525375276286734737182714504652004966523079757177191176046889262106400896692e-37
-9.36321166293224662353842417594365062747325814912032080774923163860256071257125438118629820798724228888005786674564062461035448911020900801649548593167494584261994018040433935503075875115605718117537706487123384525745461284557607646493734589783507940702527661613143934749427022151285911614983291762784263468274e-38
3.25398099675407932992093007780802310341343135679691929410086978711216938135293793854622592778866165070257534988708469479584731973224371262677666472782069643376155634822390799161399184077146715837569355769127283053920016554088341059341315746952113241443136007037684567650346798658855012093616933240917824400029e-38
