19 1
5.10248096858742392533239520391760952249493727592541234036576668261407356991826922067559409169435022954429009365883148671092232707462096597639365690292126703314449400410730345600237349009519152450268730665471687041242666138571675065770484211448525267141746338128257304922594725652140833535776998521098773938887e-32
-7.72628765832580097619164438350104809992072390655557600604342796844726155580344767372909381500739629294771710871509578037123176813438354842799138149685494164876309811762589781870130407051268956927761057234497943708424934671477135723694150583615493596209993047206111902328005114602397227249947764574137619976073e-32
4.72377493878831808700522807281167091018515550160171104482376311832698569108935067407035466057677274415609471056985521143865723101327459590541809719389892320237530922431828813350966154972206815521221173305516070394081508487577734038109061245824664809144873386179732524809400435826558409526730339021078331251599e-32
-4.03549641228770523905812723269320926098551926677609441777512829671527620424810462678262208403095071006653623370896651229019586077568095665149602472229665912311903781117576646473762645144569389253518655900944335332978243542542857890448301744742143617261953646015760333253479413596151452347757369401825169221332e-32
3.87342480089750967370433981118107684899250517575722538833590551036047649094663269803982761668013756135904853360988576354300931230230991273242828549128933738351783351909236627447989906403779974733686907336032132491048032833714310949582587450809262168016092160607631663495080148937870047112869202927429594193376e-32
-3.99721563760432063421102638706620569024294480568249637531738555563231747063129166236481278079292672699566639708551958986014580863685901825284800258964871682169971984616618422027234857301920893810049653337304672708589010894775611429671124643346349558056240039401096062464319207763386968843055055718119756963614e-32
4.35125857241516575380621658444986543471752539971591542097776202671045579342164681408559846910491766973921973554620344770924665154321054496009066534284924740830164354602756847522444605628873717590320310604978177931131453141124558949518134522033876733422587455727379545670858887515850512723643435095821816079004e-32
-4.93704099205981967705521519125944131089749289697059923624562979881679731896212535844042670413693439522152971500395603681436113960736113860243943004470083364117309913777149992018062919200317541087589311735649221156306852692155990982936047735740337424256593578057152507236845944337262982163331163794617782493186e-32
5.78184460847665424018414474556526846785961289192594388839261492440972719883907555683411133090171805853239750801490236583055352868562973845894332615004970413109386661503700067246380843435434171450607038957198590924661085329931499684725111670447537665166971772573041990465265110475658563236311487705997961291269e-32
-6.92247347965959149340171361980878883118674568826052247894733939957063788010293190952513939188661454863528371483966745491999539774151317789911478411593636754777707477863799131376898426433315368963548785933848944802995651567701616745694400947650841121939418051435338688360411428371165228791307348366940101811581e-32
8.38478701716736449875435595129801573650205025593875798161980422256054986284938819524945258852370271565787359276367614334174976005312515484990779473519956569334769197896175545179513428868337655336972281767790561854822605050141329694053895924264232018165167315366186916496886627718414410561253141511356008790163e-32
-1.01476887580123496440145420218076367436826607253027587871091966861858248432905418261379674984315118231553416640347129664966060969391860011660361097015055002974379380272969599455589467712707109203699208057707446876120036650997378904993369279288014688538181100101263315996021441716200626067886275918096248411924e-31
1.2082744759066489508997884307931071440510325729053013187775914693591166395522923843950851127387956196859244773034178457012963563410414648809137599230404501776042950933758129183878253975686823030969651190998875690714683663131814727922653107107084011236581037550049349330630124997210973710121921218626441437081e-31
-1.38713451621666790235563829716254430675733187510111503668557463852569513948132632448339433967798984508752076582763111422547497450602331929928271144788559440579873954710681650077680614465190547543639310478271344417930916338486482940449494112483385236901189200853432860947485380638361849717786857780994966239703e-31
1.49354067929810335184598369397915435241070348934013221509572865353959851265802743718757772804713512135560177376095225122846486823910160358717140875629028756012216188752264328162346560832968055318804704121004243712555624129871954845124079863295660189698268888339002384757783995012696639545975562389770075909519e-31
-1.44870457066173087417278099121023808178178723199022140663718512743823411381486024752455400189645425276677617334472970689607451800879435078981212683609573147595215860267883368856513318680138446683306040736847858068037305599914627645511427909830406091915487621665075001608370172383837457653000091593882794231895e-31
1.18750903941119634239325363436582645792007640845606535875348251410039284942982303312312397802531582603402516705420296541999783547835404749761721946963080371469446681205958665751440860448031124605659062517208134068831609201820711807611966132181254658854646098517757625888669116644144664541971520760711330443141e-31
-7.31642154465204559820807326502517254941988298114290444966049520021902433339578491774277482862483228483931321918217815245089954990182182224462850307247908834279618510691159985564917712266994460824974802589119783223014044837984453437650228770566279513276975238608636825342270232257979551281843213692604979313629e-32
2.54266411277450717340554303615913329387889226968285663593593341567566046473306951207113106141517771071049338836299588033311557400586702166038550392035482353367533166535622668033985956770831114540780681988369058826779134835021018777711420411475601726180270673641955577371625722755570955913029220812462029702257e-32
