19 1
4.86153315044554268991771901636642878301528818524107357232294928647477194662539007075410765266846615009175952914742300641818017376446800016639238228059002372283027340042167270656340620181861342988181620809462195931058754051117183580909123043675161362818229833669524245635915985455105560204292450943598554818655e-37
-7.36144645067210194458188813816595524207944211007337227273644776353142221156507167908448688510312176970874770609767554559097354188712516088187453143687616330704980794992052033403145360206104828223108047596386071866460761389775232686456500266932917445249129640622857800906815066976501254086707708744909835516856e-37
4.50073674472834340568038252575312004718520381169838902636719162201915754716216842151427656387494970660364510764884330200680494391152076442502362695252357711072626297409012371639040048045517874430923902149783377975455883771837553211540234817876036959690441476407977641531144123599879260460535345255634188863829e-37
-3.84498997688151751342485750832415395932490557074503340128150949927590822263665744596936765550265525379761277480907822074324269816145369869279558971158042911564619951025535656305481873892715123787348597942090658678794916308033987615311529066185814837734409310035767053794616410784795956425415148163958178197732e-37
3.69061644267466805571576338562686322116084337060571542551264288848271277321193576592857784442948632783047532375171272177105066092159037121279931425671648312538234545816878850313235410010226478427150629029036055982723758199141773997858944132681552936761130731767219013578569667740173009433300645623827710406159e-37
-3.80862840359022960252417732661889019257234748217720351146189493602940066051970183576679418569636961820773751441206688732024074438642326868953875744680735077975449212788063966579582238025044816095088566575521161578696822185057266822964847951369643693365417066211884837116038609500211496655135247978094814357855e-37
4.14605310977584456328053274959245794492357317717116586454860915773442958837388494660975405614342543857367425546961662759524200552258503599509973559309495856234466738267523099262425543949334686703805806139471755767177922341050522389913292920054576267697053535225079151707942920069878234536764969791639609290487e-37
-4.7043253688348286522754182883942297442004971752809469799022006021243094181379861932214056285754016071289239165469284514860618173987679423873739371007735332622288962463502253096772597270315880281929694076707218993112460290346557684798051877408558180281083700942097485074421496670654562586401421856876841900305e-37
5.50946448470814380529650690554136955042196148551839568230041022315978227090779247854175414372848167132097403408818216703264064055825281240862360163760980094507658746933682010964308989284421604041152563309651344696178425902850596969101751397637056071460333700613980176913607993291608955589191512424115018473459e-37
-6.59657237897276895098900356159683921711723999159657942379580133238695433252193566321653449656756794723021192437007021157261044742313077676768650731023495329550951134061775876296613478980851069859358620830997024606392805929232729024685047809172833682022478299207560506665234815888229133312778647628388475777107e-37
7.99033212118369717022473008865325003357562705865067614360750654530759785010816332656343458484790057629462514113296543043136270787750528331645540324050961506114854206209244172330946178143608222924154224085879145281704004472026435610359384221471570439889523167809226279267242256748037089374544322902971982887537e-37
-9.67068872103193523629938232399185514414138604084542262032259371833594794638208340798306176416461537843795987563423607147170156847081151387688874289322339859720062064743884834725007044388821419625086151482585129387741935785734678993758440037730674048480344664320119795640843502650337030285016396368856316020936e-37
1.15152943604534801305429794333717098003619138042788462209275906626781728981721894006907669435094018416857775807527043521167353955093696256075068368881189102214771227378110553802628486193444591237426709199607450861043989875743152484671690569547432183937682580025862935219957162128116094277901519447665702676565e-36
-1.32205311815147863394979780844833415637946433059243978537912774887554922683586757596726167910863761934279776154664529820667141493493899626574277446992541837748752268714641764055502441006512135889179057968276130697363032618413789513460319780320052194586318470068187647617180863658063004704013723044520998564414e-36
1.4235409783656753691916719837549220115896872344699307411627617660199534080565555485051151120783565372094145327323032593692784073621940907342986991329393923675644670650023761385033805722179448917326131824185940931252048433993304600258334333737660839904600739621304387272370677265055294393750439662799053790088e-36
-1.38088352138212883230143183015954430673556421967578903581740023560335719369069459942340490647971735303793979736054894339557649076741766698453817296112846673601701274725399944914459782405934472732973182345107900407036222372797698002881846971317585815054992618250199776114625731105435825814016745137334053492661e-36
1.13198363678438136001133268763247729976039107102725127757490841386218438002784998274395544414404245758476553498068507221510776062271810493768405333901592162920740329013354387787428441893566146795084626891108351094841422081676202962811053148253473250217318148148402363560086182015628360641710907269564802020482e-36
-6.97476633146516454236095539544322414733398432956019194722104850206555408038608919866900577561932113606454818075627640636954141166175049761962624886792557279038583429568614700567109589172227985114774117272487658044919936860588103701043066075013488960733033360334737109203610983654280794454881954761183944735982e-37
2.42409348324084856956913319204610583808152632168188056579327028735184173384184863964643137311808288704878829356908470565259387658064458698183504086719769402480613114971132165973644799562013531138816858114904979555869342440281266766922561213257224006492898687463207926435761727108339425546267575832429437535799e-37
