19 1
1.04800804636331481744904686342847102621046707032952092082355476957624328166176534842748157515162928797125166331699877413975165881434520478674862868158352351604828908888004590134290019031577163886357317595183548561266730517312927046812629172009183082521882532070805744246821864399225358207093576662580032820115e-41
-1.58691656518183129238115106886185965492216285215738946122821612273850640265499662606016167985958192784141702059514691912020440967000239848624476083331351954422954249312636588182662133957551170168430220306347590804992273599442096318876539006092682424391131565958887383026445930642189119219794044208368427108477e-41
9.70224866802846348388112296646413329179469205217682294822798174901033008607083194571353859751386853172039946089791502652613894701114270291339228550513707722954578270988696079765273388894166995816535031432951308479392620379454403396137503404968373178819070166834000332130839204723153059989138055246393232872068e-42
-8.28858010933019452497181595063703634022247417197224829807311054508321007758787683474292954698150469966786283561755100555991199862323509991430118704885592617710087171254531639640950198528804400526341839125670663722320578897653116909756874336633720979970883807003301340435075119457309316548899624602579916939165e-42
7.9556974634036272054592586812297469110191362354132811803435443264878965763878739133105389812102860648035825229402129072836285979900598123409148478594920922671497553202686844683751020039596990149079407017615471690307371295230305630279838374533527768598799494308213185155629842871546738825698719795930339162397e-42
-8.20995264213184411213273695659090280835590259252830746408376813809606932784375787345994042368709307399023001212269717560785664310309971931265905703436816816179828048520559933926643828925478931980311356264410086023606959255503133726680209118649898285852152495509591963196841417559429345081487319128170769191072e-42
8.93712631994136240146193722604499973571645830439154164861909529460398381943014991438788038825239706178576615574034327751676829752185992818069201801920054463127331326703680733010717480017633931967952772094010494870365260425479490992118422787353923597859413035605336076400251566140268564754010611713095856412465e-42
-1.01402731716332223020920335205744361609052939550783061257178735790214120688238900742814728030414448938518979886018289213601670360028000314224825792270476578073940067975304221755257629118871381371682276568728205208577266178473568763709603370636191919016282927644777403322303328156211540629856856925680027935622e-41
1.18754271777992497482466290018862363135509605264662860685024332566766528225242625846813767609776442898081982014979526413323759025149686096778685441861672444405052467755247245680862046354535544375786347144766003229542663149320171879570229600111878176353226627632876082358869973069442121634469913206074810821415e-41
-1.42181802758563116908034765914737820052683967657145719129231084302030987903135714915715695763147057575278028765623587655141098783377787759562472145600991581282653644760674839092267996452709853756738688424663142719889078958957863190673610866064250115879713496551547776637375122452808391626135774772356378078561e-41
1.72216448401538223274845576185032753919804240209575432965795272022053657682570658701375201887687887532367240926206451695206844178902815332861886865413329906888777592866863549305222568123893937186570045612105971155378037241990662471016538017906712946595853277045421724632287923976657706139323342139693623662477e-41
-2.084248969412986252671928352859366627408114602598830726182338844221852890788333975177437939080493289447439607914331989671346401831494134185565628753396886735654058153405588627791399651114779263303624080768721412566599022917501436644134847757306829735341955445798301183352734018544573374453025131264118501584e-41
2.48169216198081593861054450160034047780976058699818062751905069598224155664600280854423459288360261345918510574633821859573981610005048962711833423167692127920983413707228770765732722946836468322829885224339292910528761068264441968348214168665086268506296790810420251465290061916552752676580749574201287453383e-41
-2.84905428056948418808862959977531287751445058120676053240349277286458514915433950864025786592449655518633602575860592832600340332341628097342034591623485337113877868033168408452303864940030340272816050218477629552221569079887252636501043687661779676268258005981029547742092663682880345769050950824107900373656e-41
3.06760209096550542371430053758931923589755170326502193077185572018020849096798492502702262307456469326805523175895892422483145882519282247818209222704563349521857456599843537757277291317536240403123559736633981662597577690119402679798445998260018451420245665589707108585696525858930201011786537980391219423135e-41
-2.97551134446795854755957527858969990929192932177269611046558189849220720232849836380283415515113751898547161345985973918834068037312733940779630960900069346392663846235469230535447623030373755192281704463673230703756984552023060211701468475458161576049487917490173340580903813980324888369136756235033240807588e-41
2.43903763617017478594746412807665741115215965959151476579465742129427094092104708729634883534514068548407020710236284498027256429104095962423509645930522883487214433662683783957604285947246691451039576089500275678320445844828728832330487242181058077713079264408812377145704223922693979922945082927674235240776e-41
-1.50272697339458429446511950762543931747102046226625583319316572769385402072015846026350638876599882318622214044222304860418049645498680644672489256344526113075929514894919717742023543258610532422171386470470315218389366390767760588812939078986048449357239970160787805640060451326246347053592727523460205697943e-41
5.22239992429128231820348862646135699220791563678001715115898575566470950256755948532044658518288477609183251512893080871594288598903384529650656649196188964451432869929900970438701784412126999979545019214238087331543642790024352229997715261881698176671462345821619702340218593076280503827593631941154815381202e-42
