19 1
5.10247692606018380502144572893163954462190303638846651717234215438258444648893080183601535970865703115939031287391201714525407575940315701036248517415407305223575633122905163112787137662903177111377968868948825352873356505610704490933234461071937610511033616293476888990916024851009691106818838574064460417653e-32
-7.72628153454336154758339055226941908026548707155255975115204774565557411605573402215550238236281082869664211551390085926841145012953223970691582394226202123325193144531720607194969251701912824110314331908913601742276385165091625553493576169276071696783785916449593820688186861626572906155814317091990190915879e-32
4.7237711871273554802271037779471487167409584734659952885830917333668042436551772745943166206071604836645311386923295572156150134000399216714588292793948390885761022346703996752463416606045653591830146517333092721036692310685729884801020858070755819890422413032596132267519431107200647502605738657850135061773e-32
-4.03549319551237082107812980992811736104666236962441430821751720174033016198396265473436018817703140511955266541177646161236069409622636296815040270879163583551894498483013765232150173784075825125925959685926376920365998155638940481926831475739813418527161594354703403239800663280879892910871840795440693130024e-32
3.87342169702092984659790367120300833291296890023468816954910745088020731283934117228688888676213692391724224066568211269577522293859272000116402626948311874870291681381980594847159092791944728649121034146225112361550192085412393272884642201679649090187473733853086929988594070562549240625723532317193426756061e-32
-3.99721241254535123820295079936830599759840427643472529636718453793297245958673862170662872774163517547877490156995007564456638479261688257599424313475378457800091098810154526989534628751331396501358011988046593882050271650784335914429240244114352827329467417751326410532027870468659678668520890004952370448077e-32
4.35125503214082757235853895397257774727631643461125063167024342092594536910042961896569098751771723154828383896260270808323439753349551387276382700172124258194087794055765741516925340286121382678039530973238077192106308959428250736956841317267442376694192929754367462456046612834942787282498026969942383960446e-32
-4.93703693524702463435402246052000448924991692183734401966378005334855643741695713473408284981475277323120262612822836300591813562707645752942515119968470595217612970996269140950260704011689488786850461580164180532498497403526976251082189168065803378692491802764224637134312771427025969824638780191626816171815e-32
5.78183980323095057363424096044078683478377294859585163462777720359898443236254071882708998776070942886055963259850392571962932927531386590013538095376791227340186648598863790116175067950163671734739419658780574837508861727943576495025614915765102551591458157741108134012707081134483815025066376460268537870793e-32
-6.92246765253484766079042660983541154671503702544152594880142166540094014868851369951414616121353077925609846825520360024056984000116056059487416920637274462469285109862237535142325163629632337861214028551922406837525564442905193175762994427830136695956734719042695180557820563541193162066261222234648073833778e-32
8.38477985873585573865974121627454124720998730437736912843039360390860113201271612190841094451668299741231519976506632823836803462740531211816681413598414585935233482986735162291662463473728143771050169431082896800098205148068512980469935148372717950619732921476319722993520336467709846103509133185810573500583e-32
-1.01476799599063403536778094036067648488437713923353269063801006000099413951900195235271591288340738007108759773524706223212654495737606541569750106695555855431603563209289006286922141030830945910370606565290165936146750138801214578446730975221876310978082097109550693556087869790217122572331208955301513860207e-31
1.20827341073337455141337711879258569590097679116877193092582397989945045120381736652258587811900737303245231753210019813297836585953175751505782555072330083537776593094547851207095971702901878248365683005337896933351234138487569607997944505627775108211019483850572104756301180239034468076315825381399830413674e-31
-1.38713327137484585137371943156174724774966740450989465867136127119890577721653111994216218059442069882478215251347437242876978931549825686599487260195177773426274860567530446452534624145132979364411531761816636902580109745447007915212932483217958405905456959152405552692470742590109497836128580515688076065741e-31
1.49353931335355217648813944651168049103994401793845683139599993047725129514753096304411359007974144940064756329738261100830159371107875917304529978059134677427103875008336744026636439623490473065934036336417405904546391074250906717661633360935622859577886633749506044101018324891818547662589347149001696886698e-31
-1.44870321900487382563656609745946765770380859621936158757504936014229983035528895854800921830158700548732087385969353571984924137952995139057601586895711045931071528435134040729226952810689578107878839112932238447994970680117244170470980922417411196657237001719285064976181183174196533287122284029980334617909e-31
1.18750790801467319219458623094277021233051591339045671198186717365141648322418848910361209903195361296825375415492786836859670369165667817420568774260428958662693796289468067069339900606748279830916735519817264989621194335658882072906447634792940460530649976446078936723879453346032758240508313740535779015325e-31
-7.31641442007355912789930796817394181236267227310194328382414630438307129912211958774458420802266105653506627321546040413889351557465992219290478180773521775665527123540757927318480176517882297991186346795397951015023350053096118951120436731403468299942633863064474005517014333444457362985856048617923682235763e-32
2.54266158001427487620903481853942791179221471181655569351717598926951282421267157816679712959667457077990160480761675959926929125966753455865858040602727170249478056349322294564445506716749975007579345850877765609095101163554875824397971982683267212079965513666504111604826363516463205354314414562655317837312e-32
