366 1
16791579906907687284679.465010897158277066243950269973450211479304274606135538735171325759058194505597498806267429097875975836739043133174350709194236862804237877751095899544978749332621888281354284132745909245562312893959097182457210311204382696481454672726172503888189689231522962352264084646107415832983378
-25235882786604434771960.7509013179368483494416873844239281663075768075371068753961501172308417112039903422792625547193728840054248771128599049633051050471287732605815974779560505763213259744695471940750480015366899922517741237101683670496585082389677432438647392607567749105619545939558182536154691671838803233
15268838889044736996226.3315525773902280561968690269532364810773353820943030548926385887664709367659638085743594269934273430895221533945815542115861250737867667964688961876608698086217500448697226132966969772217570446751087326575739295669336139663189562140328328442925707884531411501590810699466607278832460597
-11945469814816029428201.8106047899669488238866643715219324371942578032332376227204119399512814985066692438412977402532641714930953988093287564008019237777442166751387066588010049383396556957394752998781076195065221327861593609198867395927336101090378324170936495298006302771492077336294756953333186499748571847
11195722774622183424641.3934066035479811196838958025335978789914343758614519429186889364182218372871712146525260631283492431026149695112744706292671896617800818989208840767784359375816271257489491803625036560802744722378700423363556254216884177893494000618978984288005838929466341675532693758659636995926466147
-9855338444347336445200.93186876511991520060870844920350302321097058971059080624222810184200197660398338556442087201391429426425978466285225683518567716534206647905060841874021293706138114546317600524107230457358184355679358068394819394846722494434517712359182740494698183365253461316401153154080889426114092458
10275681595291287371046.5886881404597635223513548054275325119809951221155256097557014597955013926400347606333852137664662328408742270544451896001315366474516186364690470483321942683773991389403556520547893121102519704352478023295477098092874695556292310902677736552002550835487727248537406098578171172477425429
-9567118924883101837212.49521880145589417652772565276404560298358992090383176174053762845419519465220957837457301977121209026676516650922193647306030416042282439654203511492166483099928141726078156987779260080284010093773808111270796431455615844069716760764868909323319700120919507995888978887143883050340876638
10515173814822792204828.2810386093643934287692613835314909718410082823065442335875502866958484791325163358732496956748681987459361024972601981219423282642237465442045860712702637757092032580956530853874039852095423994461196741559397822327516575103697653844771119229301158861491998652009205945260240892480890501
-10297922381212806240013.1944261700372342843363141388764228521801717405312170206703318964861779478535191396466291121627578949369493355117170180587408227658557005360242200069425987272120977945235772893193524913976336432679050107818477853895256185112997616358546766307371903215099403400887306435372930834836801851
11664448448232614334926.9255800452963072083256974338864294192291479150645999535626736390522634480768280854960869121684128850047122496689554749619441595041490814530001166390929456743067376043214654898282502262807359413556284104863760165369429904590544531651433922593121953807953420829090107718243388098016972738
-11992847733305641937076.4089332859687373329349217454952841857207684090591503762786612402370075895812099129171414060636235303806214764212731334450280455890184257892031099934821163020262276447835648916851049898390919597983716885980241460566772553258692019736228725098844443506967945413004548578026399792784320562
13866671053452302170677.3358615364694982688062744078501946407971032083910799228972149431792129045285755753773621218954300499618107573726123186827817196998670531227635375024988088652139877647855919718069213959839798883545357817837141064512605770276692296420763564753632596168139497220031697264902715706126653949
-14915472831488150344679.1840646453173588050478917059985942610761585554282290872802457523270261191069887516830471928969247032510868145487357945287273904148710523715237354460164501365442794716067736238061651368952373456635777533867048051413048730099789063211499841137182024475088664075626078658652810117736293668
17545076318137287104865.9323419385550381795804180446268690784440695056720735561084516461945126901596388795748158631960358015021147664321954597893778729930584297553201154078247093227202336303033685507622487530325347498671734097278465131129922709389787851638723274775992738132433703493853652444071409307645577254
-19652019306415916020477.8687248759124277264146181097138103468763112011758226658150698081016135717703492043878346285488042464528549710132478865370142562733550740483213411560323270213072292175440436570348605167978190719586511728592149145164221356241296332558858592410146866755177984273232854252739971637145546641
23501929498320099509692.0419302580360270776352273287299451997481036679110834853886794456115717983170937885338565325926258171284832987025282000943301164326558406611379058303001822691818418211069989939790470412991317451632778157672621750681961672579567202410095042591667220124259734151432615497748610672808059596
-27275297535678222019046.2855153475899395454782209951919404286199219270565956346167166586129057647577008326329925010175344022506685298365990327997527946737977467789947087064533240576472739972234787735028433875481625643129973063239412513045666741674650221346381721793424168990774765415529633988750520786121249698
33169440592947967689115.4046644646092146947225545414121175299688974798238505290796977914326133064135080741941920704286642492785939685362491515099169349214116366872841320620061940269258457965868322581136800950511548873213347523695772520142525079612177031398365020974284652494648365639441298542224262335559213571
-39694060512590827275840.0999668853433444798263559367322940462044067545890347985040826116823597353412590406244505861520583898861685405889362214889636250893488737899801067882196405212162522166559536558035530311870750318563552671405370910210154237391605949731749558041526428933143769924570166527477164590440048639
49094877549258838258110.0264321687381800648053239224847151048073772426887922985816449403482612330387601349931627104769769105556977315960367687471966790504598139272251998798642226373203091432038588010467052442659394856428738608800686461573286972566586812422500919599849496859259526251382882893203005201610071293
-60316360013059223629181.3927919772491549686944919192152919884971871054336745572897262995822941116802904154470496564762252251531364049298605983630057266040891412590690238623764688057065373200253140892314060019130722430032050864165946903142801042667598183570289978361094693459883859792355141470615263738540431911
75848120091469517742934.7676169702123870095631943177279525977172325606307042529922186656449480059475069945288358400550571719991544645275297320178564027420339977527588779471316635096016319033375422677027925309513929434927064181857133649646165729141736583355066600671718702752060586119466554955468204284831470467
-95287261475840561261781.3203918981613878566214068504842590789859296312480937476175013486669161525986949658410438966243796667167445714334322648888787494282369414472468601580382931241644609345142783476681145545645637769592564345656765683183778854787198289034100147402969035629892015525085389745023802091011614483
121708776273517899023793.851778191269063520283656466779691747977626773387503244150052927368818134075274747830387409990499789852490573067783788362989609380038948380107787300444583218365394686431766144228210037624844557286645087310463939205008582188114641518241391847685185780443584769029065985157186162824010088
-155783845635634509672444.049533646768489320203007816900234039585923108493271708164552712119479513707262580210624396657381899060451411579463819541385874850968872416296432690638471510278579223575963871533636940457243797197508564797703749026260219197991222476603729140491195311208637495033794458079733648717798663
201780623434742823600195.905966624000685718018097823857194788683314545843059156506828262106950822190811614012310167778439855845324831578170405071743358502469357820900430890785800515138599630204407028155023805913342816857894680129936862546251961776581511393686411181757558239713318035931579156413440635239313919
-262225771768157935771869.563483381113292140248101899263282568461580352107717848714784324143861120121031445358027841230838803594552741203730497910854066852066439596340454796409949468570396658148619920034408862846354620719379306655028040793225362865961705298248824367303306855853413041713743147828092100587973612
343654863228538049909507.13220954044140072619099042932534728746919844131456460063980219324199767551215482300228503038494183454658000566530782927621469632827607434833025949994510494096139300275552621947815716979225737479700775598766890313635618268295052300702706305063626614757900791437767438204082372640819651
-451839321482765878199977.294200261214686310457749344686739147477527065313190866977260522724359361883591351150031024044239537589948401786579234763378093568973396029517049831332779258882322973348028410126933171568004111454606491976899902321398379236583015868728715512407745594391378869536336620404352386659088693
597420049953344599000607.008323945778393676346226319392858580372089055488653981033679024360816142315622084870909450150159776946271254607461830375751058588038556089977048414039274455596111601580104149042987997124565999250628586217952370719580570479715431391423498054172637221910506299392178045575639260757678902
-791745018790726935730395.397642830438558088757284060713408796761397564471204335029563507415549677318406840060893330755236298390287910800878150723329078311613027871899904959152230287996697096766220560597779562743323754831106308506374249921022326350180480050304797211671720263520265886328606536389549693307824316
1052505978485058233994119.20073035600812678031540325398018621727227278698199186145916663349353052687944362530080799312307927431347251766625912380775713656288791481524639481955687588925742528140780362359216901979872047528710727380453306403747325117557666458170266439977274230925730608458613499527348700411736218
-1400191395353028850565567.50612209434736807698091701698540545430891462576035983431039201378449083695544939099880703008340371917917386672313336302525224122718488269331033147925602693841275979643584866767375324548840771107699131121895849672434415777247894616264326601837500708664325304318991443152783440461902732
1863720011959246966119370.02708685741254491725150326309237007580700442870450233837851706675501499414532723903822337032254723854860377186206063284196834826592852819907809542246629545417871881371835259536595190101439130820621446138642511149026130930428993714864179242578228446338589280359389579977310649403097326
-2477282345624600762530370.32437803733921438422907745283160424575343022606219768837595528346080481680954493618068420924344658225176591807523354448214835480537991409911864465636194890139413422023550839518429588125382287255209564701096407002288227655196346906156281950582378733054561637449430952913451243452762809
3285545966473609952435338.76859837022971641956682331626354527806233778712344940537456186751066869429381554250184035747136713252761377506136879479522172718243937748717730394618090395500583554076302949372327265339987929816833469828493881756188393796342595114308269649346494743832339550977121133398682096595015636
-4340003195750104112004160.85044950244191970789470306542733426052703701393023203907127378590130001681141246325968187951022157101781033149819899711175654644498653562133096604742376716165785988316968966085653181892357144704670989861247160085732614999560333580690213896322236598504426103448557018501062822362525026
5702345566670926140638288.91268119911512857395457145301359803412606872643475622150799155613475859634399897899958544446551431998735719858481744396730606939426336859322685763268375347317015037811299276226699050454139502499343610632446342100716368080129046051381729063434570814811473172631612111911153240727743062
-7438120726752863980806094.94312429315139319686802761032634272837678770306988141127215458216121293656542161661235558923968244236520726952930327326078290056339970532693174758159696302757674790012808942805589282207445850708561048416580046155007457861193447101391623821796118868881214511943879858678889013147021219
9615264699454358283614728.45382541332141661907242813049793928155784695699337985061231377187491733083167481624039154139794324410201080581127184878728923116937279360586512079643087965874688109650834487888454935937905366137738871222255867442582705230111414009220575270940645893059302974748289332969314380812324336
-12291219803521771450992018.74492963858852162685529370619302249980716656913559872595377816639233976245482788726006044671602761792351777839337502800058125111232506740970858651322489706023895067859142200356933470059876993401983344069256649494130603006882039084164859423116593318537116374611804043121617568571881
15502442920895262139028994.7065882452899026983796015790756079736233214658302379746913744343458299853894467421038513828949636794552003300238898107630894411560466167824538367532716493794398991224980730857727847220827770211746106242661320368341267864899132243394154468243505408906912295492783297418485901023735608
-19241414251302906539754948.3725489696975283101103739332275177743670557800109104137720671486265304123409754889622265538323719290510417064263551001054048844903133325283811707887650403269872608629220982180797053606428692392922968723475839012177879959970319805027881899655251634722181557337771567628345098007792359
23436089331323674194409757.1727698284094613788029052439627124085309466940039207195576118869603029989428548545576380040981812303530987447930708798876556514510125576842187946338680692447378248826722734254217086409654919488985456199496642550849265928100080076005334919194347924500573584538598004082437547477181976
-27921033134972369931438574.6995931564304899391740842658536298801555226988550523733359269121830627810743379304527520533483158529360850583930681133996413026515354677181769991261926505527385564204173622690887963524667974791807392577513325381434974909273716286843103128569947599659319116876845947310963404590720428
32419823275915957985309191.9064023921245328105123137623504989509232124481832808957993694485347071261701620147539214914163163113863131244633074803942963672314097574837715251596169473118963173513613057894006913488598237859535047100741139715501625714707365920389773246878738530686190617544852756146125848000073868
-36535114811555900251882666.5363831709879856266810085567274548378343167961982705464743209518414850623530339988783798174899042572362120987898165719218854236670672236047899161687366978368793461738809993957274637479755899778594144788707362839438686105592473318645750699809780316552491541194819915974520405567534854
39771322207839935569574952.2624835821770038311398934322296977423985422752019585741288494049904873513978024701126887628707541528904902570616482086482133449729790824974620080372190117694090093625906366112015450186879495546964119524650220248291125411126019668582583018779251747357019642587946592029119468601273059
-41588632600452841763642829.2804439129841449095623356752213905172497672717492952989830824455054300347438366909489204611727428265502740414746002631957232429757620777424057436933828064692092200304861851002252027435963416271548949861271374942695994560865051050521559834625107332019326015706074040374140455763152366
41505331369603737458517870.0875871321023893834732778372951623842021161056732068639326786219607993951756008180606049533603574040266030441934144847856475882026239268587393013755845889246898972981604485650307242482776686231520247002338996540257020426428638916647929978627631637211528383789035083800668481510630364
-39226374583243045620063684.8031087708715338524372506761674603589404505124819981022118633850144923371684917092311587199694330459330692382158994737729656561480371548008157217326273510794610566487509454420295078359857553096505280313088932054761500317157520277412676568616225881978788546582681839954449508835792566
34779048415982173120154293.5918078088071951471731073897763577439186434050887465054329426214217041854978016067743783109753320238210063189320748933579449018426110617473498784403375143821393363091737112917322874311055287556545963674873091161720552144081318541088861240076987411258406350517019268769777335972555329
-28592801502239448879595157.0306571081661999478442017410516514484212363136057235308691153719064361960063544810446699766530837695419343680785521612947458551895998315893624887271778133419439614232481062282423670657079888062024850912526739725470628349868788085820755832814504936432181606672290882359139995677228353
21477653294031777285522337.8634107498794511185213854265977490649473786878280055150952269626059666727572729120333759852011181316558764835682496414462464473601321477726090576156726154808614529582669384021094194319838203949524995042481353607166234641288162468450762572809013143518492228180097367510142764878709389
-14457109430757470173716644.3827738202297425796385060337179097515214642681665940395431305690442115851843331574954844925502433078733683832063023240066260596190893853252831905258163521033560743399297509033277285722653297340523191787277927855446737189022636069519733117821194011127313685842637937497516209336412987
8492650985884486473706474.44447081831946594316191829694264360212618092931776421036484511580275632462231878886200658034592183691307031539929316461282838543432429802071001287841619576194020642475828032922350569984439462928925367883095620186184520603830991282206713507038593472241935204635894766168282368339936636
-4189055061514054091431180.89133603407360703580230096136825055698749468983791384912447813938014497933675084256784293085223616640792625971446992016663371567920586039668898259885580198834594125545033731606643995630140810430188949449876366983783985974845786176853457304630548528499485740468799518474789253710432932
1632383854912571303055344.36216625088994570997828289332524538877767821897066362132433337499987132986884121455790555448728659017607738149063280007362638618502287279144075352958378710131523338454434064209956703820416753760851999128858581510593452050003788417742482200707827491783521082107182253514855325135523379
-449062510185715898472068.775087346533540503500906533652296501869628930503511672134649480183450723345193828201615863190547731427930612700643741949014336541288930668626020774209649299696577640521192512818220384147329766251361714742880876561811370093012897654356635247698233027500597186312498164971334926638637086
66294202222836850485429.2007304968643284756257495692697764500685973012002359878522203140144040043344205775080878046890115017189084262888675227171683390097757281511475587035394940789583375501651567793551184933422632260242847641432953172324330190981970089071784156194890170227500831796615350125641961714449540263
0
0
0
0
0
0
0
0
0
0
0
0
0
0
0
0
0
0
0
0
0
0
0
0
0
0
0
0
0
0
0
0
0
0
0
0
0
0
0
0
0
0
0
0
0
0
0
0
0
0
0
0
0
0
0
0
0
0
0
0
0
16791579906907687284679.4650108971582770662439502699734502114793042746061355387351713257590581945055974988062674290978759758367390431331743507091942368628042378777510958995449787493326218882813542841327459092455623128939590971824572103112043826964814546727261725038881896892325049429903098896699524820578344831
-25235882786604434771960.750901317936848349441687384423928166307576807537106875396150117230841711203990342279262554719372884005424877112859904963305105047128773260581597477956050576321325974469547194075048001536689992251774123710168367049658508238967743243864739260756774910563432405431110894716921683134251824
15268838889044736996226.3315525773902280561968690269532364810773353820943030548926385887664709367659638085743594269934273430895221533945815542115861250737867667964688961876608698086217500448697226132966969772217570446751087326575739295669336139663189562140328328442925707884540174544261685935235342362137325718
-11945469814816029428201.8106047899669488238866643715219324371942578032332376227204119399512814985066692438412977402532641714930953988093287564008019237777442166751387066588010049383396556957394752998781076195065221327861593609198867395927336101090378324170936495298006302771499168670854697264078991950739746278
11195722774622183424641.3934066035479811196838958025335978789914343758614519429186889364182218372871712146525260631283492431026149695112744706292671896617800818989208840767784359375816271257489491803625036560802744722378700423363556254216884177893494000618978984288005838929472647987111711255961676163019776236
-9855338444347336445200.93186876511991520060870844920350302321097058971059080624222810184200197660398338556442087201391429426425978466285225683518567716534206647905060841874021293706138114546317600524107230457358184355679358068394819394846722494434517712359182740494698183365312570871176732193529309926346386085
10275681595291287371046.5886881404597635223513548054275325119809951221155256097557014597955013926400347606333852137664662328408742270544451896001315366474516186364690470483321942683773991389403556520547893121102519704352478023295477098092874695556292310902677736552002550835493473869409863279389092903993355331
-9567118924883101837212.4952188014558941765277256527640456029835899209038317617405376284541951946522095783745730197712120902667651665092219364730603041604228243965420351149216648309992814172607815698777926008028401009377380811127079643145561584406971676076486890932331970012097700095302792343081708395571408921
10515173814822792204828.2810386093643934287692613835314909718410082823065442335875502866958484791325163358732496956748681987459361024972601981219423282642237465442045860712702637757092032580956530853874039852095423994461196741559397822327516575103697653844771119229301158861497890390253742568184137535168142505
-10297922381212806240013.1944261700372342843363141388764228521801717405312170206703318964861779478535191396466291121627578949369493355117170180587408227658557005360242200069425987272120977945235772893193524913976336432679050107818477853895256185112997616358546766307371903215105570081909726181517341053833227247
11664448448232614334926.9255800452963072083256974338864294192291479150645999535626736390522634480768280854960869121684128850047122496689554749619441595041490814530001166390929456743067376043214654898282502262807359413556284104863760165369429904590544531651433922593121953807959999431197967059000331436294016324
-11992847733305641937076.4089332859687373329349217454952841857207684090591503762786612402370075895812099129171414060636235303806214764212731334450280455890184257892031099934821163020262276447835648916851049898390919597983716885980241460566772553258692019736228725098844443506975088213052990759689084836744444004
13866671053452302170677.3358615364694982688062744078501946407971032083910799228972149431792129045285755753773621218954300499618107573726123186827817196998670531227635375024988088652139877647855919718069213959839798883545357817837141064512605770276692296420763564753632596168147380988794108629994557642311809001
-14915472831488150344679.1840646453173588050478917059985942610761585554282290872802457523270261191069887516830471928969247032510868145487357945287273904148710523715237354460164501365442794716067736238061651368952373456635777533867048051413048730099789063211499841137182024475097501872012157151563455814146198597
17545076318137287104865.9323419385550381795804180446268690784440695056720735561084516461945126901596388795748158631960358015021147664321954597893778729930584297553201154078247093227202336303033685507622487530325347498671734097278465131129922709389787851638723274775992738132443757452319959019416242012375948692
-19652019306415916020477.8687248759124277264146181097138103468763112011758226658150698081016135717703492043878346285488042464528549710132478865370142562733550740483213411560323270213072292175440436570348605167978190719586511728592149145164221356241296332558858592410146866755189583433824069998967814931049635539
23501929498320099509692.0419302580360270776352273287299451997481036679110834853886794456115717983170937885338565325926258171284832987025282000943301164326558406611379058303001822691818418211069989939790470412991317451632778157672621750681961672579567202410095042591667220124273296147295644642549376845866292173
-27275297535678222019046.2855153475899395454782209951919404286199219270565956346167166586129057647577008326329925010175344022506685298365990327997527946737977467789947087064533240576472739972234787735028433875481625643129973063239412513045666741674650221346381721793424168990790826781040969322970754223381598961
33169440592947967689115.4046644646092146947225545414121175299688974798238505290796977914326133064135080741941920704286642492785939685362491515099169349214116366872841320620061940269258457965868322581136800950511548873213347523695772520142525079612177031398365020974284652494667620745631308347312617323514396373
-39694060512590827275840.0999668853433444798263559367322940462044067545890347985040826116823597353412590406244505861520583898861685405889362214889636250893488737899801067882196405212162522166559536558035530311870750318563552671405370910210154237391605949731749558041526428933167124936866751206541555845132406652
49094877549258838258110.0264321687381800648053239224847151048073772426887922985816449403482612330387601349931627104769769105556977315960367687471966790504598139272251998798642226373203091432038588010467052442659394856428738608800686461573286972566586812422500919599849496859288170441676788161604281332989765936
-60316360013059223629181.3927919772491549686944919192152919884971871054336745572897262995822941116802904154470496564762252251531364049298605983630057266040891412590690238623764688057065373200253140892314060019130722430032050864165946903142801042667598183570289978361094693459919363757590119342948116354846480819
75848120091469517742934.7676169702123870095631943177279525977172325606307042529922186656449480059475069945288358400550571719991544645275297320178564027420339977527588779471316635096016319033375422677027925309513929434927064181857133649646165729141736583355066600671718702752105033563569497980765492928985019032
-95287261475840561261781.3203918981613878566214068504842590789859296312480937476175013486669161525986949658410438966243796667167445714334322648888787494282369414472468601580382931241644609345142783476681145545645637769592564345656765683183778854787198289034100147402969035629948183986562365428258826839317957496
121708776273517899023793.851778191269063520283656466779691747977626773387503244150052927368818134075274747830387409990499789852490573067783788362989609380038948380107787300444583218365394686431766144228210037624844557286645087310463939205008582188114641518241391847685185780450745268708385066937910733633842372
-155783845635634509672444.049533646768489320203007816900234039585923108493271708164552712119479513707262580210624396657381899060451411579463819541385874850968872416296432690638471510278579223575963871533636940457243797197508564797703749026260219197991222476603729140491195311217840327266064008566394215453288435
201780623434742823600195.905966624000685718018097823857194788683314545843059156506828262106950822190811614012310167778439855845324831578170405071743358502469357820900430890785800515138599630204407028155023805913342816857894680129936862546251961776581511393686411181757558239725234043741878665521462388494821372
-262225771768157935771869.563483381113292140248101899263282568461580352107717848714784324143861120121031445358027841230838803594552741203730497910854066852066439596340454796409949468570396658148619920034408862846354620719379306655028040793225362865961705298248824367303306855868946271548168898073302461305037864
343654863228538049909507.132209540441400726190990429325347287469198441314564600639802193241997675512154823002285030384941834546580005665307829276214696328276074348330259499945104940961393002755526219478157169792257374797007755987668903136356182682950523007027063050636266147599377583321422446812028051520026886
-451839321482765878199977.294200261214686310457749344686739147477527065313190866977260522724359361883591351150031024044239537589948401786579234763378093568973396029517049831332779258882322973348028410126933171568004111454606491976899902321398379236583015868728715512407745594418229106891362830016394737714552717
597420049953344599000607.008323945778393676346226319392858580372089055488653981033679024360816142315622084870909450150159776946271254607461830375751058588038556089977048414039274455596111601580104149042987997124565999250628586217952370719580570479715431391423498054172637221946051442984206797622945038289202497
-791745018790726935730395.397642830438558088757284060713408796761397564471204335029563507415549677318406840060893330755236298390287910800878150723329078311613027871899904959152230287996697096766220560597779562743323754831106308506374249921022326350180480050304797211671720263567481088585136815925329391223834334
1052505978485058233994119.20073035600812678031540325398018621727227278698199186145916663349353052687944362530080799312307927431347251766625912380775713656288791481524639481955687588925742528140780362359216901979872047528710727380453306403747325117557666458170266439977274230932017337652814786391978232172067698
-1400191395353028850565567.50612209434736807698091701698540545430891462576035983431039201378449083695544939099880703008340371917917386672313336302525224122718488269331033147925602693841275979643584866767375324548840771107699131121895849672434415777247894616264326601837500708672707343323191667130046476100638605
1863720011959246966119370.02708685741254491725150326309237007580700442870450233837851706675501499414532723903822337032254723854860377186206063284196834826592852819907809542246629545417871881371835259536595190101439130820621446138642511149026130930428993714864179242578228446349767207620381386527629379098947428
-2477282345624600762530370.32437803733921438422907745283160424575343022606219768837595528346080481680954493618068420924344658225176591807523354448214835480537991409911864465636194890139413422023550839518429588125382287255209564701096407002288227655196346906156281950582378733069452675638658356143615186300068697
3285545966473609952435338.76859837022971641956682331626354527806233778712344940537456186751066869429381554250184035747136713252761377506136879479522172718243937748717730394618090395500583554076302949372327265339987929816833469828493881756188393796342595114308269649346494743852130265497996293737854042582923452
-4340003195750104112004160.85044950244191970789470306542733426052703701393023203907127378590130001681141246325968187951022157101781033149819899711175654644498653562133096604742376716165785988316968966085653181892357144704670989861247160085732614999560333580690213896322236598530628549368138608059928101337399733
5702345566670926140638288.91268119911512857395457145301359803412606872643475622150799155613475859634399897899958544446551431998735719858481744396730606939426336859322685763268375347317015037811299276226699050454139502499343610632446342100716368080129046051381729063434570814845978062408133236170112600747592119
-7438120726752863980806094.94312429315139319686802761032634272837678770306988141127215458216121293656542161661235558923968244236520726952930327326078290056339970532693174758159696302757674790012808942805589282207445850708561048416580046155007457861193447101391623821796118868926330332492527466243838925908134157
9615264699454358283614728.45382541332141661907242813049793928155784695699337985061231377187491733083167481624039154139794324410201080581127184878728923116937279360586512079643087965874688109650834487888454935937905366137738871222255867442582705230111414009220575270940645893117763759647397884647002273299681307
-12291219803521771450992018.7449296385885216268552937061930224998071665691355987259537781663923397624548278872600604467160276179235177783933750280005812511123250674097085865132248970602389506785914220035693347005987699340198334406925664949413060300688203908416485942311659331861203382088417448881443778440360898
15502442920895262139028994.7065882452899026983796015790756079736233214658302379746913744343458299853894467421038513828949636794552003300238898107630894411560466167824538367532716493794398991224980730857727847220827770211746106242661320368341267864899132243394154468243505408916385189553834895298397119804749595
-19241414251302906539754948.3725489696975283101103739332275177743670557800109104137720671486265304123409754889622265538323719290510417064263551001054048844903133325283811707887650403269872608629220982180797053606428692392922968723475839012177879959970319805027881899655251634733969856007421708349552178960715177
23436089331323674194409757.1727698284094613788029052439627124085309466940039207195576118869603029989428548545576380040981812303530987447930708798876556514510125576842187946338680692447378248826722734254217086409654919488985456199496642550849265928100080076005334919194347924514969688117303363992612240226460768
-27921033134972369931438574.6995931564304899391740842658536298801555226988550523733359269121830627810743379304527520533483158529360850583930681133996413026515354677181769991261926505527385564204173622690887963524667974791807392577513325381434974909273716286843103128569947599676516664579546776197195957675960941
32419823275915957985309191.9064023921245328105123137623504989509232124481832808957993694485347071261701620147539214914163163113863131244633074803942963672314097574837715251596169473118963173513613057894006913488598237859535047100741139715501625714707365920389773246878738530706213837918018037222471277603652676
-36535114811555900251882666.5363831709879856266810085567274548378343167961982705464743209518414850623530339988783798174899042572362120987898165719218854236670672236047899161687366978368793461738809993957274637479755899778594144788707362839438686105592473318645750699809780316575119377031053807833279945511208138
39771322207839935569574952.2624835821770038311398934322296977423985422752019585741288494049904873513978024701126887628707541528904902570616482086482133449729790824974620080372190117694090093625906366112015450186879495546964119524650220248291125411126019668582583018779251747381720829103068997704472489082174942
-41588632600452841763642829.2804439129841449095623356752213905172497672717492952989830824455054300347438366909489204611727428265502740414746002631957232429757620777424057436933828064692092200304861851002252027435963416271548949861271374942695994560865051050521559834625107332045228720863884707543681775945148699
41505331369603737458517870.0875871321023893834732778372951623842021161056732068639326786219607993951756008180606049533603574040266030441934144847856475882026239268587393013755845889246898972981604485650307242482776686231520247002338996540257020426428638916647929978627631637237451431241658261575879711763722582
-39226374583243045620063684.8031087708715338524372506761674603589404505124819981022118633850144923371684917092311587199694330459330692382158994737729656561480371548008157217326273510794610566487509454420295078359857553096505280313088932054761500317157520277412676568616225882003355631613803576288020370533818712
34779048415982173120154293.5918078088071951471731073897763577439186434050887465054329426214217041854978016067743783109753320238210063189320748933579449018426110617473498784403375143821393363091737112917322874311055287556545963674873091161720552144081318541088861240076987411280245614949523108926396210303878807
-28592801502239448879595157.0306571081661999478442017410516514484212363136057235308691153719064361960063544810446699766530837695419343680785521612947458551895998315893624887271778133419439614232481062282423670657079888062024850912526739725470628349868788085820755832814504936450180612563505843704126082277934786
21477653294031777285522337.8634107498794511185213854265977490649473786878280055150952269626059666727572729120333759852011181316558764835682496414462464473601321477726090576156726154808614529582669384021094194319838203949524995042481353607166234641288162468450762572809013143532041488711418235536108833015639687
-14457109430757470173716644.3827738202297425796385060337179097515214642681665940395431305690442115851843331574954844925502433078733683832063023240066260596190893853252831905258163521033560743399297509033277285722653297340523191787277927855446737189022636069519733117821194011136449418839647860697813421952399027
8492650985884486473706474.44447081831946594316191829694264360212618092931776421036484511580275632462231878886200658034592183691307031539929316461282838543432429802071001287841619576194020642475828032922350569984439462928925367883095620186184520603830991282206713507038593472295648358312983484096036370986251003
-4189055061514054091431180.89133603407360703580230096136825055698749468983791384912447813938014497933675084256784293085223616640792625971446992016663371567920586039668898259885580198834594125545033731606643995630140810430188949449876366983783985974845786176853457304630548528525968387577975385255151273242949479
1632383854912571303055344.36216625088994570997828289332524538877767821897066362132433337499987132986884121455790555448728659017607738149063280007362638618502287279144075352958378710131523338454434064209956703820416753760851999128858581510593452050003788417742482200707827491793810438258229498573724056753743694
-449062510185715898472068.775087346533540503500906533652296501869628930503511672134649480183450723345193828201615863190547731427930612700643741949014336541288930668626020774209649299696577640521192512818220384147329766251361714742880876561811370093012897654356635247698233027528694677509566556700274748444348139
66294202222836850485429.2007304968643284756257495692697764500685973012002359878522203140144040043344205775080878046890115017189084262888675227171683390097757281511475587035394940789583375501651567793551184933422632260242847641432953172324330190981970089071784156194890170227541476114658773575538543774321216627
0
0
0
0
0
0
0
0
0
0
0
0
0
0
0
0
0
0
0
0
0
0
0
0
0
0
0
0
0
0
0
0
0
0
0
0
0
0
0
0
0
0
0
0
0
0
0
0
0
0
0
0
0
0
0
0
0
0
0
0
0
0
0
0
0
0
0
0
0
0
0
0
0
0
0
0
0
0
0
0
0
0
0
0
0
0
0
0
0
0
0
0
0
0
0
0
0
0
0
0
0
0
0
0
0
0
0
0
0
0
0
0
0
0
0
0
0
0
0
0
0
0
16791579906907687284679.465010897158277066243950269973450211479304274606135538735171325759058194505597498806267429097875975836739043133174350709194236862804237877751095899544978749332621888281354284132745909245562312893959097182457210311204382696481454672726172503888189689231522962352264084646107415832983378
-25235882786604434771960.7509013179368483494416873844239281663075768075371068753961501172308417112039903422792625547193728840054248771128599049633051050471287732605815974779560505763213259744695471940750480015366899922517741237101683670496585082389677432438647392607567749105619545939558182536154691671838803233
15268838889044736996226.3315525773902280561968690269532364810773353820943030548926385887664709367659638085743594269934273430895221533945815542115861250737867667964688961876608698086217500448697226132966969772217570446751087326575739295669336139663189562140328328442925707884531411501590810699466607278832460597
-11945469814816029428201.8106047899669488238866643715219324371942578032332376227204119399512814985066692438412977402532641714930953988093287564008019237777442166751387066588010049383396556957394752998781076195065221327861593609198867395927336101090378324170936495298006302771492077336294756953333186499748571847
11195722774622183424641.3934066035479811196838958025335978789914343758614519429186889364182218372871712146525260631283492431026149695112744706292671896617800818989208840767784359375816271257489491803625036560802744722378700423363556254216884177893494000618978984288005838929466341675532693758659636995926466147
-9855338444347336445200.93186876511991520060870844920350302321097058971059080624222810184200197660398338556442087201391429426425978466285225683518567716534206647905060841874021293706138114546317600524107230457358184355679358068394819394846722494434517712359182740494698183365253461316401153154080889426114092458
10275681595291287371046.5886881404597635223513548054275325119809951221155256097557014597955013926400347606333852137664662328408742270544451896001315366474516186364690470483321942683773991389403556520547893121102519704352478023295477098092874695556292310902677736552002550835487727248537406098578171172477425429
-9567118924883101837212.49521880145589417652772565276404560298358992090383176174053762845419519465220957837457301977121209026676516650922193647306030416042282439654203511492166483099928141726078156987779260080284010093773808111270796431455615844069716760764868909323319700120919507995888978887143883050340876638
10515173814822792204828.2810386093643934287692613835314909718410082823065442335875502866958484791325163358732496956748681987459361024972601981219423282642237465442045860712702637757092032580956530853874039852095423994461196741559397822327516575103697653844771119229301158861491998652009205945260240892480890501
-10297922381212806240013.1944261700372342843363141388764228521801717405312170206703318964861779478535191396466291121627578949369493355117170180587408227658557005360242200069425987272120977945235772893193524913976336432679050107818477853895256185112997616358546766307371903215099403400887306435372930834836801851
11664448448232614334926.9255800452963072083256974338864294192291479150645999535626736390522634480768280854960869121684128850047122496689554749619441595041490814530001166390929456743067376043214654898282502262807359413556284104863760165369429904590544531651433922593121953807953420829090107718243388098016972738
-11992847733305641937076.4089332859687373329349217454952841857207684090591503762786612402370075895812099129171414060636235303806214764212731334450280455890184257892031099934821163020262276447835648916851049898390919597983716885980241460566772553258692019736228725098844443506967945413004548578026399792784320562
13866671053452302170677.3358615364694982688062744078501946407971032083910799228972149431792129045285755753773621218954300499618107573726123186827817196998670531227635375024988088652139877647855919718069213959839798883545357817837141064512605770276692296420763564753632596168139497220031697264902715706126653949
-14915472831488150344679.1840646453173588050478917059985942610761585554282290872802457523270261191069887516830471928969247032510868145487357945287273904148710523715237354460164501365442794716067736238061651368952373456635777533867048051413048730099789063211499841137182024475088664075626078658652810117736293668
17545076318137287104865.9323419385550381795804180446268690784440695056720735561084516461945126901596388795748158631960358015021147664321954597893778729930584297553201154078247093227202336303033685507622487530325347498671734097278465131129922709389787851638723274775992738132433703493853652444071409307645577254
-19652019306415916020477.8687248759124277264146181097138103468763112011758226658150698081016135717703492043878346285488042464528549710132478865370142562733550740483213411560323270213072292175440436570348605167978190719586511728592149145164221356241296332558858592410146866755177984273232854252739971637145546641
23501929498320099509692.0419302580360270776352273287299451997481036679110834853886794456115717983170937885338565325926258171284832987025282000943301164326558406611379058303001822691818418211069989939790470412991317451632778157672621750681961672579567202410095042591667220124259734151432615497748610672808059596
-27275297535678222019046.2855153475899395454782209951919404286199219270565956346167166586129057647577008326329925010175344022506685298365990327997527946737977467789947087064533240576472739972234787735028433875481625643129973063239412513045666741674650221346381721793424168990774765415529633988750520786121249698
33169440592947967689115.4046644646092146947225545414121175299688974798238505290796977914326133064135080741941920704286642492785939685362491515099169349214116366872841320620061940269258457965868322581136800950511548873213347523695772520142525079612177031398365020974284652494648365639441298542224262335559213571
-39694060512590827275840.0999668853433444798263559367322940462044067545890347985040826116823597353412590406244505861520583898861685405889362214889636250893488737899801067882196405212162522166559536558035530311870750318563552671405370910210154237391605949731749558041526428933143769924570166527477164590440048639
49094877549258838258110.0264321687381800648053239224847151048073772426887922985816449403482612330387601349931627104769769105556977315960367687471966790504598139272251998798642226373203091432038588010467052442659394856428738608800686461573286972566586812422500919599849496859259526251382882893203005201610071293
-60316360013059223629181.3927919772491549686944919192152919884971871054336745572897262995822941116802904154470496564762252251531364049298605983630057266040891412590690238623764688057065373200253140892314060019130722430032050864165946903142801042667598183570289978361094693459883859792355141470615263738540431911
75848120091469517742934.7676169702123870095631943177279525977172325606307042529922186656449480059475069945288358400550571719991544645275297320178564027420339977527588779471316635096016319033375422677027925309513929434927064181857133649646165729141736583355066600671718702752060586119466554955468204284831470467
-95287261475840561261781.3203918981613878566214068504842590789859296312480937476175013486669161525986949658410438966243796667167445714334322648888787494282369414472468601580382931241644609345142783476681145545645637769592564345656765683183778854787198289034100147402969035629892015525085389745023802091011614483
121708776273517899023793.851778191269063520283656466779691747977626773387503244150052927368818134075274747830387409990499789852490573067783788362989609380038948380107787300444583218365394686431766144228210037624844557286645087310463939205008582188114641518241391847685185780443584769029065985157186162824010088
-155783845635634509672444.049533646768489320203007816900234039585923108493271708164552712119479513707262580210624396657381899060451411579463819541385874850968872416296432690638471510278579223575963871533636940457243797197508564797703749026260219197991222476603729140491195311208637495033794458079733648717798663
201780623434742823600195.905966624000685718018097823857194788683314545843059156506828262106950822190811614012310167778439855845324831578170405071743358502469357820900430890785800515138599630204407028155023805913342816857894680129936862546251961776581511393686411181757558239713318035931579156413440635239313919
-262225771768157935771869.563483381113292140248101899263282568461580352107717848714784324143861120121031445358027841230838803594552741203730497910854066852066439596340454796409949468570396658148619920034408862846354620719379306655028040793225362865961705298248824367303306855853413041713743147828092100587973612
343654863228538049909507.13220954044140072619099042932534728746919844131456460063980219324199767551215482300228503038494183454658000566530782927621469632827607434833025949994510494096139300275552621947815716979225737479700775598766890313635618268295052300702706305063626614757900791437767438204082372640819651
-451839321482765878199977.294200261214686310457749344686739147477527065313190866977260522724359361883591351150031024044239537589948401786579234763378093568973396029517049831332779258882322973348028410126933171568004111454606491976899902321398379236583015868728715512407745594391378869536336620404352386659088693
597420049953344599000607.008323945778393676346226319392858580372089055488653981033679024360816142315622084870909450150159776946271254607461830375751058588038556089977048414039274455596111601580104149042987997124565999250628586217952370719580570479715431391423498054172637221910506299392178045575639260757678902
-791745018790726935730395.397642830438558088757284060713408796761397564471204335029563507415549677318406840060893330755236298390287910800878150723329078311613027871899904959152230287996697096766220560597779562743323754831106308506374249921022326350180480050304797211671720263520265886328606536389549693307824316
1052505978485058233994119.20073035600812678031540325398018621727227278698199186145916663349353052687944362530080799312307927431347251766625912380775713656288791481524639481955687588925742528140780362359216901979872047528710727380453306403747325117557666458170266439977274230925730608458613499527348700411736218
-1400191395353028850565567.50612209434736807698091701698540545430891462576035983431039201378449083695544939099880703008340371917917386672313336302525224122718488269331033147925602693841275979643584866767375324548840771107699131121895849672434415777247894616264326601837500708664325304318991443152783440461902732
1863720011959246966119370.02708685741254491725150326309237007580700442870450233837851706675501499414532723903822337032254723854860377186206063284196834826592852819907809542246629545417871881371835259536595190101439130820621446138642511149026130930428993714864179242578228446338589280359389579977310649403097326
-2477282345624600762530370.32437803733921438422907745283160424575343022606219768837595528346080481680954493618068420924344658225176591807523354448214835480537991409911864465636194890139413422023550839518429588125382287255209564701096407002288227655196346906156281950582378733054561637449430952913451243452762809
3285545966473609952435338.76859837022971641956682331626354527806233778712344940537456186751066869429381554250184035747136713252761377506136879479522172718243937748717730394618090395500583554076302949372327265339987929816833469828493881756188393796342595114308269649346494743832339550977121133398682096595015636
-4340003195750104112004160.85044950244191970789470306542733426052703701393023203907127378590130001681141246325968187951022157101781033149819899711175654644498653562133096604742376716165785988316968966085653181892357144704670989861247160085732614999560333580690213896322236598504426103448557018501062822362525026
5702345566670926140638288.91268119911512857395457145301359803412606872643475622150799155613475859634399897899958544446551431998735719858481744396730606939426336859322685763268375347317015037811299276226699050454139502499343610632446342100716368080129046051381729063434570814811473172631612111911153240727743062
-7438120726752863980806094.94312429315139319686802761032634272837678770306988141127215458216121293656542161661235558923968244236520726952930327326078290056339970532693174758159696302757674790012808942805589282207445850708561048416580046155007457861193447101391623821796118868881214511943879858678889013147021219
9615264699454358283614728.45382541332141661907242813049793928155784695699337985061231377187491733083167481624039154139794324410201080581127184878728923116937279360586512079643087965874688109650834487888454935937905366137738871222255867442582705230111414009220575270940645893059302974748289332969314380812324336
-12291219803521771450992018.74492963858852162685529370619302249980716656913559872595377816639233976245482788726006044671602761792351777839337502800058125111232506740970858651322489706023895067859142200356933470059876993401983344069256649494130603006882039084164859423116593318537116374611804043121617568571881
15502442920895262139028994.7065882452899026983796015790756079736233214658302379746913744343458299853894467421038513828949636794552003300238898107630894411560466167824538367532716493794398991224980730857727847220827770211746106242661320368341267864899132243394154468243505408906912295492783297418485901023735608
-19241414251302906539754948.3725489696975283101103739332275177743670557800109104137720671486265304123409754889622265538323719290510417064263551001054048844903133325283811707887650403269872608629220982180797053606428692392922968723475839012177879959970319805027881899655251634722181557337771567628345098007792359
23436089331323674194409757.1727698284094613788029052439627124085309466940039207195576118869603029989428548545576380040981812303530987447930708798876556514510125576842187946338680692447378248826722734254217086409654919488985456199496642550849265928100080076005334919194347924500573584538598004082437547477181976
-27921033134972369931438574.6995931564304899391740842658536298801555226988550523733359269121830627810743379304527520533483158529360850583930681133996413026515354677181769991261926505527385564204173622690887963524667974791807392577513325381434974909273716286843103128569947599659319116876845947310963404590720428
32419823275915957985309191.9064023921245328105123137623504989509232124481832808957993694485347071261701620147539214914163163113863131244633074803942963672314097574837715251596169473118963173513613057894006913488598237859535047100741139715501625714707365920389773246878738530686190617544852756146125848000073868
-36535114811555900251882666.5363831709879856266810085567274548378343167961982705464743209518414850623530339988783798174899042572362120987898165719218854236670672236047899161687366978368793461738809993957274637479755899778594144788707362839438686105592473318645750699809780316552491541194819915974520405567534854
39771322207839935569574952.2624835821770038311398934322296977423985422752019585741288494049904873513978024701126887628707541528904902570616482086482133449729790824974620080372190117694090093625906366112015450186879495546964119524650220248291125411126019668582583018779251747357019642587946592029119468601273059
-41588632600452841763642829.2804439129841449095623356752213905172497672717492952989830824455054300347438366909489204611727428265502740414746002631957232429757620777424057436933828064692092200304861851002252027435963416271548949861271374942695994560865051050521559834625107332019326015706074040374140455763152366
41505331369603737458517870.0875871321023893834732778372951623842021161056732068639326786219607993951756008180606049533603574040266030441934144847856475882026239268587393013755845889246898972981604485650307242482776686231520247002338996540257020426428638916647929978627631637211528383789035083800668481510630364
-39226374583243045620063684.8031087708715338524372506761674603589404505124819981022118633850144923371684917092311587199694330459330692382158994737729656561480371548008157217326273510794610566487509454420295078359857553096505280313088932054761500317157520277412676568616225881978788546582681839954449508835792566
34779048415982173120154293.5918078088071951471731073897763577439186434050887465054329426214217041854978016067743783109753320238210063189320748933579449018426110617473498784403375143821393363091737112917322874311055287556545963674873091161720552144081318541088861240076987411258406350517019268769777335972555329
-28592801502239448879595157.0306571081661999478442017410516514484212363136057235308691153719064361960063544810446699766530837695419343680785521612947458551895998315893624887271778133419439614232481062282423670657079888062024850912526739725470628349868788085820755832814504936432181606672290882359139995677228353
21477653294031777285522337.8634107498794511185213854265977490649473786878280055150952269626059666727572729120333759852011181316558764835682496414462464473601321477726090576156726154808614529582669384021094194319838203949524995042481353607166234641288162468450762572809013143518492228180097367510142764878709389
-14457109430757470173716644.3827738202297425796385060337179097515214642681665940395431305690442115851843331574954844925502433078733683832063023240066260596190893853252831905258163521033560743399297509033277285722653297340523191787277927855446737189022636069519733117821194011127313685842637937497516209336412987
8492650985884486473706474.44447081831946594316191829694264360212618092931776421036484511580275632462231878886200658034592183691307031539929316461282838543432429802071001287841619576194020642475828032922350569984439462928925367883095620186184520603830991282206713507038593472241935204635894766168282368339936636
-4189055061514054091431180.89133603407360703580230096136825055698749468983791384912447813938014497933675084256784293085223616640792625971446992016663371567920586039668898259885580198834594125545033731606643995630140810430188949449876366983783985974845786176853457304630548528499485740468799518474789253710432932
1632383854912571303055344.36216625088994570997828289332524538877767821897066362132433337499987132986884121455790555448728659017607738149063280007362638618502287279144075352958378710131523338454434064209956703820416753760851999128858581510593452050003788417742482200707827491783521082107182253514855325135523379
-449062510185715898472068.775087346533540503500906533652296501869628930503511672134649480183450723345193828201615863190547731427930612700643741949014336541288930668626020774209649299696577640521192512818220384147329766251361714742880876561811370093012897654356635247698233027500597186312498164971334926638637086
66294202222836850485429.2007304968643284756257495692697764500685973012002359878522203140144040043344205775080878046890115017189084262888675227171683390097757281511475587035394940789583375501651567793551184933422632260242847641432953172324330190981970089071784156194890170227500831796615350125641961714449540263
