60 1
-405281803866416310064048500081233398771615320.286115326050603579679077011539827975392329213701514036896489654881876922779078615356216566608968483234620512992575275204437745305696315934290070161783280306946898435011226830015473883014995404161226209870809430409069568006904002107825785530824734101665142784729546
905519744873008224321466657977727632629625711.807911663597035286805632875101632519352105768742710738512464762617134151380336617027860017066158569031075786208978564144728331196567543339601088276567666069627527489158622190875993766740974480742739689080968545584014879544514530140673836949637391119094176608104879
976081164645092344949242050296741085308153520.311684977078172324056007271073051429550766710243610151532701088175272699504547331431807417037540595870981566323881569027411974837621435903093777376167417043171816270178299787176224237374134214368645284766967769846905001383472453217341268603534556021636276325601449
1096758842432248966615896579008284110657515216.24527731934390233103194314069718759899766320099269338534419436055752381429358654468149497762885623591456632380512868721403324851747603383677456294759464535815305927971918079766342467352507169034845405515998135066641898559642743603208246817602679215544415079243155
785303249008002186589035994449041806160935854.874149880931125906188678453949710077246142764802569137125626768528352591133309358035671359188122363972534426301195856656649377910952061946335121050262246966496444829564780508855722828809169913453000878666874309855516157417019086207227477229154013549998137983949939
1097448337117883450361702913788325626963070462.21737580936067065161119248824545433534323875544855645384614436153461876677040285769784827625217232942857073587662078083273127111012962586081061022248713701888503076010791623992610625213896924379754831562498508078658509532668351080032643897468254050263518075598516
252209086499576895776600776938130827066128312.684560914552898857863613233870829253393575748868141707693619875557708122049043297335252003428925142022103457051826093018790042481598581130274632731643673095798956280720318565837928751731815657616520957768369449484424455518841076253127714366937848795788015804848534
1377266480069746255591331482442066494276720027.10610194715727770334513450592952021213118646810177506337029773493752829744327558034413173749602850090081844312352685852502110904717793708286565084149991966514728572211721335070071752597651355959285039575228543726018943700104492604939265851166254982213088659000636
-440407892217388002239528130299924852592641662.854549293662815064819277354849628253106875119452901465481732451961260214816939473142084116077368841706596270731350183661659508046836077183205475593745991255235030051652997621145652335048865703935397535840261038499205422638474915099816456409077029232927328886089742
1567468739769166539933835136504473771034657058.68008283871741752872843808941870559390768007730391412007140269546848231260985211583974847686816993878183116880931700430382249801884715016480623032889157981113752012580753195155849472451916669674091913534157943144468712569569311828918537644516085235813018554826325
0
0
0
0
0
0
0
0
0
0
-1306513996317410323358166051535724722379.16538170409314807097352304997766517564960841058489334770949120541755160760275888463331148220576632104822549886884173343428762962952369338391815096912577288961572557463139160055201337613187859110167486597168685346800732041688532803151007006219277117670400542961701039304
1991220534922040412264786780143742707272.96777686493818975535823484648295756501571277446726817914916036680603651714010756399104045074348313135255784134744219025889198088338664731325195317965257448083720594159426557419075044168000427354977072376075833327932105277958837907264004049275613996862068551946216131755
-1255776950322592666513771330248022026772.56572872921466348076871927340164500599512882700325636815575186204866738535205295246013008299834260543087285557558924951639867900506260053129951478843879119373555942409194488607766575331628222916826949350434567367953748071646469662357772384198971142582391949202498541514
1127544134361227970478389396649812026745.03007147580334672992548926706037033266772141495560593236416886809339963647545892081204959745859729512124065361570460088415308926469774010422369440120198579162872136465628414229687169677543117217366118898484526840433242152194995263480951688552498803769341264453708364278
-1145750624631124969305451809096649030571.95158855635872515963104919492379570938755140166563211246358043927283332979677426993432366848516995267825991151714166465863659973484311070081722386537173188947840605345489756430916141684768812384670296472074520295068505459432858134439086156408113389119019582956547597632
1236528056727063719205531343654406844501.40836685616730852754863834104958623639693173677767626598808292138015384468463147908987926721871821421381701135915398457069012050931586788195634353795757971740343898006344486037335189946238378566566293410936118695534084728886774463579855794093210062485936018613125474729
-1346570969707117421870656631136008864255.38150294680096936401987939514878417740321083555669251624226801141548718042575581363065915059004431984011214115868749321845125653783589423010448874357647863324647542519831385562390768612260292601078799868223753455529842862731931831453880605009672571301712953286666979275
1382922036357135793709840518132021237979.03642086592542020373262586252165487215335940622893555301125815471886802326562523183098488398571792240879635463923819982077526769963343973592078822197244714004895771651947103214219005755565986277901388063604243122361684230797886891372047690412234550954125683161097943745
-1190210818961819998113763782610072432323.17943442824595677375942935678474837743672649111461911518630688758158788628350223892109101014483212118965810057067928636463304242520635391579293254122530050215163526521801773769093129428889912416926317657402786351757498332671199100504468874903916052989976850112103284378
644392275528972615107695044783344348686.142282727373261793809477897266661335278221451068134463808291897426862588999013538227890444113789513547456929737271531273230504231923459691258601784215138916832082348105600823904985447182514453390091794947322948238776750466756462212414199268594839333553577700268548092523
0
0
0
0
0
0
0
0
0
0
0
0
0
0
0
0
0
0
0
0
-405281803866416310064048500081233398771615320.286115326050603579679077011539827975392329213701514036896489654881876922779078615356216566608968483234620512992575275204437745305696315934290070161783280306946898435011226830015473883014995404161226209870809430409069568006904002107825785530824734101665142784729546
905519744873008224321466657977727632629625711.807911663597035286805632875101632519352105768742710738512464762617134151380336617027860017066158569031075786208978564144728331196567543339601088276567666069627527489158622190875993766740974480742739689080968545584014879544514530140673836949637391119094176608104879
976081164645092344949242050296741085308153520.311684977078172324056007271073051429550766710243610151532701088175272699504547331431807417037540595870981566323881569027411974837621435903093777376167417043171816270178299787176224237374134214368645284766967769846905001383472453217341268603534556021636276325601449
1096758842432248966615896579008284110657515216.24527731934390233103194314069718759899766320099269338534419436055752381429358654468149497762885623591456632380512868721403324851747603383677456294759464535815305927971918079766342467352507169034845405515998135066641898559642743603208246817602679215544415079243155
785303249008002186589035994449041806160935854.874149880931125906188678453949710077246142764802569137125626768528352591133309358035671359188122363972534426301195856656649377910952061946335121050262246966496444829564780508855722828809169913453000878666874309855516157417019086207227477229154013549998137983949939
1097448337117883450361702913788325626963070462.21737580936067065161119248824545433534323875544855645384614436153461876677040285769784827625217232942857073587662078083273127111012962586081061022248713701888503076010791623992610625213896924379754831562498508078658509532668351080032643897468254050263518075598516
252209086499576895776600776938130827066128312.684560914552898857863613233870829253393575748868141707693619875557708122049043297335252003428925142022103457051826093018790042481598581130274632731643673095798956280720318565837928751731815657616520957768369449484424455518841076253127714366937848795788015804848534
1377266480069746255591331482442066494276720027.10610194715727770334513450592952021213118646810177506337029773493752829744327558034413173749602850090081844312352685852502110904717793708286565084149991966514728572211721335070071752597651355959285039575228543726018943700104492604939265851166254982213088659000636
-440407892217388002239528130299924852592641662.854549293662815064819277354849628253106875119452901465481732451961260214816939473142084116077368841706596270731350183661659508046836077183205475593745991255235030051652997621145652335048865703935397535840261038499205422638474915099816456409077029232927328886089742
1567468739769166539933835136504473771034657058.68008283871741752872843808941870559390768007730391412007140269546848231260985211583974847686816993878183116880931700430382249801884715016480623032889157981113752012580753195155849472451916669674091913534157943144468712569569311828918537644516085235813018554826325
