102 1
6094833002452678229669160071554033880642020302.74829976623280765056794853777364080711369380070965111236083649792007655940059779885564108434822944140016669475288644044175066583376950576798142707427571519507008202838117172102416636393440353291168717952074470050975523057754032352351395303247115114729297257698581
-9110993795174363632637007008546366573044361053.93398678066047920895306304166213563925631947078604660690060126169224216264492937822135398735855809989111381590324533617026544422333673627178377169771594361860866072200073153233756218563789843535845344433663789224970245944594916136728492612569218702777476471715561
6546767920543853699379144068029928634782960712.24216156399081927691913461000065577614054483522368238411186327693520933626447849240332884645810303089300343345208364763872301236810337579536018609093004234744259086819053811234754837628473175998491358197282891320173521176005860171005354314924579947280518547230947
-4482167135536383755019687859576980594307898526.28805691779832707502023354134945463784075807632437140805651655817425719268550052882080617208330425548517726157565039987261645731710709105311641449794456469599719228983973128543992729974755969199445485873983703564580287772083935245380588061840477515859037716174303
5722626656574084291605840897491121432251162137.52546637402206148485478088577686456490661539652953382321000091764636300567121015424072627377920319755695927601780334153406429202819799509436411282520451131094303331357809471255839128918995919804334691795384419176644047965452678460853884978798151387801873328527735
-4624149284113946858635236219906520652223478350.22358765104448742555097365210958856251387151289141712779083277895599151207201059671769373809083341781454973307737516832065996638762536717431768131706081908460152457488888432575620500874570677029868483355841889674048503907400119648067555457489143707889746139381259
6389279088229631421999703829582192512336879846.56074268363423928085079682069335054278088129237607141512323476345346794410016516093792917474233865965857708179013233218462815793781581113276708395098001671328392002260201330747825698209641588189345432190236135563847230355920608853310119890480597411888789457408457
-6112271536739801203775928401072779079239270823.18336881821073689038743358459399848235551822946027359919631191846801676412523857637450271285819743896700665840869725035280267505344884450102764871403275707742261810448657381217698822485751885676825374326180154633071252243803258338106457405339024065957143589200506
8324998739083534992869239898208005472318115524.79526530850123208937149581890197414118721684124169286061975619381259791591118559744866998610442294496089725038642558349103339427980461160443012175731676571396479858355819419881667970497910027620047745974442683391858257713230373895139925714206378269941719220735038
-8932854668458470569723804374936374428689947309.06222996434439756531182450682869339644560643416263677882914707054314669295447617354792479471666829467359076033415661922155252078748421939794936089645746956144526411004295532638316715707746971019437058607835142398737117524595052510696564884351770853943017755235571
11641659710038124692220622569254104618333324738.11899553053462674606669234273002520151285171701006540234271317589612532603904862806303534407301037329640507522575085964693962331193772431471228714387614398617908152734954654861081939492821637178932134923516231835778883189105722759158476158378309806270225515514
-12816676356656536647515046930554246777139757664.5347792340675389284576284884096406643012813370993819933187526349949532486393286690099094867647030070475264174103287754443097982796759036303998269682933312703159358041500870973263374350048091493581103970510937131767906957411130461559391807287984402402603259648198
15175880342394046942402861640985575924724913147.0713814587151309034735448849570709030078232417502077077460900172889166684930511719545591086022638502845747898588610745750416872176564823524672100833360805971732913180221897794179158824547295010416443218922317322905344388934464362857770360210565671193492475548716
-15015594831856706192977515893735869883549041299.2664531932776866285236182192840685222938198017286732498096805636803457112009765698958609719855576400897164777885416981480499850483938420648902528754797508712274261841319303147197923323685851724305343495787211046967691250345458267802259356263639192855585815876855
14112493142728760584111586611049194751313086902.012692422481645539293896970619179235740346449521561037744743196729854156119957556077369073998484429019991659360695314600318133796901024142411605723235999637686275342174550754280675128652083464696812451970933643811469746605763583950787310714503769881782596960376
-9456703161619436639470579365191896204184294301.71219584613467502837237539177606591668714059221250697167345949321708140358719171670604153495309485987352178951555316174421738176269175532921993067702072024587767532513679760398628459801664214622072698964714889261815552977134893135255037619058190054031457379268011
4521014079136274710779558119773330378998774353.7063534609324628561092067534853321965663067103150804868664737648816873590849910968697566768465062551295101530057708332843448442785391199869265087738210750457396803366128026853555522919389316489227472689514230415621938068524521123855662780512924392594331115145553
0
0
0
0
0
0
0
0
0
0
0
0
0
0
0
0
0
17757681648657000446975880104157374473460.4254495689650190739627713990267943753360036849888872920186490495486836545063154518052014997500625322016788820359887027674436278554679179941557315521290417419429159603308905172790959449777698692755751997838074366491471981614399600698874876442083428751988424009014858215
-26914917513618166769025061418156005747935.6979456794205211619753642109414722124423113216812946059278721628685980182247431389401024079845327656622361740944063138747515595657425113466851819531824147100288041957111407999390537939218142897013763922376741258207262187341657503696138981771078365730514057181469626695
16533336554222749966238380213213607527766.8102209361456250767147274930379867684872503530269969153710557812478751514626060157670549450815213549811543255163597419174963301062160121168414903962975824634857136414073869271967634393315547417921073879038370433291938650144060293045902063681614707800220946000664467177
-14239569876345970455014456452280298803231.8454846956168109957170173390821876477500544273477614312495965313871926770707414450139838018035884194352434022094390618322259448688359139176394415093109219770944071735717040964227437363237467820032109800060630578705091448129008829567149898914454197733208026279665732311
13817121302972782046840257376286034905807.4359645803872394697593133780804546967818241988013178522614360302319497777276518562324483561387595468796657693108359860628407885788449889530568753178827145962038603184382710855242267529765584100263731398149317559470169889062516861341375517232551056476134726279869380188
-14439649895225783803021145492874782021819.5578730683141187807451582561556161127124555762957630909228279097916957557854745336002117150699704151416781714494224017712982561527882979979965122902068312317386420082880181967831677185993857644995055962275297938422167243996084134826315333895921789598690625204324595112
15922661861438496207566466024875675244500.5263423598854085890165187660236882812280361243008018926159256748905242633961508809052386210799875954674849447169434462218808629260082442638510369136613541987573609205295293821857833896184713212110205863472855496211897640461791154949572168293768989284325667650475800158
-18269260830327495685728405058873388065580.3869835171359301162242577840740464421104875212854608026689984119511652259413031000474487744629434593060993491082808689357828984315436150267923399511362553587389417053024347219283909775700202781016572159630210933418996349596517345268502708067874777203086384416974580533
21538830878234155578587603128789509818384.5375205081031769182250728722558918884317634216093027316622399790643403485264345380300690503043337746983995782662217279668402821589683685371721260782786790178742834526273934751374745983842994716043712816274511185783534601631333805454335590165452077087836366451044017851
-25745082974963249439213036648278423601971.3204270198131963828786117818995942371074190553719050410495225426060975480623086095041071399279378864147878297705611075802961135655284235762538993667457541793320769084714267779478973233603099625961402945912852018709110628094432182509975590945866162875769370015266831873
30704976229093686556268082582876170790202.0121129711353122401117221618886050512564639731666807663812530249231257308549157872570692597410367203959794129962116250706514376395337659497534909910347782218090046288656405517976555068862534540031825145758600669714718654539423559634427824934828033357629586168234344969
-35802057966374039406821703514065473490267.1920546525737793502795629335819583312921586373181217918937827375517094461946335132856097146464474199545085202394834302992178486462208872108519598856627901597757141663046784707977251032021260449393637612479663654147664152814752963879817925034351691033464363116561409171
39697192850312727250945318602315907328224.247052779469008517415848472820103710371032140394771304909803567831341577912459327756425607154814615672285670995365355059338274823841760259135940072141479149784098258764961138855584759396645215180949548600028597752237859343638063018872620874361988986710925677418621966
-40206542998257672237131677124501089135923.483948483620882291667664224281953528501599463840419398958272931818514975433404752928371560143121638140638807555285698615073787718032482445115390846100221520621314717061430640776786361929273089996840410972642120524749669670152974443733257449866622824182295592521310027
34896624564687861040066010623710915826485.6857897663225299218880507968672657933290637194099962820632693587331075470617749768300662554814229480370239652540174196871592250163835591251410387495239255806436864173963959649845319061181821141006859010628797811567772824813133968431770926899898146189951302397720901397
-23087469045587040566394011744336667616655.148981763940664483710128898193174719704526493746530179780357657082036534986545147759782799576406401154925890891882835492077913047888124361533736345678242804257558764343019689421347614519275482309602908922240615404069449773587988768882503710367509641712342279921219041
8738788047820832212630740220801453256499.1777135352674901223440409281653633371607762694570058303979539480034306902824255507978728881322220773306661307472234514622401546356217003978126876073834584026302707149757190324794727578286085337857534820416757532756172406962954415251015361105655763646105300268142276241
0
0
0
0
0
0
0
0
0
0
0
0
0
0
0
0
0
0
0
0
0
0
0
0
0
0
0
0
0
0
0
0
0
0
6094833002452678229669160071554033880642020302.74829976623280765056794853777364080711369380070965111236083649792007655940059779885564108434822944140016669475288644044175066583376950576798142707427571519507008202838117172102416636393440353291168717952074470050975523057754032352351395303247115114729297257698581
-9110993795174363632637007008546366573044361053.93398678066047920895306304166213563925631947078604660690060126169224216264492937822135398735855809989111381590324533617026544422333673627178377169771594361860866072200073153233756218563789843535845344433663789224970245944594916136728492612569218702777476471715561
6546767920543853699379144068029928634782960712.24216156399081927691913461000065577614054483522368238411186327693520933626447849240332884645810303089300343345208364763872301236810337579536018609093004234744259086819053811234754837628473175998491358197282891320173521176005860171005354314924579947280518547230947
-4482167135536383755019687859576980594307898526.28805691779832707502023354134945463784075807632437140805651655817425719268550052882080617208330425548517726157565039987261645731710709105311641449794456469599719228983973128543992729974755969199445485873983703564580287772083935245380588061840477515859037716174303
5722626656574084291605840897491121432251162137.52546637402206148485478088577686456490661539652953382321000091764636300567121015424072627377920319755695927601780334153406429202819799509436411282520451131094303331357809471255839128918995919804334691795384419176644047965452678460853884978798151387801873328527735
-4624149284113946858635236219906520652223478350.22358765104448742555097365210958856251387151289141712779083277895599151207201059671769373809083341781454973307737516832065996638762536717431768131706081908460152457488888432575620500874570677029868483355841889674048503907400119648067555457489143707889746139381259
6389279088229631421999703829582192512336879846.56074268363423928085079682069335054278088129237607141512323476345346794410016516093792917474233865965857708179013233218462815793781581113276708395098001671328392002260201330747825698209641588189345432190236135563847230355920608853310119890480597411888789457408457
-6112271536739801203775928401072779079239270823.18336881821073689038743358459399848235551822946027359919631191846801676412523857637450271285819743896700665840869725035280267505344884450102764871403275707742261810448657381217698822485751885676825374326180154633071252243803258338106457405339024065957143589200506
8324998739083534992869239898208005472318115524.79526530850123208937149581890197414118721684124169286061975619381259791591118559744866998610442294496089725038642558349103339427980461160443012175731676571396479858355819419881667970497910027620047745974442683391858257713230373895139925714206378269941719220735038
-8932854668458470569723804374936374428689947309.06222996434439756531182450682869339644560643416263677882914707054314669295447617354792479471666829467359076033415661922155252078748421939794936089645746956144526411004295532638316715707746971019437058607835142398737117524595052510696564884351770853943017755235571
11641659710038124692220622569254104618333324738.11899553053462674606669234273002520151285171701006540234271317589612532603904862806303534407301037329640507522575085964693962331193772431471228714387614398617908152734954654861081939492821637178932134923516231835778883189105722759158476158378309806270225515514
-12816676356656536647515046930554246777139757664.5347792340675389284576284884096406643012813370993819933187526349949532486393286690099094867647030070475264174103287754443097982796759036303998269682933312703159358041500870973263374350048091493581103970510937131767906957411130461559391807287984402402603259648198
15175880342394046942402861640985575924724913147.0713814587151309034735448849570709030078232417502077077460900172889166684930511719545591086022638502845747898588610745750416872176564823524672100833360805971732913180221897794179158824547295010416443218922317322905344388934464362857770360210565671193492475548716
-15015594831856706192977515893735869883549041299.2664531932776866285236182192840685222938198017286732498096805636803457112009765698958609719855576400897164777885416981480499850483938420648902528754797508712274261841319303147197923323685851724305343495787211046967691250345458267802259356263639192855585815876855
14112493142728760584111586611049194751313086902.012692422481645539293896970619179235740346449521561037744743196729854156119957556077369073998484429019991659360695314600318133796901024142411605723235999637686275342174550754280675128652083464696812451970933643811469746605763583950787310714503769881782596960376
-9456703161619436639470579365191896204184294301.71219584613467502837237539177606591668714059221250697167345949321708140358719171670604153495309485987352178951555316174421738176269175532921993067702072024587767532513679760398628459801664214622072698964714889261815552977134893135255037619058190054031457379268011
4521014079136274710779558119773330378998774353.7063534609324628561092067534853321965663067103150804868664737648816873590849910968697566768465062551295101530057708332843448442785391199869265087738210750457396803366128026853555522919389316489227472689514230415621938068524521123855662780512924392594331115145553
