150 1
448346783508187830525.212169405447230797347105706648328181463256423354318826069161127744586052009106623513815854048803784700255819585324140229098620538940372994477791808409437969148687704939213544283507924155258536225047451074932592889365533030762811393614708834189106265811624716395073501210920068540807333419
-671462120767280686285.997139222662330100073085226174878675352206463583896657730033265335301702644603883606816875683922142504475969107189343151047744429361330932429241180128150271830361934722695843236694066381939098067230317189624588852718530822331531541531467228818086444375333989848044963424306354382118102873
447144379990559135789.490497903363984622200814069002192006201724971961745618455943923499906863138247596603604239022220259157176052471830702879442840761415156658003990890041148484786792156168746412219520763889348962284140646223626280887802559157966913272510863085270564249972654125782131429847843041273748684776
-317918480279542555964.279976404868042383431938786680022500754945489732768874081969787540000086319344433263279526920253552051698422561596642898273524499817122316114259536785343084198115577149076003016410771125048688951286666584796816056821998822173763948875088876628182366659558707242212125979879981745774444048
378317724636528017666.255099670138463988276304779238550119493366384617126605578812233753849180860472478110215786218894175657346720366524402413632407409239056101837959181120365303228433694517998873415499761368922827436445494915891051963919024308424596955230049897251885626244672119353170260411875290626332985575
-296982203874143525087.221529456187640385458108505095238243443011931927013532915344823034494065181814030008616449956338464372226222109670115817094412913718896386408623084303243317196305174358088932192028931230109063641526622627348451628213695540883830568935144836488849345411169405064770385869783523979638085629
394965279205492986298.238599599164494442992086714047764970060659805514126799068932958274021450199715291455488298531002192371707572128596990399742746504488202511570777502944332018215783831169442533766154591495029403134968140641087377665096154074723520549449307006789002194452524743437433291838256036641956941081
-354646808552765796017.558633650047567920919702596764090209256513112345360916592553729075346282536259964190866854984293999192677714120653184675114906606745940664886396191910718634034176336281756776016712576764390693820109844922242578862497993310851007724777433343966853363364286672918993957725320274087002659997
475669611594500514127.715278264760051172575420753553244286610509224055915020387246330254404732444045820951402917497892230125532907032515524456125035955227538740769047183678839925919298415378733692471499203766403779122272569185557059853504073443923621605296550834705593921036303197806178453339523557198319423252
-487697893782162917768.472313674798310791205102506825370828398663466118331128848953518950252422377747224850459726942101908967149198883786654407000120591373182104612264398746999670771554727749509050963406342739854375126860765674787409849523774397870657821225164973344033389499737928262018314378388096376287153885
645294881973359456285.838374540753418243120618028872659782083984941247560601552426717933203451786378170013618216231537432336949544369313918512198733869141450006540161221266087824182415957385921957316229362959151664100291703890522230158574813933614441565375133399074619703011302894618297852485744903630001098647
-731615923216290085774.794603241869679858479826174709473337206538045305536797568874461071370261519743039779793141014656454447066013718762313333844888816105014058794627523028740422582807389837287279781682643282848751960830566395263195548620663579227718318581281114140014301301840886529854819829756969106405084888
956150535459626351500.668679147113580622022603810885595403786383521951671151985932112796584198349974985069199732433808143193870013115901375563454801209703179187483693012688774025530069919094636971171363118781282350890726677811630642670127892159612457650836882308558240866669448029132474328971896380541610490709
-1149333520966569342350.55998550579214967141253870610996373358788927142730734341763987375231434045105569569628213671823301766253938339463021073054895893768657075912618663703276889882797960086063105399211886011211177748714931476129987621351593024276633837497896656561508441848336024660587413095818781168970598125
1479475224993718793178.08069142650541032912819479817908965955965051875360988191279687062307214640456823371713230897316483115344270993134548990134320376738455445894038129736134281937665375006803844350689980835737768888904015500649229343641438101551362488190122255460295055942251167733451811165573366708724744886
-1805369859865064682348.32727384580279459392894825921505736737622869915228303407212674788383831380001585821563766792551857143315576016517276845778582954068059013907747109303642841601983742686260071998733526893747441419155258123230518558272729435825420006591327448176099814137578935182793305880168496586719196158
2246676500687184716601.9388668607720679838542088217640073329820048436530034286606528542565569627769435939092332434783145053086935970408078456625804560392035812374158830697511983596095989740681883833400032123545482943805796810256343686414036533540539395750447169132736238897844921307408390544361234455570483169
-2652590212618042811064.01381707829840119646571247314273142789283337183465169314277106258730362846846750372374818292075206398336445093543739942246828539263909862183297029238340780527228023745468766065067797424440667753186761982014970884876943571540405102569822465800121543976806689882370468497629744577647621693
3064272962749212680534.45808699737168971135301696756662932099039409418412462906132530656077694718268579972518158241007830920655122983744430510324734736282286513131335580128561246772512705901489607191128613655543924372272471641679744626952517208299107387257857204647306047924329415489955291501597013812189809141
-3277839486491250133003.30743268127678503996872005918626183613850096732621010863384115012173542157957429153086347156416160156622453260696636962030366367207855269671822968465640335381957993939125950560256413138560821458563118359008891269535572810799776201359851686221541602354811111405562223451039649224823847626
3257397102934519892649.01378963282344382755268351288081358176579647014219806029755914818441161872947487577676541169952861962316031789631046489170395761509849710493724856794008354462567512244134432030038102429347743986321951218472816049612167013733351171376662944020827073233260148418917902726278771513451215165
-2818459769200977618174.18537848850507676875627520395791074618655683422443910474056600207422848989527901029193863439065702218010478205175816869369352255517304371081582456744735234431096327532974608721405111464073652584818109262491308170004122556082176199362506227877350195716364919175610780868638177465809285466
2055881905735098349751.28036411635344687134991147984922485575612143765986517638249448134681530056046066384965547222965314051593524653369789430609989297088001401544487725704601545637726688564203793157201210739425838560948561415380636135730982469310279194037415833187019097629849932955796844151729907116562743814
-1097167903590784578358.69323341846362621366503556498061361380761645602182427481997745385535876446355863874556634524960713222818538116813911401789359917536079792000923312278559726383900523472939568203732727047164840208312094136966590608047982472121655706794359192721025089355460786281018526662580959112974883763
353353838278191223863.967805103387149921879272566474604975643416242085357002589098906178527555099569826662632245183781100287809780462204679363848028231328474056996877481918142305161406540148865295034577106024890240304455962006921782335908526906433761500353449022761124382495539319634116791297717888295454617622
0
0
0
0
0
0
0
0
0
0
0
0
0
0
0
0
0
0
0
0
0
0
0
0
0
448346783508187830525.212169405447230797347105706648328181463256423354318826069161127744586052009106623513815854048803784700255819585324140229098620538940372994477791808409437969148687704939213544283507924155258536225047451074932592889365533030762811393614708834189106265811624716395073501210920068540807333419
-671462120767280686285.997139222662330100073085226174878675352206463583896657730033265335301702644603883606816875683922142504475969107189343151047744429361330932429241180128150271830361934722695843236694066381939098067230317189624588852718530822331531541531467228818086444375333989848044963424306354382118102873
447144379990559135789.490497903363984622200814069002192006201724971961745618455943923499906863138247596603604239022220259157176052471830702879442840761415156658003990890041148484786792156168746412219520763889348962284140646223626280887802559157966913272510863085270564249972654125782131429847843041273748684776
-317918480279542555964.279976404868042383431938786680022500754945489732768874081969787540000086319344433263279526920253552051698422561596642898273524499817122316114259536785343084198115577149076003016410771125048688951286666584796816056821998822173763948875088876628182366659558707242212125979879981745774444048
378317724636528017666.255099670138463988276304779238550119493366384617126605578812233753849180860472478110215786218894175657346720366524402413632407409239056101837959181120365303228433694517998873415499761368922827436445494915891051963919024308424596955230049897251885626244672119353170260411875290626332985575
-296982203874143525087.221529456187640385458108505095238243443011931927013532915344823034494065181814030008616449956338464372226222109670115817094412913718896386408623084303243317196305174358088932192028931230109063641526622627348451628213695540883830568935144836488849345411169405064770385869783523979638085629
394965279205492986298.238599599164494442992086714047764970060659805514126799068932958274021450199715291455488298531002192371707572128596990399742746504488202511570777502944332018215783831169442533766154591495029403134968140641087377665096154074723520549449307006789002194452524743437433291838256036641956941081
-354646808552765796017.558633650047567920919702596764090209256513112345360916592553729075346282536259964190866854984293999192677714120653184675114906606745940664886396191910718634034176336281756776016712576764390693820109844922242578862497993310851007724777433343966853363364286672918993957725320274087002659997
475669611594500514127.715278264760051172575420753553244286610509224055915020387246330254404732444045820951402917497892230125532907032515524456125035955227538740769047183678839925919298415378733692471499203766403779122272569185557059853504073443923621605296550834705593921036303197806178453339523557198319423252
-487697893782162917768.472313674798310791205102506825370828398663466118331128848953518950252422377747224850459726942101908967149198883786654407000120591373182104612264398746999670771554727749509050963406342739854375126860765674787409849523774397870657821225164973344033389499737928262018314378388096376287153885
645294881973359456285.838374540753418243120618028872659782083984941247560601552426717933203451786378170013618216231537432336949544369313918512198733869141450006540161221266087824182415957385921957316229362959151664100291703890522230158574813933614441565375133399074619703011302894618297852485744903630001098647
-731615923216290085774.794603241869679858479826174709473337206538045305536797568874461071370261519743039779793141014656454447066013718762313333844888816105014058794627523028740422582807389837287279781682643282848751960830566395263195548620663579227718318581281114140014301301840886529854819829756969106405084888
956150535459626351500.668679147113580622022603810885595403786383521951671151985932112796584198349974985069199732433808143193870013115901375563454801209703179187483693012688774025530069919094636971171363118781282350890726677811630642670127892159612457650836882308558240866669448029132474328971896380541610490709
-1149333520966569342350.55998550579214967141253870610996373358788927142730734341763987375231434045105569569628213671823301766253938339463021073054895893768657075912618663703276889882797960086063105399211886011211177748714931476129987621351593024276633837497896656561508441848336024660587413095818781168970598125
1479475224993718793178.08069142650541032912819479817908965955965051875360988191279687062307214640456823371713230897316483115344270993134548990134320376738455445894038129736134281937665375006803844350689980835737768888904015500649229343641438101551362488190122255460295055942251167733451811165573366708724744886
-1805369859865064682348.32727384580279459392894825921505736737622869915228303407212674788383831380001585821563766792551857143315576016517276845778582954068059013907747109303642841601983742686260071998733526893747441419155258123230518558272729435825420006591327448176099814137578935182793305880168496586719196158
2246676500687184716601.9388668607720679838542088217640073329820048436530034286606528542565569627769435939092332434783145053086935970408078456625804560392035812374158830697511983596095989740681883833400032123545482943805796810256343686414036533540539395750447169132736238897844921307408390544361234455570483169
-2652590212618042811064.01381707829840119646571247314273142789283337183465169314277106258730362846846750372374818292075206398336445093543739942246828539263909862183297029238340780527228023745468766065067797424440667753186761982014970884876943571540405102569822465800121543976806689882370468497629744577647621693
3064272962749212680534.45808699737168971135301696756662932099039409418412462906132530656077694718268579972518158241007830920655122983744430510324734736282286513131335580128561246772512705901489607191128613655543924372272471641679744626952517208299107387257857204647306047924329415489955291501597013812189809141
-3277839486491250133003.30743268127678503996872005918626183613850096732621010863384115012173542157957429153086347156416160156622453260696636962030366367207855269671822968465640335381957993939125950560256413138560821458563118359008891269535572810799776201359851686221541602354811111405562223451039649224823847626
3257397102934519892649.01378963282344382755268351288081358176579647014219806029755914818441161872947487577676541169952861962316031789631046489170395761509849710493724856794008354462567512244134432030038102429347743986321951218472816049612167013733351171376662944020827073233260148418917902726278771513451215165
-2818459769200977618174.18537848850507676875627520395791074618655683422443910474056600207422848989527901029193863439065702218010478205175816869369352255517304371081582456744735234431096327532974608721405111464073652584818109262491308170004122556082176199362506227877350195716364919175610780868638177465809285466
2055881905735098349751.28036411635344687134991147984922485575612143765986517638249448134681530056046066384965547222965314051593524653369789430609989297088001401544487725704601545637726688564203793157201210739425838560948561415380636135730982469310279194037415833187019097629849932955796844151729907116562743814
-1097167903590784578358.69323341846362621366503556498061361380761645602182427481997745385535876446355863874556634524960713222818538116813911401789359917536079792000923312278559726383900523472939568203732727047164840208312094136966590608047982472121655706794359192721025089355460786281018526662580959112974883763
353353838278191223863.967805103387149921879272566474604975643416242085357002589098906178527555099569826662632245183781100287809780462204679363848028231328474056996877481918142305161406540148865295034577106024890240304455962006921782335908526906433761500353449022761124382495539319634116791297717888295454617622
0
0
0
0
0
0
0
0
0
0
0
0
0
0
0
0
0
0
0
0
0
0
0
0
0
0
0
0
0
0
0
0
0
0
0
0
0
0
0
0
0
0
0
0
0
0
0
0
0
0
448346783508187830525.212169405447230797347105706648328181463256423354318826069161127744586052009106623513815854048803784700255819585324140229098620538940372994477791808409437969148687704939213544283507924155258536225047451074932592889365533030762811393614708834189106265811624716395073501210920068540807394564
-671462120767280686285.997139222662330100073085226174878675352206463583896657730033265335301702644603883606816875683922142504475969107189343151047744429361330932429241180128150271830361934722695843236694066381939098067230317189624588852718530822331531541531467228818086444375333989848044963424306354382118195296
447144379990559135789.490497903363984622200814069002192006201724971961745618455943923499906863138247596603604239022220259157176052471830702879442840761415156658003990890041148484786792156168746412219520763889348962284140646223626280887802559157966913272510863085270564249972654125782131429847843041273748740783
-317918480279542555964.279976404868042383431938786680022500754945489732768874081969787540000086319344433263279526920253552051698422561596642898273524499817122316114259536785343084198115577149076003016410771125048688951286666584796816056821998822173763948875088876628182366659558707242212125979879981745774491182
378317724636528017666.255099670138463988276304779238550119493366384617126605578812233753849180860472478110215786218894175657346720366524402413632407409239056101837959181120365303228433694517998873415499761368922827436445494915891051963919024308424596955230049897251885626244672119353170260411875290626333029723
-296982203874143525087.221529456187640385458108505095238243443011931927013532915344823034494065181814030008616449956338464372226222109670115817094412913718896386408623084303243317196305174358088932192028931230109063641526622627348451628213695540883830568935144836488849345411169405064770385869783523979638130002
394965279205492986298.238599599164494442992086714047764970060659805514126799068932958274021450199715291455488298531002192371707572128596990399742746504488202511570777502944332018215783831169442533766154591495029403134968140641087377665096154074723520549449307006789002194452524743437433291838256036641956987849
-354646808552765796017.558633650047567920919702596764090209256513112345360916592553729075346282536259964190866854984293999192677714120653184675114906606745940664886396191910718634034176336281756776016712576764390693820109844922242578862497993310851007724777433343966853363364286672918993957725320274087002711476
475669611594500514127.715278264760051172575420753553244286610509224055915020387246330254404732444045820951402917497892230125532907032515524456125035955227538740769047183678839925919298415378733692471499203766403779122272569185557059853504073443923621605296550834705593921036303197806178453339523557198319481698
-487697893782162917768.472313674798310791205102506825370828398663466118331128848953518950252422377747224850459726942101908967149198883786654407000120591373182104612264398746999670771554727749509050963406342739854375126860765674787409849523774397870657821225164973344033389499737928262018314378388096376287222302
645294881973359456285.83837454075341824312061802887265978208398494124756060155242671793320345178637817001361821623153743233694954436931391851219873386914145000654016122126608782418241595738592195731622936295915166410029170389052223015857481393361444156537513339907461970301130289461829785248574490363000118051
-731615923216290085774.794603241869679858479826174709473337206538045305536797568874461071370261519743039779793141014656454447066013718762313333844888816105014058794627523028740422582807389837287279781682643282848751960830566395263195548620663579227718318581281114140014301301840886529854819829756969106405184875
956150535459626351500.66867914711358062202260381088559540378638352195167115198593211279658419834997498506919973243380814319387001311590137556345480120970317918748369301268877402553006991909463697117136311878128235089072667781163064267012789215961245765083688230855824086666944802913247432897189638054161061438
-1149333520966569342350.55998550579214967141253870610996373358788927142730734341763987375231434045105569569628213671823301766253938339463021073054895893768657075912618663703276889882797960086063105399211886011211177748714931476129987621351593024276633837497896656561508441848336024660587413095818781168970613561
1479475224993718793178.08069142650541032912819479817908965955965051875360988191279687062307214640456823371713230897316483115344270993134548990134320376738455445894038129736134281937665375006803844350689980835737768888904015500649229343641438101551362488190122255460295055942251167733451811165573366708724764157
-1805369859865064682348.32727384580279459392894825921505736737622869915228303407212674788383831380001585821563766792551857143315576016517276845778582954068059013907747109303642841601983742686260071998733526893747441419155258123230518558272729435825420006591327448176099814137578935182793305880168496586719220068
2246676500687184716601.93886686077206798385420882176400733298200484365300342866065285425655696277694359390923324347831450530869359704080784566258045603920358123741588306975119835960959897406818838334000321235454829438057968102563436864140365335405393957504471691327362388978449213074083905443612344555704860859
-2652590212618042811064.01381707829840119646571247314273142789283337183465169314277106258730362846846750372374818292075206398336445093543739942246828539263909862183297029238340780527228023745468766065067797424440667753186761982014970884876943571540405102569822465800121543976806689882370468497629744577647656296
3064272962749212680534.45808699737168971135301696756662932099039409418412462906132530656077694718268579972518158241007830920655122983744430510324734736282286513131335580128561246772512705901489607191128613655543924372272471641679744626952517208299107387257857204647306047924329415489955291501597013812189848426
-3277839486491250133003.30743268127678503996872005918626183613850096732621010863384115012173542157957429153086347156416160156622453260696636962030366367207855269671822968465640335381957993939125950560256413138560821458563118359008891269535572810799776201359851686221541602354811111405562223451039649224823889489
3257397102934519892649.0137896328234438275526835128808135817657964701421980602975591481844116187294748757767654116995286196231603178963104648917039576150984971049372485679400835446256751224413443203003810242934774398632195121847281604961216701373335117137666294402082707323326014841891790272627877151345125588
-2818459769200977618174.18537848850507676875627520395791074618655683422443910474056600207422848989527901029193863439065702218010478205175816869369352255517304371081582456744735234431096327532974608721405111464073652584818109262491308170004122556082176199362506227877350195716364919175610780868638177465809320206
2055881905735098349751.28036411635344687134991147984922485575612143765986517638249448134681530056046066384965547222965314051593524653369789430609989297088001401544487725704601545637726688564203793157201210739425838560948561415380636135730982469310279194037415833187019097629849932955796844151729907116562768209
-1097167903590784578358.69323341846362621366503556498061361380761645602182427481997745385535876446355863874556634524960713222818538116813911401789359917536079792000923312278559726383900523472939568203732727047164840208312094136966590608047982472121655706794359192721025089355460786281018526662580959112974896328
353353838278191223863.967805103387149921879272566474604975643416242085357002589098906178527555099569826662632245183781100287809780462204679363848028231328474056996877481918142305161406540148865295034577106024890240304455962006921782335908526906433761500353449022761124382495539319634116791297717888295454653237
