318 1
18389520237791325147979.4607358058508473171702871485511994081290036329743516614974038574072871784613339002957609255768286608921635419783509038624589172646608139811011879319613803909929962527115415814212598529071356833758031752863383927193461769346378009588546110602442226385082293171229755335218730908326492248
-27621564972394851454640.104090364853893178524259292391315729899033055887509850976920355113554066023490046468921671304959023716696692124196931875664147134148558893416371305024220905675204267583668985403096339852706091575283078506571298787229507818605876909060687586189713983239388836606363639684978151446709083
16997239328226085992656.8806105703531387404526010469372887543521272616704226445820740447017483441577475921584271091272799907135231507137412354452607501451179093895166526919464556940853098549548820314245506911919440167513301979553549638031133398965474679912950373243745630808747812015407173873299955523009559433
-13035935014433980596275.151894886418565403816784296074528764646468738889201700329443640343315559344623836267047056793047912485495788712289204297620026604807157800797637187433522218446698613928243305704445822200151317911871259837479137831831651687331257685302016558079072672820747779183705523384912522703643488
12735334404552636029559.9710434800661829290806994375460685496563355681869737006565650663337567525175471227506022839233401815805029076455054533898074747075283161784038613059465099502772346694339249711312604640552957056965259623711813953953233749240228046512274721920919812108920134281356272923770783249431106364
-10850271169050798826854.3926594005551628919172582308164171387251762311195970830381867362025100799136441196857634400425395779171092295278303632655221180321373740553035253963738674713083524078441610966689518217518493381865595730097840915943932822732494777702121740863872971107628092209892427348620281076227258315
11920023091778633753809.7467166725332457822346551632902655761187121190413407434494907722149432031160847094861237533838555601880043508063445373572464457428223015418544476832650034789379665855683703289043722958984109982448762566683878275619981849249481354475001733671794100750781843664963620347044843054736795051
-10772453345316443845220.3787709282812353436380317770271451263652636364828428128529782459689403878012617005125107666882791851237526391889450368571263095888856472920556169592960233160421328757647308870337685204782049137086793499891962911913929493698100413091366824678261098901052470454007075927751761182395728882
12457451862001647152771.9359691955686448394019115047362752605995932498476123716882326848729651756157978149352000646549011091281434947280468927691672327465359636901356141315829004063137434540591361907025912751166894996390722829661262823016216074325259567054053558223760130547523895227490721359703140268298322699
-11972875152458017323114.8133991625669732837219137033029531755880836488774422714105490692741257425622025053609172265004230076633610456299575905010243316105712410561723257098197536785073002538614153322788765962818535363729267373572303304745941488160261026006990202201722721787008907378908316291828657642837015948
14178477692451273534031.0832379162376716290316685305644153055274501993978701052372973873694529092483945928898506537510597744743432091532760415295247639900241210422347594730206276102306871252894508949520917074993030874988543466237486282216456671180824089931937129469173967157823980102489007172479963744209005353
-14486383344240045473222.7096397297698672937642788189242503307642057299433973995637511121998449608032351091236483351445736700224720293138679010036448474567118241595459403247957815642128225719419468640472769413549860394287055885740040716131074763730137009925018397787766232080170056476304430048835123937908051522
17394129563262037471321.3751156022437091449914148039074004548836218249556919174712486997974276795716638907207008814495959561742023685220813173627558711424556860323316357870508418002400961268506654179241753258069923051514112384696535729491168501359066569198788188351601505081638509372953152139394573627498852461
-18796392290874417757885.662657354810532810000607345776320700847145993593647372526150221795658381369721208893899651703266040079172688440535177230187134607798889984760831859417577167345014182997986938337645660089831328876974489755047835821453545525909734585040395236920170196281646534845093278376470885858886627
22839632841052315940102.5338104211392549715324838853115200495399772497831326557227121001241656803356293453941027379035007498944771050325473176795453367276640627641029238963469952286043347913310613111805653822941739787042585516729890714886142604446259810474178517048995259709276555268697950722755749557959184703
-25911941940344641704708.6500710088464794414744548101125307680135443747399528258795511501438901030639467280175661843549127387658542618252787927892327442634405182101852701605101091557099750089797002295631627934586596272755820388586644998751304625109361268537992983946139698027591231894872113270846075552400905849
31896067335718858123779.6642218931388835755879573308914540368656508237095740709763264244314482092551334590227856048818680659409034318314019661719361143063860344793758519515421422431754882302144053582740653110746159388292720483853270086770505630828940530745787306579625359110686017079098345830887011553382119516
-37696052740739221001354.7457336892152337692634244323466055916646761848577103254076810821161418648449686398155827700801055820159402734151695691130977368123042577151662419117856880490239036202870731884528570433046633105725747514727263801232089871158603432309415283314776661136430562489035389205226808438123108495
47074501691819971995036.6659038466024197220321811867728862200809944902694392300640607878634551952187469081400725632165816079084912268418598292548945686646345954460542611559824263370971241395050734497878332446146451724616248658203352573213259322757952796514200315114183582423001319622745291085178020940537881736
-57533349480241476790280.9887543126775421771590514449877464622201620592238333486266610251302266900732132228609347572627580038023802691357552090441701617821739264469266773781683511140471556716895545397652448163431216767393761241256785140625658538781782594466643492849146171309793428734410278982017314617441112297
72938537553868367939743.0209718026690197013286765809209654449122810238798386937934436809054212589624458844079762413116059408673965002688203812118935649184668714652410132415299846865855450510382552121433080518540490923319739030530150573030591430037236665383618766949842838625776140253862589658839139730804244249
-91587070620943927260067.8895306421847949934228916904015059343947757653719941889955460874164372523345338267101071436296046983048403311057894124629658082271672946501165751678193977448110873513378436661203223620333072768547166438697384012887009850963833520121754345180310891988332565070732057128454190793499026661
117812339591469037804898.857170780689501493548640138203678027695640071258127131423939656282276153384440195854167110731495062156249919634403179545156806337707335462081094214225129432818051518475370658923689409395506202933179296647866665353916749437193220147217148538322700938553842038655534860552945464766333799
-151102482602651183308628.379592498536501963147033314266095315839857112258560544062861338169537017702394425471753211768992461098990924959321328797961017012975981396909433594156612390523815717304813887637840769144515490152519348670872060805103048420237432481395026113361404642953983223271446040773054336105035699
196864484806150690311778.890305977246264411684443363635120498715966975328400078177663245678726586002186497891201723205260348628227819500138138815116863637340872483507898037442527050807882858953941261315149113147011745442165649144809998348562721554962202310126653144821878043408047128995884083967818092737309211
-256492299317555444827807.531813622562238120336078843342272553092762668039676864421029438963687863911720579476127173059642613375958644567203884022911451047644984907782462192573252719603050428351763685456865684210560373211727690251862584218946506991718843563531058289479465225025632376139178420292458533801501939
337446947145709166615461.858639315205936848863182374510060714509750317413365378409032770375375383240393708261282589951434993110579357966650313628013412909214230058362982000194255006354433660317997755416957425313273217861686983398884026018898969327871359076422959027483008609846699348013078655105629494642853531
-444186335372412087664188.163291620806622119418650728908794142050487267350188744989789925575349569169491921928111591543785378700175438486567873945740261715928727350012193630364285370885037953988975744917054731041961719536763201501805049350131078307026655284592777720998012290749801580224180641329158637205424014
587665732692123319500790.412667270977240157372014976976998545291236612195074405040151489921837482521976883980895659025794730298736735794598582493226229295930040178211436770298273264672005691250854824518013994007227268357972009178558543986030739229957091047969210653529282046914968411429601368523202540353502614
-776987744648123493136463.906119186209854522377991655615236429275411418991456951973432179535360788461331735375501717845816894625992296550651684826444436430909115382450864586435034985108792632111063439696866521884836122220630869286302144194557672104809855254975529917316680226894268131540138904073896644275647334
1028273245219200541201243.03417784777465810272422864122601834257274452699908314039902504014325389208707977758899442519302806587888136982804621267726621291153106940701709233269111718974160645835365403836501396789470483144291115610715963908959683672583199172095792901948597273105668380586981475786407400668782729
-1356672100324763148019856.22712178705444397899887966203626255241292928322463361281268524464647991483279793093617912607325333287864998094839393305344698632433118234282574821738368716596233403641135093713297524183787369702526940535699766453166571756289808179490521637979041011922309758587162378313957120497528965
1784175841657035952043451.67156519106116733381286986374592691366878055796122896933276571408973700744248367007566798398732120258240354729625009555688848916278415080052008453354536282752658788534230837025256352703974632401696197691561528613624904044298149235878149422220617912167503577297960476070642007014792481
-2331118965829758145447864.36463481042934053380579546530478432030247494475582656211079775362701325378092643656493764788038451528179814197874206867674895627332370863003867795785276000041983082912677541118021393056786023079419700982418423570140777470438103590897234109561327675302320277748224676725490215310882304
3021815119810307986599217.60468516240781509495420577043232847134365820533687881687505505060925694251969691750476381569135424505182074163663820830108184812011539598851932536550376437601132783089861424597449852902590883795807807787099321492491461824241632990751066764732954391886023501196076074752565577860155447
-3873933173029465689527414.24299813537732263251256130251123126657090510875912741621496104021546675092564313569856529218565522816556526818785714966308222375741962588152981187721306838916266792218448844020275133447865146097333042283862102409371522148580719079615884580526011164322084116870079470441313317222523762
4900208214677719964053768.92768962135353116121923217831537499338798297708692947497692155197066941953310096397894834049309546483178640216943150321812710637198654158028657429798822278925645936630449579461401236088209034835816594378701743086484164108093848936615591205702911302853553867015976454334189816785687892
-6094021838221855011824104.07121379521074636121459175385300733524668912369303740247060038743598000599930585002537230474830508830664581502758144468565453841996819603699925470938603544922428891707413459137232613673001431171841231250528835289072454389109005625706426390633869858002420057941902975268314859318441016
7426617877729250420575348.45029127427000794146470049139470801380245767588305015185868358654447160741124991041813813952143923523799004880815992446989197100014150605742404575070189373903226958199358632104382984366411015391947740965388531709339427703409834911267810947147295042158140487936329304462921661098082865
-8830583379722722112719568.96180901999808084103385586808530313456783683880112931512086079878996775187103581961630902850552039453716333942382835894844637005165679864339778608264766440996797033794504587615830996969677696536205204378414608824401399204575280868771620366630315947717068606481132854504113010819054312
10198437536964266020153849.1080225590611393560087721553961632343407044006496430053831496520071701366946271702865743882732485786770577650823196794387118155261211297883377659481814856935986305856346414618273697703021355873711553070600064280202748244582553566784846033073921461112293583067825399409450794194479893
-11375527224555115622064113.8000474474815969462911793042711648227371286000264120080134401228374979425444800806143663678289864763729069181635990100612628380312548146234208102824160665439593361152047666010790210536329769366591298485837463029161118395675563566254326022578167492262558092942673284009340681325260969
12177622974520920196408357.2788654961346578152355952602761850713446425282827676171728977627896158733474106248026523588562918921260621987162654721167948171824130562648965432234192730974728000191814870492021947357614073136600996459957892841952818889253975963434423687374918765073388673109614307044328035719622895
-12414065398389865399892652.5709808704579255352133573694650433057935578912337669208070887690866626569837398312938578513751600750777264064739418421379454532460276009791787272744779748706204109375271223737927376909254345894015309684529453148192798572318368765108699862921017232743602003370524316141104246856124069
11940687008156859090572613.1999847121193333194112056463768122237702743131038493958615907035669112307433658205957549141896997418895302798615417996469806602785898180933217123788890367295786692111116696993675531172298043813979674180975287994337163743471104960981608561920466890385466774336021468550267180369240794
-10711567561278513404659385.4645541754223515018670141302152350039547186099954452373574494704654709926677285118575323144985286469174726434013567976176482069872315249210693487026090262697972663442415414151836499099314577145674579304985622875454602996080177305411812665510261276128083984786254082858501762806305897
8832589929086894776090331.75927030916314184384557625295742699460212741379178634051017529225465389731622288256451842802700326867688852753176404176379196967787365201585144629084662311304676018605363337000509459570920743240361273164634655371618858465972731720090045913011482165663895151456515702716354827644221932
-6566805102836767815266648.12919652697046925538215551782527709240753865131980938485534127145260312887328461304540650297019776375244342048135509739797927623173889910223073265528609152869808084559055827380268430117916197494467179324677925239706697538870756136869967435677381081374302036694259459607057800077638007
4288958877320774824292165.33105940726767446788217685357439194318308946081229284470298550502659972430862228298610932521435756449397143526560915841257088135001194937709920262217975157073887449339892078470977816705283237679575494184393536844740552337614331526241185823757813204304772749241194145325501935760866792
-2368403021371419244400779.58038630323178735052988868403178465786462761175892726605602445245758928282867022928478377404163387970990048854065711437361792911197927189313466149663598944936681260030840736910794512854894452449312676306327712394400833330614900130769024996404897499121456507951599059156272580317471108
1041602002236118294869392.40434700428611345322570413213579964907785046275799064205193228090336747650417258944617486353337508329747624705706420841187378570386449307494461094593062891099956106896196799979525056158676732358660412351221629498910004761246750373652013845117952495653852811869969384641965377854510201
-326331133301256333566079.990628698161338977948158210043269116832239282087442935440166589616706640970150808556519254423085763792457405335416941852770865025203762542659688966503842230050960235523682554857081459574478514380149952737430545837930038560187218720243112562438775759515089544036440420415303052009980927
55770703816661871904498.7247200998062957663769633163520298627672877554571922592961065865875366327632071842744406883619027945876891340556984437046767411006482945363614189273173864030390470849476745652714755458772464007971661738891903402651754883511137650589030849267720092273453710543913148559555879328015349081
0
0
0
0
0
0
0
0
0
0
0
0
0
0
0
0
0
0
0
0
0
0
0
0
0
0
0
0
0
0
0
0
0
0
0
0
0
0
0
0
0
0
0
0
0
0
0
0
0
0
0
0
0
2.85635820069587056257152378986001133563220291032692482976392631423119290570145354968269950446642550251337375683777782690800987636059417836546460329776619217279374147716729011072926521031382518222223055962542938353502212624238862213686792669729480541547052229619196812633962682374717596483581719403603580236866e-05
-4.30015636110180529794802821286518454508624244185645393001583020474368690626766146256624954789325522642563551247073918532209219309133666160921413102562324348464112068081498714938926163594058727393578145176266961967393248764666448652913701555288919259159909017906544974220099932103521590556586295029991825233126e-05
2.55445838420555979483552361705880877927527699813131847928712617113685582972978237282683351650414977516419859496440355376162435795995009115817408130482859552276933977618940960014792054845664663471058170151120919668110471558492768014263636479642057840328407124197619464772726049489823315203428917622608801080306e-05
-2.07378389452451575843709491582421988165317768989404730344439001970653757839354578220368174831220289021228603449126409037943685274416779851792968303025645763979238485016263492667370470230910630803296268508492480220206779713837373258771227760804340664509822516918541282009577156600252815476879257162388816238061e-05
1.85274998628606097521248311526879730755303602064778158414662062841064884210622313417714027801027304284294464633499138187099086690206738336271639065389068824595324366830797988590082470195649630535868950308650321565227073211881404258115761964583255753497311448661766117394089303682726133709637047992316443337462e-05
-1.74697522017311800140316027136293246029209268425482831073156790898044710917037241622758892308586576601342948471190314973950026222418097688744627527056693736560166114763546077401698505297115095372843463394100711617293481654080049842247859868321901255035166997816717077647938925107845420907205717328033922952298e-05
1.71085867111529054047309936567070638755082672437944939354610426624332636199458332032963511186015335145489489027519885849858837163940850707626624331612040069547201733135809832250399358168753543428417741818442554814602816744492896460002976650763633139607774670984278813185381419809416578452733253715145246347021e-05
-1.7263294714816014614386061199673445676876959317886215348754707593133909738394467860362496208900133657039445327943268033532014710229132353435263218618903969373374242543441397532481987392297074921401726230846323213444173953142220287543644714307782710632143816086913736964218033251185086260500163876355445339807e-05
1.78645742297999448565240199692531935204346050730192824754591180934285695401704413552789003696901492642066124272126314527530673810025822319467555196746963617394772869715947607840326671730464581982737097023577131388410902545852720212965140553276726530883860619835097434236673408471391683473417406399821853029549e-05
-1.89021998480050014540834927905039465260651763254891478800800576450324682046513428266620341938313103803969526552542675882594383791634388403292865217630359541067993916901796504126475225020565305398102153492093383224683982386413595805292402039030222569766480472890455752029661392858346596956057713743292113455672e-05
2.04062684036690535327236734994848085611254287259591505708567451052267581183150925526378518126042329083113815702533321281417500632576300675597349198527554344753625344622684457386376882099798464196588532509055299331308692652131177742887920600585743295320441480177549662886942331922924601030042553953329005423551e-05
-2.24416714532084341298478967202570546418629864472763207432717839983503025912014606400947373499940270424634258271965599035425762684218814340052780381732198494625887514432701186107274310765912163421667386424534473674144892456680041697073213690935830233018334233442814773898614913095507163776983815866098114588461e-05
2.51093519932823691992966085764081885686503013639224645872493843866916969145742262783914180449260321273796508507779545279899582942496784162080336882058586768340990187381342083243778583898654065698880550898871556764760208744001985885688377247169829327739149951313187435542816378781263268332387382011778739669279e-05
-2.85522585466506304621843410152821537756893675899129025406291016135625490871989989723674940577103246088616526312483070897850771276507736743005883111797168795830080745069474383605088195838455368385449120771757229696202023215969342969573876344166074054193336900205277116402229943153839744813396215800641590372583e-05
3.29656250760399477311749944107034043611024241133712890296833112514802168429594424513134640932528401134219515077524192592004275232569979259358416410135754183296086319622877600340872213121455865201407055345709565601877857854285818429961891993836629129380412450008023250972515106774402015507319330458038822968504e-05
-3.86120914477381472410873868493362692542129491906131813064971827352535888642549635442421543555135723570542263808409111185714097519961353724712247438015879119678980378313244536923166810796665759634064314525445950160611730015126119506834879792440636215090744848989556705312896658602768451541946435413939961468659e-05
4.58428121452901547826631705632224202676703784237210308212696716914637004748048040568828940863432852692048809095989694959619229697852699653912489448131986601641828653045636446221949263473766432044220967786537504727545805617639678064180247418936981649731842337497134658350316701599481982930669102467379675347811e-05
-5.51262974521235250690316595255061343870377281120815403710571642163620389415307083666644050671997172574381471885346542674149495641917258066814263425392165797456873441985147789888847226005330156471276269615802688057780641181315104059111960719049228992945058862387565336809335358283461728219980479745438186329036e-05
6.70873862275622124684852035326271544632359237973486293126498319548129455865798185063895011957526692354736496931478507881034207168530292791960124868229201939691102509980151590444459661398401266669140868542358831011898633951258682535293605796674150535706608911452099474890619898656117353558815946010761518886458e-05
-8.25595043775092877657363394809670622291791338037881583742199782547308355220647426499162448956969428115844920142377148379236786144617179753204925931823827117088501910933660423121502267434650982041576540450307818783808583135691601758576809599422618290802903572536163003314316909078374687348914543241863262331355e-05
0.000102654220844101576607277196022349560151865490313222580098713925579813560435100692406195578684024253888343784979406016934633157566440929282201177658161568275912018548296304057261514287363887848801057413526454531864104317264103348575667275531325834166411832496231311340955427868414690924835195395983627240476196
-0.000128853025616108807870991222733938215152522009593299217630588943224242764910122842558568133771948592557898965932375110184110170333221872135486069606556074666025939956023116831507526397082401255455969222063378436237423467021101665560163165107336052316173874535424048668597323943938858642842875219757322674886638
0.000163127092230727241193999948241470061801459573945480952030244231340935610254328086043385196505111229374357791764830371254558669582013037059801813180488313338460908551337988898648287412980354048490070338971145391402250713142744428876829714687216073975595793175044914466753441802064886180181755447690961809185551
-0.000208091285103532906296993189934579261040526732041147856449526909379146512871284439348164081079428100572550331577768518527047097560726782272145508890017312051924864592443358339503131347014127841013117437242841996673921701440629823958367880006628631966440886123220983833800814950659472081591579384707508008199451
0.000267198347317340322708100635211221197423672971610219449053141856166639794255746787443559020727139089279428298367424233677551385867794371792103260176814448780420579219626606159875482340830344995076127338910420420736721450045061334091920328114912067192392552529497339527275620589286354577794926102537621543713456
-0.000344977245314654751580613961597096866648149256324370679927908819769384531185085758391132619099123835315268668369985541709660747605052831325111594485203179613424066953126746715013558109183087238248333713084317901156676227868594864605780523367063074835949154395934731376207672844705348876318462955876218312148219
0.000447314773012097423861678567058451676253650055915436894500505349040948550801038774138824540672045723492689618002120379314847718003960617611352989148751181527812714484285670006033510971529611125849800357495093062097810784028763697567655453545558789216236367139063588888228682357002488706102291398628470953179185
-0.00058176983932292971085568163372951981259460835694341592648171314827927267044699841230510322662193070045746314686185274722896360993326937060967071967554482762396999283991424102692222886397235051613064121618802237287537864908151323141284566949619459518094931445960157300709548007389052651527395255843261001510147
0.000757892800739494898230197269361955939260405741609015164739007303678422849975995618880448013834920823317391197154548374523675392114381676634894972511589401286455172241767124266383527640799148169666313427575750816011073537898125507144666790776937494048752613103878320654605958522797033969619009667787048120765066
-0.000987494601265834531981092570976143916534469168842492316152929227692561436799161987023186833308162171184446017791182787722791180566678116179274417633785804975281328859127386041966805831068695253796355081528018128005640987728385473878847158088927787747551240657804913206433269026489803930735094243558055325821349
0.00128476916936730002370338103378812363649746544847672143587819670319669486746599525787592384080047997571972370049650575311963762882714523820221879076020080915037333797474017898166755772557746441181261768452881487695858711136964184553491368418546246995921609261328588660312615061694737560521659322898950671302669
-0.00166611566226184096731190252377281462792800126748984145376948731644231811138327988307230519245562059040665998037640441238339674637265902027320382702059875794504073711571867962436087751027529164856299704526685015225759797661710126764942768718414925404015698143166768338897904025474732253789346299489176607964892
0.00214943693599849217052048962775995049103287783790878161670886527821732505519259693218247019076172071207967938300059946460049667377044772924387452825820789426351704212313767887047171343332305839509301727373016688050936230489402261385795914017787822886222466749509475762313362774415446167563075090102524424600471
-0.00275261777499842620494061207574667881003797031604843322092060296954044791404666547260084604604571980822698828921630389830959914542722745164988033284696857415126970545443073767370725575366225033612074849259395493275523019352851562613761635592903579492671669692610442276001588827344177216462910467896205073024644
0.0034908365873436415215786486158030011349688598418012821262577687267117679589539935658977525283536166864660756345167556795516906035226904105611647234915342175856976242726361118648878130893640693109287145722384327889881934950871965532946561285130087539357168982597664995535663153951730896802740669750372361245141
-0.00437238524263937656062614529694543980040929401688852152348413880174249777010261249816336790827474435349559001617789763215559704749759829938181066988781558797644507387564194507059379764805986605623540771541694622076188754890091214563043527563519224070170801516835733304370402102748483645843852633284070414146315
0.00539283776051803031692626261064180380164504578409879876446259516924124865567622089320217455057839536528694251500748379041985706938711593170937431379919649243307003294449929705627328308903103019461688783510977062011825447838436180941695833751735351355995864722818433795245048259828125001639750337408990200292961
-0.00652781413765315441489965677823592263133839372584951339530194331377479578769133073941025977905699752543740131622286790609356513883520257110960639419905760296486973464048127067155913345015244952775145833697841642194021803520707121460623133426771018504128159861201181361638258866188523174837002985626675663367055
0.00772531594161519801506898416519304879092170853543699661858959336212147982323286906439633765068221296421756915303899378906695427695594453540763731750802287221217361211327597968625137055687422266283037835351613458837289099113962003084052221343158835730789560211364422612124498232840569581545504417152710660064206
-0.00889967377828530593802606781890589703522049678820381204872993788854495853320851585916957363844378103549323801986492788104533838183232834943314047946119322060256811778050292888597654552769286335841680800821701963950966402945075693984286201184173095943916694631541692832038786047672230160854743756343818456218726
0.00993036273361440301874820537672253599190970849200808467799131831738941475681556242446885457703580379775705539325417909262861058812329818099357284447576597269767790826144111705369905359485867976375707846675095596809850861158341394292342929481601109649425080046073467426141610032021686063401766461047573532280113
-0.010669808094582643231692348257542484792078882377177276982035236276363728296252917154578287574870006291616248689856147852110698910952797518427888258649257616948837225361389915495246757613970326592362011565252871436442652131978617511109986371079395635134479805829774509071838152753853242282002638605264379445915
0.0109639295522307466949008152691786855892982390684084380336463530400899378317588505377253320041826051350920987443146289662984488581710805344794086809589075522702113595209414259934888504899985210141692861805271228395612283390535005083456487811579012352898965305162758401755444375574652992937319480642565496983432
-0.0106864481658393654338311797196455269495543975568747735504954874564814831754812170382165191998350389195061609936066283670385030165378006418208879889964800988216447138499830770673351218052508387684206874675919617003714448893560959974216938213365528673838254909257265863645128571921561684914459079450374603452093
0.00978219106689469547904425673480677990239448614786272248904436115571551763942389011696234456702598244826998061776090540300647960151361475697884026105536850207772361024951766505390999035986140604891337395413975869790486266658963292536900260019342186629511083941911998390009653531045003785473740697417867962308448
-0.00830657046145643763663006481601499398116169283811296524486247949192323492075502915836187266755524612711360270710359635509560548805536798117533508218603871509567035130081456107430946002727745253581206819641573778523927447316171032665578590697553858883278252969495711001216959924901731257679227371496279802234088
0.00644158062802776321066213832333368165986565154131209583743028152576739517901053034123723715541411737725498452461104475535212207121451072434938720286454535191445355804864496073902486550842663274993972667449481909533529633983364324214396382514330659025308589090481518852371641571611913233517437271576617987111257
-0.00446924750886430727186455652555636743060147067964949627554832669788337181213947839325499600253141475257398551500386381034035102250275587973290687360389578838816299143366106026473659573720949074498171895194978544550981887812700371989218434156771918398108865962219595831145395624303188821863537586351504243278512
0.00269745109062452645842380182198636332209267468596707743562102857969295448484238288454152035867121266524303653391026355515071940005369394707941509737968045365073442395780621543361963076568287865090979016374978583111015889136708284030944266176670984648172703879293828080089269501560996850063129406847508480244882
-0.00135975598547034939065280238532341820690564164279308643512002224827182101753770097123328079435522457867451447601768723512905309709398608850925040645207577416995639484042793848155604038801453495121854716335552308691450288464036131292377588826962028476817464127168893811388108807217732611270089001740665209717292
0.000536743816733903079694275516539326167443462659648052172078428902462250286545635817744432846322133484822285885979591457156123256093190769306719299587224241408606992503536135027403958389360667155770753550208853077659325131792631948004762507713022399610522866210511126854327880421283639654548990233528523367569269
-0.000147488386480510649948474419081316056116973683983641346933356819302896991471034772039515048256157086522008651233653003044325669887878511399400487987783829619405586541008903268287360327544080017359398479445135887961683833191213234792309382988458764267040732171247144257591312812792594529306036569735943768612765
2.11608211633191622095699176781666087909254336992134904082828655145557643144112099268451056739107997415848431734308491340384461802462903154024155194319706704255503363424236562730083591945548624809261734163038972983878076832674741065545804291115243666894536764106936876571659571584787529188560991758732079522488e-05
0
0
0
0
0
0
0
0
0
0
0
0
0
0
0
0
0
0
0
0
0
0
0
0
0
0
0
0
0
0
0
0
0
0
0
0
0
0
0
0
0
0
0
0
0
0
0
0
0
0
0
0
0
0
0
0
0
0
0
0
0
0
0
0
0
0
0
0
0
0
0
0
0
0
0
0
0
0
0
0
0
0
0
0
0
0
0
0
0
0
0
0
0
0
0
0
0
0
0
0
0
0
0
0
0
0
18389520237791325147979.4607358058508473171702871485511994081290036329743516614974038574072871784613339002957609255768286608921635419783509038624589172646608139811011879319613803909929962527115415814212598529071356833758031752863383927193461769346378009588546110602442226385082293171229755335218730908326492248
-27621564972394851454640.104090364853893178524259292391315729899033055887509850976920355113554066023490046468921671304959023716696692124196931875664147134148558893416371305024220905675204267583668985403096339852706091575283078506571298787229507818605876909060687586189713983239388836606363639684978151446709083
16997239328226085992656.8806105703531387404526010469372887543521272616704226445820740447017483441577475921584271091272799907135231507137412354452607501451179093895166526919464556940853098549548820314245506911919440167513301979553549638031133398965474679912950373243745630808747812015407173873299955523009559433
-13035935014433980596275.151894886418565403816784296074528764646468738889201700329443640343315559344623836267047056793047912485495788712289204297620026604807157800797637187433522218446698613928243305704445822200151317911871259837479137831831651687331257685302016558079072672820747779183705523384912522703643488
12735334404552636029559.9710434800661829290806994375460685496563355681869737006565650663337567525175471227506022839233401815805029076455054533898074747075283161784038613059465099502772346694339249711312604640552957056965259623711813953953233749240228046512274721920919812108920134281356272923770783249431106364
-10850271169050798826854.3926594005551628919172582308164171387251762311195970830381867362025100799136441196857634400425395779171092295278303632655221180321373740553035253963738674713083524078441610966689518217518493381865595730097840915943932822732494777702121740863872971107628092209892427348620281076227258315
11920023091778633753809.7467166725332457822346551632902655761187121190413407434494907722149432031160847094861237533838555601880043508063445373572464457428223015418544476832650034789379665855683703289043722958984109982448762566683878275619981849249481354475001733671794100750781843664963620347044843054736795051
-10772453345316443845220.3787709282812353436380317770271451263652636364828428128529782459689403878012617005125107666882791851237526391889450368571263095888856472920556169592960233160421328757647308870337685204782049137086793499891962911913929493698100413091366824678261098901052470454007075927751761182395728882
12457451862001647152771.9359691955686448394019115047362752605995932498476123716882326848729651756157978149352000646549011091281434947280468927691672327465359636901356141315829004063137434540591361907025912751166894996390722829661262823016216074325259567054053558223760130547523895227490721359703140268298322699
-11972875152458017323114.8133991625669732837219137033029531755880836488774422714105490692741257425622025053609172265004230076633610456299575905010243316105712410561723257098197536785073002538614153322788765962818535363729267373572303304745941488160261026006990202201722721787008907378908316291828657642837015948
14178477692451273534031.0832379162376716290316685305644153055274501993978701052372973873694529092483945928898506537510597744743432091532760415295247639900241210422347594730206276102306871252894508949520917074993030874988543466237486282216456671180824089931937129469173967157823980102489007172479963744209005353
-14486383344240045473222.7096397297698672937642788189242503307642057299433973995637511121998449608032351091236483351445736700224720293138679010036448474567118241595459403247957815642128225719419468640472769413549860394287055885740040716131074763730137009925018397787766232080170056476304430048835123937908051522
17394129563262037471321.3751156022437091449914148039074004548836218249556919174712486997974276795716638907207008814495959561742023685220813173627558711424556860323316357870508418002400961268506654179241753258069923051514112384696535729491168501359066569198788188351601505081638509372953152139394573627498852461
-18796392290874417757885.662657354810532810000607345776320700847145993593647372526150221795658381369721208893899651703266040079172688440535177230187134607798889984760831859417577167345014182997986938337645660089831328876974489755047835821453545525909734585040395236920170196281646534845093278376470885858886627
22839632841052315940102.5338104211392549715324838853115200495399772497831326557227121001241656803356293453941027379035007498944771050325473176795453367276640627641029238963469952286043347913310613111805653822941739787042585516729890714886142604446259810474178517048995259709276555268697950722755749557959184703
-25911941940344641704708.6500710088464794414744548101125307680135443747399528258795511501438901030639467280175661843549127387658542618252787927892327442634405182101852701605101091557099750089797002295631627934586596272755820388586644998751304625109361268537992983946139698027591231894872113270846075552400905849
31896067335718858123779.6642218931388835755879573308914540368656508237095740709763264244314482092551334590227856048818680659409034318314019661719361143063860344793758519515421422431754882302144053582740653110746159388292720483853270086770505630828940530745787306579625359110686017079098345830887011553382119516
-37696052740739221001354.7457336892152337692634244323466055916646761848577103254076810821161418648449686398155827700801055820159402734151695691130977368123042577151662419117856880490239036202870731884528570433046633105725747514727263801232089871158603432309415283314776661136430562489035389205226808438123108495
47074501691819971995036.6659038466024197220321811867728862200809944902694392300640607878634551952187469081400725632165816079084912268418598292548945686646345954460542611559824263370971241395050734497878332446146451724616248658203352573213259322757952796514200315114183582423001319622745291085178020940537881736
-57533349480241476790280.9887543126775421771590514449877464622201620592238333486266610251302266900732132228609347572627580038023802691357552090441701617821739264469266773781683511140471556716895545397652448163431216767393761241256785140625658538781782594466643492849146171309793428734410278982017314617441112297
72938537553868367939743.0209718026690197013286765809209654449122810238798386937934436809054212589624458844079762413116059408673965002688203812118935649184668714652410132415299846865855450510382552121433080518540490923319739030530150573030591430037236665383618766949842838625776140253862589658839139730804244249
-91587070620943927260067.8895306421847949934228916904015059343947757653719941889955460874164372523345338267101071436296046983048403311057894124629658082271672946501165751678193977448110873513378436661203223620333072768547166438697384012887009850963833520121754345180310891988332565070732057128454190793499026661
117812339591469037804898.857170780689501493548640138203678027695640071258127131423939656282276153384440195854167110731495062156249919634403179545156806337707335462081094214225129432818051518475370658923689409395506202933179296647866665353916749437193220147217148538322700938553842038655534860552945464766333799
-151102482602651183308628.379592498536501963147033314266095315839857112258560544062861338169537017702394425471753211768992461098990924959321328797961017012975981396909433594156612390523815717304813887637840769144515490152519348670872060805103048420237432481395026113361404642953983223271446040773054336105035699
196864484806150690311778.890305977246264411684443363635120498715966975328400078177663245678726586002186497891201723205260348628227819500138138815116863637340872483507898037442527050807882858953941261315149113147011745442165649144809998348562721554962202310126653144821878043408047128995884083967818092737309211
-256492299317555444827807.531813622562238120336078843342272553092762668039676864421029438963687863911720579476127173059642613375958644567203884022911451047644984907782462192573252719603050428351763685456865684210560373211727690251862584218946506991718843563531058289479465225025632376139178420292458533801501939
337446947145709166615461.858639315205936848863182374510060714509750317413365378409032770375375383240393708261282589951434993110579357966650313628013412909214230058362982000194255006354433660317997755416957425313273217861686983398884026018898969327871359076422959027483008609846699348013078655105629494642853531
-444186335372412087664188.163291620806622119418650728908794142050487267350188744989789925575349569169491921928111591543785378700175438486567873945740261715928727350012193630364285370885037953988975744917054731041961719536763201501805049350131078307026655284592777720998012290749801580224180641329158637205424014
587665732692123319500790.412667270977240157372014976976998545291236612195074405040151489921837482521976883980895659025794730298736735794598582493226229295930040178211436770298273264672005691250854824518013994007227268357972009178558543986030739229957091047969210653529282046914968411429601368523202540353502614
-776987744648123493136463.906119186209854522377991655615236429275411418991456951973432179535360788461331735375501717845816894625992296550651684826444436430909115382450864586435034985108792632111063439696866521884836122220630869286302144194557672104809855254975529917316680226894268131540138904073896644275647334
1028273245219200541201243.03417784777465810272422864122601834257274452699908314039902504014325389208707977758899442519302806587888136982804621267726621291153106940701709233269111718974160645835365403836501396789470483144291115610715963908959683672583199172095792901948597273105668380586981475786407400668782729
-1356672100324763148019856.22712178705444397899887966203626255241292928322463361281268524464647991483279793093617912607325333287864998094839393305344698632433118234282574821738368716596233403641135093713297524183787369702526940535699766453166571756289808179490521637979041011922309758587162378313957120497528965
1784175841657035952043451.67156519106116733381286986374592691366878055796122896933276571408973700744248367007566798398732120258240354729625009555688848916278415080052008453354536282752658788534230837025256352703974632401696197691561528613624904044298149235878149422220617912167503577297960476070642007014792481
-2331118965829758145447864.36463481042934053380579546530478432030247494475582656211079775362701325378092643656493764788038451528179814197874206867674895627332370863003867795785276000041983082912677541118021393056786023079419700982418423570140777470438103590897234109561327675302320277748224676725490215310882304
3021815119810307986599217.60468516240781509495420577043232847134365820533687881687505505060925694251969691750476381569135424505182074163663820830108184812011539598851932536550376437601132783089861424597449852902590883795807807787099321492491461824241632990751066764732954391886023501196076074752565577860155447
-3873933173029465689527414.24299813537732263251256130251123126657090510875912741621496104021546675092564313569856529218565522816556526818785714966308222375741962588152981187721306838916266792218448844020275133447865146097333042283862102409371522148580719079615884580526011164322084116870079470441313317222523762
4900208214677719964053768.92768962135353116121923217831537499338798297708692947497692155197066941953310096397894834049309546483178640216943150321812710637198654158028657429798822278925645936630449579461401236088209034835816594378701743086484164108093848936615591205702911302853553867015976454334189816785687892
-6094021838221855011824104.07121379521074636121459175385300733524668912369303740247060038743598000599930585002537230474830508830664581502758144468565453841996819603699925470938603544922428891707413459137232613673001431171841231250528835289072454389109005625706426390633869858002420057941902975268314859318441016
7426617877729250420575348.45029127427000794146470049139470801380245767588305015185868358654447160741124991041813813952143923523799004880815992446989197100014150605742404575070189373903226958199358632104382984366411015391947740965388531709339427703409834911267810947147295042158140487936329304462921661098082865
-8830583379722722112719568.96180901999808084103385586808530313456783683880112931512086079878996775187103581961630902850552039453716333942382835894844637005165679864339778608264766440996797033794504587615830996969677696536205204378414608824401399204575280868771620366630315947717068606481132854504113010819054312
10198437536964266020153849.1080225590611393560087721553961632343407044006496430053831496520071701366946271702865743882732485786770577650823196794387118155261211297883377659481814856935986305856346414618273697703021355873711553070600064280202748244582553566784846033073921461112293583067825399409450794194479893
-11375527224555115622064113.8000474474815969462911793042711648227371286000264120080134401228374979425444800806143663678289864763729069181635990100612628380312548146234208102824160665439593361152047666010790210536329769366591298485837463029161118395675563566254326022578167492262558092942673284009340681325260969
12177622974520920196408357.2788654961346578152355952602761850713446425282827676171728977627896158733474106248026523588562918921260621987162654721167948171824130562648965432234192730974728000191814870492021947357614073136600996459957892841952818889253975963434423687374918765073388673109614307044328035719622895
-12414065398389865399892652.5709808704579255352133573694650433057935578912337669208070887690866626569837398312938578513751600750777264064739418421379454532460276009791787272744779748706204109375271223737927376909254345894015309684529453148192798572318368765108699862921017232743602003370524316141104246856124069
11940687008156859090572613.1999847121193333194112056463768122237702743131038493958615907035669112307433658205957549141896997418895302798615417996469806602785898180933217123788890367295786692111116696993675531172298043813979674180975287994337163743471104960981608561920466890385466774336021468550267180369240794
-10711567561278513404659385.4645541754223515018670141302152350039547186099954452373574494704654709926677285118575323144985286469174726434013567976176482069872315249210693487026090262697972663442415414151836499099314577145674579304985622875454602996080177305411812665510261276128083984786254082858501762806305897
8832589929086894776090331.75927030916314184384557625295742699460212741379178634051017529225465389731622288256451842802700326867688852753176404176379196967787365201585144629084662311304676018605363337000509459570920743240361273164634655371618858465972731720090045913011482165663895151456515702716354827644221932
-6566805102836767815266648.12919652697046925538215551782527709240753865131980938485534127145260312887328461304540650297019776375244342048135509739797927623173889910223073265528609152869808084559055827380268430117916197494467179324677925239706697538870756136869967435677381081374302036694259459607057800077638007
4288958877320774824292165.33105940726767446788217685357439194318308946081229284470298550502659972430862228298610932521435756449397143526560915841257088135001194937709920262217975157073887449339892078470977816705283237679575494184393536844740552337614331526241185823757813204304772749241194145325501935760866792
-2368403021371419244400779.58038630323178735052988868403178465786462761175892726605602445245758928282867022928478377404163387970990048854065711437361792911197927189313466149663598944936681260030840736910794512854894452449312676306327712394400833330614900130769024996404897499121456507951599059156272580317471108
1041602002236118294869392.40434700428611345322570413213579964907785046275799064205193228090336747650417258944617486353337508329747624705706420841187378570386449307494461094593062891099956106896196799979525056158676732358660412351221629498910004761246750373652013845117952495653852811869969384641965377854510201
-326331133301256333566079.990628698161338977948158210043269116832239282087442935440166589616706640970150808556519254423085763792457405335416941852770865025203762542659688966503842230050960235523682554857081459574478514380149952737430545837930038560187218720243112562438775759515089544036440420415303052009980927
55770703816661871904498.7247200998062957663769633163520298627672877554571922592961065865875366327632071842744406883619027945876891340556984437046767411006482945363614189273173864030390470849476745652714755458772464007971661738891903402651754883511137650589030849267720092273453710543913148559555879328015349081
