903 1
10143646357251452270.5847591652286448937949001476447908087577648349366194998694465632406428338685196768165064602710418085411892580839237736156908370309447705640256696950505052293082333492043587122414667042931872610288671667990052941721041954704700851918343913711243413583671708227227856436045109541028382090146
0
87595732436322213519.5216584498115604724484358250396008957128136157193387900037588107072600356897163683539602989551709976596760854342281486024772917115582808914619201271485110595587708005757456789025198876892229319985862591825364071731429137382303163533744034211624392868285543209589194171094370267643844088108
12877357878644676702.0460695111316349240469207219422980331086027328069477196233599457100940720678810643445356910092023628281375929402611351888288829013041359308401637753695990575596973021723388020589066270273803324106937401156814948829369735448202073785418864533657928618285488352958973475123922935393292548601
0
84398169329938420872.6180093670121921178395876707086915533631599048584128682931285031122241026963007886964787619751703090679062313861266893162406888265454137739060475432182945625550164244247823348925233844147670621977695651602078007691857961110582199135797138223601050122376704640204881809714272040822617763175
0
0
0
83731664558943572573.5705258489729674703921880251220398473263826070627531594936012209061954667750389801320330528016771160537669268394027066237953481912085158475840707694558173184612805929104457586262252296561937435532050424943923768888499554228519375453942571429933670320082330804971547406412404513877851137797
0
0
0
0
37571092268859736343.1286659172458107763373633194954086816122435481031360119916120070636906457770061149382024702515060506627511889200459338653545695023603174076587931829270647656304362885319833377480375576754916328139288718233608111873570230342159006402664840811821589016519286863250411723388418956618290024322
0
0
0
0
0
83731664558943572573.5705258489729674703921880251220398473263826070627531594936012209061954667750389801320330528016771160537669268394027066237953481912085158475840707694558173184612805929104457586262252296561937435532050424943923768888499554228519375453942571429933670320082330804971547406412404513877851137797
0
0
0
0
0
0
10236081563017970078.9013331205419367991742992004035355395790982750478383273179476171888760525013507202535123714165922874874490845616250433211006989267673391478392952879544503846342992083945971006235942711290976125540709519119343655218379800647749275348178375054014838055512089897857714176695924076004666144175
0
0
0
0
0
0
0
82306239095978055777.5805886552658945854224068971008208590684131731230604215436730803625385906717362273487124875856346487169462679618769483865780137326958936862145916144832173122635333245275799097825567887377049016564276164158545030447388923261551823832340471546578051918987392996545913629258163806014410155785
0
0
0
0
0
0
14437435826136164743.2862012368859070678262203415169053577641440511112970725996241115066475446825352369044599558391632040128054155703405400333733026817302375781385976006308407094106132016888015703865742543612350455530383856199505723997671224399004002911853917584847367560811230085721329763346922624947618260687
0
84941281564087697771.2349479626547129856730301044043732530792289161398709996555406523175447347677887026323878611691594089626740458420803429549238043344324902292084778778023731663613861909407065390978535647793394083596480335124178066290317972925871591021381693350210313506362478400015888286547616453607338373611
0
0
0
0
0
0
0
0
0
83731664558943572573.5705258489729674703921880251220398473263826070627531594936012209061954667750389801320330528016771160537669268394027066237953481912085158475840707694558173184612805929104457586262252296561937435532050424943923768888499554228519375453942571429933670320082330804971547406412404513877851137797
0
0
0
0
0
0
0
0
0
0
30717131920857689357.7625342963595022166251752919728457351270936569087319389406706895573984984248411320039738996156392694266192510261920528592035241392982707858424162274543642437314713825691745431553193265948116760442469809483587763599399226277528485590241096614576247310570782673215458688711297260619078936628
0
0
0
0
0
0
0
0
0
0
0
83731664558943572573.5705258489729674703921880251220398473263826070627531594936012209061954667750389801320330528016771160537669268394027066237953481912085158475840707694558173184612805929104457586262252296561937435532050424943923768888499554228519375453942571429933670320082330804971547406412404513877851137797
0
0
0
0
0
0
0
0
0
0
0
0
10369247310776640337.3533993088916261205163939964528874026850535985776235012264985251786362273751627441190994076998625679596575848206892077408422938569112200739453996276028618767750820856285149654489646951640686772249823990401785799508432021285680982250168151012009903109943992034236708503547230001687318150296
0
0
0
0
0
0
0
0
0
0
0
0
0
69578919175264131593.2493485314193106367561813296236623213465065752409543640190040141179894713558374502867834106290130834802767196217241936631594056004560760448436364654877681942437732180477623172866885157324976336769260651714592567770569785216205796852650362199664960174339622354460085488098431338332454344098
0
0
0
0
0
0
0
0
0
0
0
0
17053832036237538767.2108464136429170807970343533167786631710977254002922145907936267944014563359937882616694967469778000564655151874930339898735653665103931831865453461755241451608200371332111329900962175076012433621417170479150204435401243018432771402993800423341092717241502952007990118581954263501325667675
0
81275373001540277408.656463467652250206571885462257448796021007402930449823409127482580731113466031653285519918041153000852881172902040281634819048202822896552523809006794821342969888787106225596421319178659783457513257609280800996346475928687751196369065420801289191728406811896372247940344409779489827662464
0
0
0
0
0
0
0
0
0
0
0
0
0
0
0
83731664558943572573.5705258489729674703921880251220398473263826070627531594936012209061954667750389801320330528016771160537669268394027066237953481912085158475840707694558173184612805929104457586262252296561937435532050424943923768888499554228519375453942571429933670320082330804971547406412404513877851137797
0
0
0
0
0
0
0
0
0
0
0
0
0
0
0
0
21562589962966425881.1049866037369989492616311217270380842915438469109771113774864799621360782180711966169745685415338031678053858523983314403361749038808600850870520166184848181495265650034727382113652540067019790612766176972732462793688059556493056697821821850788017437890779460725021505005243725585920818574
0
0
0
0
0
0
0
0
0
0
0
0
0
0
0
0
0
83731664558943572573.5705258489729674703921880251220398473263826070627531594936012209061954667750389801320330528016771160537669268394027066237953481912085158475840707694558173184612805929104457586262252296561937435532050424943923768888499554228519375453942571429933670320082330804971547406412404513877851137797
0
0
0
0
0
0
0
0
0
0
0
0
0
0
0
0
0
0
10417773317027779344.9332903603281574253434306413904682712466350881022551254136441477749650548443444421051056509259376217436560222439889202980845597513752883427335996618288791762609551039218950880988437870740550340659004197934214901089203531212582471268422903559253757182386363389048570036818858096702892446443
0
0
0
0
0
0
0
0
0
0
0
0
0
0
0
0
0
0
0
50795688945443135178.6621884702762858588436244758129271573634997519236993288099054591436309917574152229904816831878561559878857642541560552281934484440900286554182140834264320771607813767455534798309277146487442003873572204930985997042702533545829660924819476703570401761975649547646674790093776869397698366979
0
0
0
0
0
0
0
0
0
0
0
0
0
0
0
0
0
0
18063210295487049540.0739588990976545918121636536079152943650062571026918643760501081962337060643471594394467158223402845187491760086530896798891655355071821943337327882033337261068566267240479106619237157594206376030356008669529069821921836032673097098180076675179607380021142365369916812400439779425262022658
0
66796133250365197610.0359687336555602648384983981386220494035307553305219945487990805350707762183500976255133640923005425300604530705162459015135283652998967971988936656336360011425575399114296910033391254312365611855752727078931371525347481713928369176891687195440779543849125704700971873052745594395124747303
0
0
0
0
0
0
0
0
0
0
0
0
0
0
0
0
0
0
0
0
0
83731664558943572573.5705258489729674703921880251220398473263826070627531594936012209061954667750389801320330528016771160537669268394027066237953481912085158475840707694558173184612805929104457586262252296561937435532050424943923768888499554228519375453942571429933670320082330804971547406412404513877851137797
0
0
0
0
0
0
0
0
0
0
0
0
0
0
0
0
0
0
0
0
0
0
13557912314177971847.7404457361262743191122205075948689884242266212769249810576280472660514305798307223746905628258905429421470338919567522522404921197258596946829164505071837012315199620765878964322475931826161857282083443985595997269654735273587525450173766387618835206758173797794571537830780420927943901739
0
0
0
0
0
0
0
0
0
0
0
0
0
0
0
0
0
0
0
0
0
0
0
83731664558943572573.5705258489729674703921880251220398473263826070627531594936012209061954667750389801320330528016771160537669268394027066237953481912085158475840707694558173184612805929104457586262252296561937435532050424943923768888499554228519375453942571429933670320082330804971547406412404513877851137797
0
0
0
0
0
0
0
0
0
0
0
0
0
0
0
0
0
0
0
0
0
0
0
0
10488137889655658133.0707350363677066849130777215640994262980216612757663468631982067475469000748049068364587825526551587474717811088563290053494829780952751781154854098375546712636106699187087147108360310366290481265747111607331963750793712710484351611708286113322676207623636289230316128251698402774773776285
0
0
0
0
0
0
0
0
0
0
0
0
0
0
0
0
0
0
0
0
0
0
0
0
0
31159760273649405000.6746835429260303727429409851312503696102706338042620232269869857475395602268529493119667431650834915569771976007747795497650144308641447929500488740817172836834949219879504185456901879408180204657201451919586718462654399693202559163488155172505979667036452411707164495190640191099577548275
0
0
0
0
0
0
0
0
0
0
0
0
0
0
0
0
0
0
0
0
0
0
0
0
15241867775266885684.1823842963723058056598182293205432870906074890435478706555133057708608757729480782993879502830215328109784761625768442670786926039285133723202495269973656745677368616874803963794853719832180682356294047486540259957848655477127901125973538072839857447121303109577334539440505298830079101668
0
44215145493504426230.6821392028066427403630078005737682338444530756016795889033754278227688317803672780073089005922685780064560240709656875090935860099646726752883908771999393532927862391692831289036338272213134401912048812779616084444845520073067869098947940460571944410261440372539746460242694674609861734301
0
0
0
0
0
0
0
0
0
0
0
0
0
0
0
0
0
0
0
0
0
0
0
0
0
0
0
83731664558943572573.5705258489729674703921880251220398473263826070627531594936012209061954667750389801320330528016771160537669268394027066237953481912085158475840707694558173184612805929104457586262252296561937435532050424943923768888499554228519375453942571429933670320082330804971547406412404513877851137797
0
0
0
0
0
0
0
0
0
0
0
0
0
0
0
0
0
0
0
0
0
0
0
0
0
0
0
0
8987315148157511000.91064369726591975915210903291168602283782927734867436546158251422217111774549386643134498454857506195083733979326904076927890414454858883352260574648262789854308532578793338571764646912425622338710194906259341381711955050591401012563073091768520020173937211010057983363118425631761087173289
0
0
0
0
0
0
0
0
0
0
0
0
0
0
0
0
0
0
0
0
0
0
0
0
0
0
0
0
0
83731664558943572573.5705258489729674703921880251220398473263826070627531594936012209061954667750389801320330528016771160537669268394027066237953481912085158475840707694558173184612805929104457586262252296561937435532050424943923768888499554228519375453942571429933670320082330804971547406412404513877851137797
0
0
0
0
0
0
0
0
0
0
0
0
0
0
0
0
0
0
0
0
0
0
0
0
0
0
0
0
0
0
11426271018603454515.4935986411015841647876810689558538908948228604150122828819276156551497398918560116064497429644260271127993441606142448487987040574552373481779537146948350603298790409711963265963288270561744821628168502042181435702254290728326472071151050949799613912261039570211762581576519709377696188339
0
0
0
0
0
0
0
0
0
0
0
0
0
0
0
0
0
0
0
0
0
0
0
0
0
0
0
0
0
0
0
16641396043131456762.6690950530964868820178209244798802813692171855081523000375502750309465652867944348115480414794010886383157051442343349428167232559710353601810581672809439377941116715284271242415050951919087590802790452999108130595467265967094477766421438401071736677418245603502085781888793170394371228391
0
0
0
0
0
0
0
0
0
0
0
0
0
0
0
0
0
0
0
0
0
0
0
0
0
0
0
0
0
0
9604520125768551489.1728216430817690027214310862987849199344512936201759883661942820235137841958597997187238750244123772182808715894234374334887464828906690237590114678624482801487234069156263891892558310018821223878727458972411635401540362488008349525150866825306776623134494003267507039077459200753382448754
0
24358180533828052203.8793800259343132941844580233516066639497019055664178728178281632067005798987908456465595778990829228113009593657087511546282065683195659807829229097432470226012439499599512618425754234223895684207135155224949160009175526705560671289705393471099566258976833638830449858175812322539024947355
0
0
0
0
0
0
0
0
0
0
0
0
0
0
0
0
0
0
0
0
0
0
0
0
0
0
0
0
0
0
0
0
0
83731664558943572573.5705258489729674703921880251220398473263826070627531594936012209061954667750389801320330528016771160537669268394027066237953481912085158475840707694558173184612805929104457586262252296561937435532050424943923768888499554228519375453942571429933670320082330804971547406412404513877851137797
0
0
0
0
0
0
0
0
0
0
0
0
0
0
0
0
0
0
0
0
0
0
0
0
0
0
0
0
0
0
0
0
0
0
9344212003572719346.974383984744650641100145230805926846870559397820967414169420526407092676461620033053490946487417824229888937518545809597761093889407323295165211483858463577104769445368381474360077935436041759534561481858818914027407071509648060605359841016510494969263483980980465327956753451142135632529
0
0
0
0
0
0
0
0
0
0
0
0
0
0
0
0
0
0
0
0
0
0
0
0
0
0
0
0
0
0
0
0
0
0
0
83731664558943572573.5705258489729674703921880251220398473263826070627531594936012209061954667750389801320330528016771160537669268394027066237953481912085158475840707694558173184612805929104457586262252296561937435532050424943923768888499554228519375453942571429933670320082330804971547406412404513877851137797
0
0
0
0
0
0
0
0
0
0
0
0
0
0
0
0
0
0
0
0
0
0
0
0
0
0
0
0
0
0
0
0
0
0
0
0
15117250421404756865.2177250023841942516115395573253535645483659114929048619968180223735427067428957573163704988642508446999687724321849443971180455320796747935138069430408858017162961691040160474032027086350542762655741222972979290804997808411894228314106891515544200040832953938087497576102084241352419110683
0
0
0
0
0
0
0
0
0
0
0
0
0
0
0
0
0
0
0
0
0
0
0
0
0
0
0
0
0
0
0
0
0
0
0
0
0
10010882566560517225.8532366647853528227847118560773932588559470130272029234640061716757116234037161563799975921685970705600075361665305676264253785632358325199885696832383461590194294575480179217188555063021051995210593689367934516931717202625166099942188855623805470223526317159290507039138742899596054310866
0
0
0
0
0
0
0
0
0
0
0
0
0
0
0
0
0
0
0
0
0
0
0
0
0
0
0
0
0
0
0
0
0
0
0
0
3378793587091773064.11822129636157794548146954090035450414028733535313216044652035961926567187010137153601615456966428357261333787973100186380000172767324144598042466220359046833682783753903430715842343297404237077013445905465553599250172060176552778266874214890777925508222558057626513695867693907133160773479
0
13269153649717265802.0861351054682302295983776136824769785858444446177415974552340521335110681323620387881292730502648477494168937589262250281220738365930632660483964253657220499757669262434645401592868760797743902763085467036477792192339752953594907946024818443936915614819086283155291124935952540708129609353
0
0
0
0
0
0
0
0
0
0
0
0
0
0
0
0
0
0
0
0
0
0
0
0
0
0
0
0
0
0
0
0
0
0
0
0
0
0
0
83731664558943572573.5705258489729674703921880251220398473263826070627531594936012209061954667750389801320330528016771160537669268394027066237953481912085158475840707694558173184612805929104457586262252296561937435532050424943923768888499554228519375453942571429933670320082330804971547406412404513877851137797
0
0
0
0
0
0
0
0
0
0
0
0
0
0
0
0
0
0
0
0
0
0
0
0
0
0
0
0
0
0
0
0
0
0
0
0
0
0
0
0
17022579579784743863.8029237505502713646808246317844950406746717973630438585401363638261726526418944053680024952665800489020211914862269939508501075692836534411097295164095085963274070234163436929129570008082397283966384482968040983337089033582168857966544158354667271225395810368555224313290248555447503818548
0
0
0
0
0
0
0
0
0
0
0
0
0
0
0
0
0
0
0
0
0
0
0
0
0
0
0
0
0
0
0
0
0
0
0
0
0
0
0
0
0
83731664558943572573.5705258489729674703921880251220398473263826070627531594936012209061954667750389801320330528016771160537669268394027066237953481912085158475840707694558173184612805929104457586262252296561937435532050424943923768888499554228519375453942571429933670320082330804971547406412404513877851137797
