19 1
8361154389994.55533241495232170580707038791028526508518605632384938478195340802304440816894902016455420529000085417961241789238957383888910318160175687923885759545353075359175504295239839602031178419587753389682846474001840152023901795501529902630160509232455919963606127268354696468296269677593935560837288877
-12661339314331.5504116337998574620114395183645134875224393844732777578765719204912369880317543992993815980955755980201857014917959281868454372637415981061700574078441642554152821863688026383928311533946711697181673169160748886096856427997544707269237002695855952074938283879335281408947822301646584420596613525
7743151016808.47666602611512599268626707966744677923955432783750155936294387792957442940269402137291720248309399534990932290700238198012180772820725640661182520380612878547267643062829218623301234460213517516402674960730935963051904339849420017346873538771795627885406830922620116552311994089315437312212786824
-6618224041151.88635478350416764956367871010834768020709870999643086632174496966618684958961349573506498215159828855100808916054488514801196139551360739359911460781583790721116274184759744851773065596546567253577273606972693880328199658653301472767947036991841166569773113173186468545076551423248072743737733288
6357004858341.13395887248906420167432862330001703594576162098511030510713991690101620109082878480909987398897330619923607378640846556893822282389504482395911301454119640272006422489408594874309820087362166667788759777974833116066818499649592192160946575707473301351578405115428289873517475786061242432601480819
-6566378220597.05653661191255958199545883652468781851622981226178668068473447258364128365544258244642374301445343381918996444015579462492632152665417471250636398967030855521896065488759656270545371356147407439836642250170454373105261065637447041562044544430528635318094120846418901061180013326714898100135593163
7156381837649.25901397196723345722987426299885998815945865089864952673654947376844034151854836026997849438750242344708778201685217357031956733544489795185733959047105003940470481858664974423118308054282743716113714979897204925319776786780047842268972690603349650242756588848370664480208364345899492076139497892
-8131240867122.40483859349785967764718668408603111638701820324326631408268259277416108692391830971026860599507232895455771555338304320955636796968206021713521968043805193406778432923458686949301499087069214339297198970582664749099088305524470738582870686242443779403037561671108318920730639977469484882425366252
9538308402908.12425493293811951637027635186797318414673485390654730456644647125478775210815626764357710943872300899328544305109734249366478878272801197375965399427115137375756627376434080919435896889922138253529304283679675612832751013123427720226293216889862260851872662060759087189712733598770138484814848643
-11441609590498.0207159028819432971335248147625018316445394975835125980924533586944346372484624211335113565292043968458052136061541576273780434197980694633439458248548110002821821584828555741404660705830198963138731908546187312476226804563102994344337330935146005845536010044397832101386954855052753739561327568
13888262464070.8890449403185101322128312806134161883956390050943755997755936902359638258994413398157466268631858884635727246223414966104406066319978182094056317829605329830106715870310610134842413175605496732152167800979405050777524344149489809243575354006505125170075999692347697078524539700589148778556313348
-16848684003226.2200444419650227134494450688005387698200285897758209493332899150692541674198635817478606814545137033775334402425931064033688714543152293183100826451810002589811747004233103579573239654430920559504496183781677487273119058547799697444458510973180968963275901308329132594441477000206061553133225372
20115216897869.3158825385193409522712982809086847178922664209644710015377977624122840868648979623333825105949310213359697736499942236768963694633613863802979704842406822578298054821204545844005539336464541960079784203396505611450729287800400316794140108299509094121792986327075091629873043903167587834129488441
-23161168018777.1979667884896125760576485455718336239381936037887470648872118594718812565064680871192390018253858200561377339019681773655148823189545510700393394086484199750621860398042153077678049748799340830710770329824295683154645180189482521683471167790814969706970007029592015310357359852304068933821063571
25019020713848.31734220446610942605266185764867251621968278504023737692090101047862993574489996763825337155264420691195413564804695304137115326935322607926687004157374837973087509501540131297804961951263466431722183025803474983048363512118102897324801466576800686551718257716503085096527902507916803305587849
-24354563821596.8420422181883644185969610772307540296327917621916585777708048230212592728522121248250673414877126770964807336695892436772078288246928784904533998523489955091279833657850170958254043592891897041614740386468359681471393209316541491619373070941303315867520456867161924185987986615966192613177788742
20041461737339.2884695277832494572567278347694451684538866087617994793437178105021198437320115488257371371897608890788714352987822892657549879661019507888786002514077804157003783461822339606501826866922899728873237719412079071307962610725785607278099177409673306028692805460799836343337549572890502372119060519
-12400480785940.1539869528866097389841651252847432218136117634435717297578893267630877534701315871600340106660009821768420634781630515321079147018396786088695161090418750080639644165110326994006694388640401414359345828527159637395182143046171456447357858841220870748063912392193789423703022978674815933971891675
4329572614205.06356138723122966808809877890857382789403146758672028537715959228459111815882110877643234683303000719165385206393430438328653531737127015814030602616274147351474849652275789880206679421831644552661160144433317844949573084656089774362383603430571111618865936476148219595082166978556902845581362792
