19 1
8362287355751.93049277950377819385091799400728711725572025891594360078970762788494248774728519262017562882269568899244062223234280727338839283617539110377409125234218251732915009348067061224959548759977179230780820222627326915070990840984003078136951449319796628024239141610747421776960904665510209080571927872
-12663054966920.4479056892238673312796542728680409700039768675227350023727354321699298985307680154354765298648174007620972966486953503279017594353389063811874932553707371328870690590303018225226462625425567253386558456485056274414211265841406089823201327501570947982792015261356225915566481865552542715309412748
7744200223678.40303078734165404765003590289102474838826032304354278620340360786240532991818973685106824460129850094353484214259239200203397371525619898203612234175666796017367572783614170500663175339131105853521358392784961818990512808553805966590506480368317122423018244698431311829106983700134247777100910757
-6619120798737.16630065223655045096325269553089915968142406679873061959118069349232305564947985318412881979810675044401273291527366084882909018150028674951153057226328109253778887660022642280167383297092852140503551270825502334706054100002537907576917839054372232653388703773136502293302130617086423265153056455
6357866189851.87861292812313240547348565168262576636020281083093087082090452459701451910111812884363656481038590425628881473220904946324804178940796134962170299224691499232550647297202088565757443378277382485363450144470178941490563829428853476698882238780842201696928632549356232601048537074008898203482687183
-6567267879458.27818273824523598431411001116493556645540061801677269034417818617843132585185114526680675112917099751472958050175286432832709655627846092858703486152439115736436668523463132065334172352208679026730679047687481436175316431375247019267838161951916070731010630136804813624250342191743150617758785192
7157351375569.96620007122099167711445166613700704379347679434593285669078952645542535555170987889038921362905593519737841203874152607409970175141696388913568928827905756853690930096824899215044145094830448485599398959873010292696404550486434327525996776216915270020476784797941486862623946934676627763537591277
-8132342396104.39426019153171182672462391788597319251550141639250185245011776766924134236548799307285397475810085026550841363322817552269503183388156076783239890833426243000898701972514958086629978110819400651606786402169681017295342616485610795338634598821320707016292914478602143146805880747373331741974006346
9539600429110.79573256917969205772980277515300345200033663015085139151612367714508351220739094903826294649859928772175425197667406285247304922111040190301374218968375707133407120376737577231519211337514934835408254634839375941235585681658230465959991555683395986551529925562496461857459742957830956284261164021
-11443159264320.1202551370824936185577704369875287884649644147942300185665172888084028811648600176179712243567267505416637083025522162567962306963096510024127002920123489947160675067257713358006862284122487866983321179762748068480685638713300033386990522182380181160047972332161137573772876896028844304057362461
13890143276373.3517262721365464385366468727392459984788649188865762246519522373926059601226806973481290879000522759867689519958924499334076520048065747942873983951460893801901891625876567469946139429351027751831465055886778295125780574845287312491123569027820376930173044378841674691830123326234190691496768571
-16850965383965.3524161112711767213781385475886475520936253172194330436526835409883314626658720824022458021193073002615233122241756808396757601245391810356480320127283636564318887769859165688957449592251597773990057997729876973264020728547692128775839611259486375672608604966791948598110275360426216290283594908
20117940094108.2968667917247762121551655960848779261049517480733261573520474715449017431376654175273495453836358984848163244177437997015835658928839569588967833152763366362631368838094368781787090360798093344466093309889727733591499507484339293612675276861533869936132660203778982047612760102149349562387588387
-23164302915783.7559820580907925830156887629572442228929954729508214600033930834337415989910514139758167333869001034147302922144357033297044810438058033689077711145461852937026075972241551304103126268177446674795760871364939246159855865556506627427539597379285776653898741897885674692831702279716252098457092806
25022406233328.8582481443553603769235710240894042096562711258983421319522078989862370117265024484649422403358499781139684719947816628121192125071445853724006277401076379911877969943021542763329882866385961227471995921595545006153553253830546508329514817957363891188003444053706288796081988124693694083527822714
-24357858460728.9100688137933305830410562281778416312369213784345318404417363978524264566665250219050487948091323335833636415112445323628897792067274815767352034305343752130005688895521158050512738933256953178232172340634003482357449278563032689193420620186325155775023944919997511399637401539663701986977194453
20044171961883.4026506945857860290311639060501416801568762583514713126972568996207655272184274417357735570915884087769075597803905457827054800745984962111376654263786506176040490016121608591180236757070884770869274420698914573570601980616216108777028710334408556464140263777821034810742123955209220268728735681
-12402157012045.3376772260737947804383672857529609075275247016446961047744437498216101056467781022860168116143046466717359328889352109370898752102815624870263838922888244660637524060711720853982211656100814567295187241796451507334538837682650448020869381657969636627684118718219334829456027941295327535017429969
4330157562888.78339936466159700676563737206469831696812855888920281579713828382431970323704635270325759823060156723661006202729528343683901114207533684229220479954040359098747550347160460852492091878877871128116326696622039631665060466983693901766335176776659294532067971002042469867190599205099497410203723287
