19 1
8359505675384.00376278412785572698482876788049017111704113361777595256185227996732519246208401771630448238608418428965988491739857582116157635277012947107430634478156625772744118181582183621640496204766829033053987075105370083740855822054466061550677496590761276632241895059447705050002263947627172554206017082
-12658842662019.0769297404413527554234736462560097435317315143028452529876247726678917105978929000203394426047599503977639321121604661872320964025367192691822875466254828133372829756328480488282234185630930072685280353480628845425207100278390741782350047255082828912538713338189318353040723008839912010262433988
7741624189343.56376854028702500954015209460136679319285303743316884191746145804279157298463866152645556183593225510974878198996139201228705664984177828762618074083488677926813865719637892701282378245000407230792175112057547971337060586067311849733056657831549495360753175397104187813845343966123164048554529386
-6616919060446.80236545431202935315309974133122028055631062724567938919447695428962039249878235391978512545074071594087494796881171180360745979635177879297698518707371700238382038736483769016504340619310335010049971490379185959394475939125523783697364831463388696608496533814138883598877695935410702966955156282
6355751429654.43214053624984251389291240766792715711774589476981116089293859890171687283874267533023939644046677849710248306304091497399322854582045227875673507878452915353249017850285575843164562248120215228969526861445934482887052469396694897071791663120477086032910562786042063896537148555048026189225108505
-6565083568326.7913565327590572130973892350129264926528367105862665737936310249926773325625177274018921507470358853068140173020499756758387555076414658916829039715284785844432387605560747741030552623646633528633716613965409005012682163580158467951216227680012451824407980133622800811104145089972620107777344387
7154970942388.99790770194576085805694660091880427169367315615508519406933347937741977030968977343696143458003710897734327049704141266711375260145510664542514429484155869177985676628956926365457031621473573045225346111640195411905167256808169870208442275262728066158895729373462542951650345359302124681485793223
-8129637893906.82207306365462009134663593954605436705963063185334427317503737933158739647888359076337815621072358610166944574121611074895390475860446617310440342435895695043043705641576255784943000182685725798289743292471847776516290911643934895005924502386477312350282266604578189043132756096027635415057468929
9536428211880.0234085872332164599891757668698984322498274597087748246627722319774691419572308550103803888116993826457423031766415372452342994172978980330309804089924462958952413482273767389002810335843273380023750320688442655773185622048335959306511041840683880346982699959206107064120568121079743819068684195
-11439354462537.4758362042468967884450615903856691221340028158920146424479225688563221363083786185723732512603850289991793814627223437193157594615563447700874985762655765282976770554337642018409487674945000234487951448396852232856143621945344965391250121941911948858138854024712071265935496047043782517632386742
13885525453730.190608429222348277505674087132303101898921678998536272666359829616665881972494299559442124225563029281363232055533802976854814520439600134352636784805205585581802539802031219232209562791281141637042511081710641503429083542411279343451459613855101871615689847621057729900459504640766069028302408
-16845364075568.5326406792112754490097500580638271383035859964711312275817694025395690110485932269268488658676336335093097580260069079195575494523051788657511945489734901828940662223654425646882694627437763251925139639435335798124542722682924342496406741841525260391422618131243559391747778075928243385954485474
20111254032349.7073722389327128898878838167133903892393487769890450240285181325318751656024955758927926362000865451415228938409355255206900148489098953582286938899793883909821186692590176878323079165867399227471111548698348660799065202729597604495660347262047413865005280670407560206634192170512710712690331692
-23156606045108.3641264768211710085768178561009265137350163167596844110019598016195434277467629435707684566133204357258912923115221431481407073573782757447515154950684652243282265732967914348167584946206776577733584665664224874562869063143208978966764541078908061814467959628125628303603560341401380658932295258
25014094045788.8468665367677170344970063543312644806314226393922263310767222709585197727969643392768038233804757074169990408580387684194854504653231701840029531939639770145915579291550256250008058330018386581501642697491665734462053976159085673923720404474753689386430339424503010779121501473201023691949363868
-24349769430150.6418304247319858603778337438662431071878651407897558655757582770451106967775301420241859016259931886491623816231142508368847194178680389158527507522317393355781294670811126461287307693574724824708268258314717879578329901931015362979113984847285045119652635059815480213987193914845628865721853307
20037517823531.1644005587835149439082330669217226529630869130353662329269224093380738119916835520608489586365207696391882368572030447175098236507291070486636484176667597188243022663094504070811324059262518191925376633678558297144304301820908623441592849045806275008551966783586333049900858541339719592364955601
-12398041573414.1671988755606123144940649621123422176933931137736202978659386342602542508193215966445832560640714704719372515843801120382197415053221243295388778169816924558981696921833054428654246553202521670631643754921407380655990371051021412458899156186925806619649449945326827905511964298843151314146865315
4328721422589.41393586788686122561913576793050036701403999848012778069548882791578791124839138855059612098608461599277754045293518191076267776911616934075514543344787073128504643304930784493005190958872489599801848915315131132714720327507188272683412073190569199535531478755730899967942945903522305090299523124
