19 1
8357336363793.63468515944550389587366244592878968840089113657435416192871862034993320610168907694317939479188502259957956812520212223167333785032641175748967083709052222035585012408296781652989042719237700416218697614113532255726321077591982828430765331329027570353205758015351306240040068781214852459941035352
-12655557668378.2120249420110462000540025718795230283304222798200508833091278974789534498452744552366113069590844760647107449293129382741721145655197129821532971328788895691104852726006437197173255410144127305359815728985234171720274433218149584934075061414763283751528565907560617071701709832731564540657132039
7739615251142.42414475772772180115116092863480400860469621082010039952001415189935543934333315935642424362717736788292807225644510252314375599303762302127842111668808794999582640273681100664777153504436342225202033800160910652446139225891600409633637769457550372152988101753309632461618547280326201591615639208
-6615202018360.21797662587253223142674828597960335689658010257107367561671342913963334290066196472555444739025060812359706348461642641612853757100303741613114701579931037391068430553027380211372253568847134932891029513689049134308029231205209214186855555651824376712547990021815491551835699594461849685519040026
6354102216460.33877331050035470455940727452362530670944125842631691891561290668022834255114990288380277863312579708138850826095321214521388147049509094711464064126761556237545511226829593537282043227509229480951051353411174348549917723922704382639691391624765152460527165359137373845915429620691534686746571878
-6563380113117.09822495948249084255621068177931656086931410533533727165092112883992162669520955851409359635485223542969318841733593544978908090844791919975665354405686925423465764993073329604571762190229970503813883605587255355318386223714048350950462782567495627541887204128110049641786816615940510789972423936
7153114537139.98372309079112540174396201762168616382994292497565349542512355260668336608787669350563910561453587539908173582925767960517752587577916715521632973424734699297666835623917921762224464395218828873989130052537496216854849022105738610728849832176568596360664784688429916132079255592538771334856550695
-8127528757153.72031094711388860362979306664379577381866668170258401610201871764404750418694504596862058011951560358436888125724865838477226332131154526183225711728028746735568981326268535885152309589048889036481741057258631250849560487535004471927071572963395137034799563627045355378501923088119097516011659567
9533954319127.24199550050132687336621124062972276506304517763429621860793696777784388812299607208373362936666773937004415203047611344635838284229207220721548413324226640929322828555509548447420637532834502408161867829902655138602917048507665169303743480254135924003441449160672936996368056759748500332392533406
-11436387237926.5940319138729200009937222113745290001311775282837911264328993583750806841853285613217083092426529915955304676477779073187124490647426303632883405048150675229811498668172362480911217177215269285684721304234932860101135281103263659893371241646930350523318747936204567421660774699040020005725045527
13881924182313.2286161004993469215055605050230124070417257474653379943263798461521109506259931352898786664182849527701599785439580304460970145907994264376892646829279272582310518261143870189205303208727428688165162575594928663256298727458835185152725933769146228703379952437518194586076925996437536137595781776
-16840995820554.6006860550243242116626215864536314935463367665560936986579324617900799438708049232111548509407326657644703492560402277065137424555135100443680107561273688631290374277843970596086397587270155314085526977582751197076966729997338062343855372467847454073346333444276367573364163418845045843975606066
20106039824999.8110683237048965310561532079781610561746936371258688374058574027229265957202725088989082021654726726351740949446926526089594893869027183706829931493868459695548179817574943165640576001785381873282178276688034749884511136558873971423358533234943791296188630985846839975830948374691312375796448711
-23150603563335.6946049678313448723217504796747464253261454498242934152922814469041703728179377065925309159422975876581033329403137080025324862494144846812859587516243063265345202504866800756821701780551395500999055351392856809315741073075721981132295273432831694754792758236944214941455602009485596452796382992
25007611735466.1764062956613192997147996810888361507207289100393214748605058611432256985488007159801894329340158003865608425412060982464377516645264796742170928791673515258154636219447398942013648185387947218231545867408635738826883169952784332607803842341553354045580132853177849120497241510540292340616278403
-24343461200076.880850177018454257903180391230955802802088476905835526381944198049735280048761397008299085694224441272140848741862726057252524150423038741867759691395034290996296752842912221572132374279410997607228501995096285870711236044299984382432724711330774473043030598152941158301986548346923771951400789
20032328655929.5684601446764766584732053960791907656337083399676124470708372576393749243619995102156755713178549373418386709715758260780595860596799022149205796362517442055585442808442151764015494283906489742423134912083034627141276113750373342639110876549509572042950855229702739507504855434313171624518708908
-12394832243286.7630152823131495911482136773851992672564282462975305187491538178258028397490302561893922227375040407720690968354155242360865040495276660642576582161886566633474413368842708663252901256175651731282985455949520010620225323585933737708220227724959543923305716753496688176573846536186922541147886245
4327601510547.96468204085739578070989472824619207816031119647010017074348472676163456673924898427150068527760228630681097490796080081301964463109136705111170336233052488915807438976551920995091737001952650819537466661953865789018114495568637309871431937784278606655018649358910805858676980388798658525856567311
