19 1
8362286815964.56011308008384418540908142969170842896267791457192531816598659062860240815305447791728228655694763560659435235299625107730702549921392463440251789335464457289498965157871074926302994576477134772647085186444969268243334654897155993492759586436717753177287956339631474900373217720583455080466480347
-12663054149519.2303625499601576509299096032511368888359542070321070928371297988406260831769237246948064797706862264313614312106187600548715807067995587757110053394645324802456326030186360627824831934780070254958746729420971452655252607825336210854210931188731660754972308186821694101674966956979432520794413097
7744199723796.99860885336712757737406869743796635861028142023011955288045240181682291226368356047516175600183081149443390280834142814507348180881428445025441582144491190249468955694003350093602458985315402274596932594073470570277922282776945689341890440705862774127241872155275198123342016785353289452622980663
-6619120371488.40896557425995921235383323139280455711069541171195844653959328896363153010213219173439830752679428533061311200437559067518940680298604401123100343424337080191213326019551878827518161365184187902783934079977889462581397944927602369683165447394293056553678182496882673833034275369421165641316179966
6357865779481.56174505682129095569077184068171085222010383910889305617891657966514907449983904269002904713632348005946468644161339066139880184357177311359217264993577496664527462175971937557943168781409625956591954925817499097613638887808429084647168331524728964359898130480461922019660175659523071472898242522
-6567267455591.93352150032663622988880487695707187508620028888467803717463898842566950597253920184802590144530912568105964555936985477013491425489413429471279471577905369730676740898795081512635583740160652092723844250955216994829508671292306253769996203424160421314481025761340935596807090738624768285286347738
7157350913646.46587686995891054931047025236224697979114157162693276151398481134347309559119774459307049418339104889143329049082584720246412319875727893943308838354234328356528437259024225832208152747076217691170555034437023426809121881971058809599870981100397163373829492711457126272351636524353570006485439586
-8132341871295.6923123734320724413871464924299932849672815097554866625249592041282172805231621622067000203827153805452734175914810361910490586861192926578725433698132147828826273670788145173464269584576061166220192121732398256340940942335510314430450547979852084450070595441246583395986630660583568338655740925
9539599813542.38954640838344928164354983111797187213746800723646119196172430529501656107297029883639322232063573169911618177281152237122328274600925366940025317672622552163231495325237581252630290627562933523477561762388403085240537048417987389229528401043003233103320372762359583368873733748718808088700253548
-11443158525999.0106627230540396868202372561772871662236808971471655992222829817650670266568133679647220271638195194528704029254982476474340750849636568962109054018843360452775930064351890968958534177861793884193338589017691676349401322972111071519440814065346923313639931108846607892137197121859184351346856355
13890142380285.5212367900302793339357978768844347658293941161106532127957071890631351336263000647724488760846974669170197908244863768934310732709992150491976420039153240867794154985315442397418765621502680279501126529183189668911268591236857447105751092345922211473185888240867443296339888632841660724890022255
-16850964297031.2132703562326679493811374008839747142517525279456955585497123797929711759783714709010783870541666572934246230413817074788517157846371977560537766747039507359687803119259428835076646631487261908139358838335621662183215344852434033466863407352544620384018192993859082406508184782535043269982734937
20117938796675.0572624785914093046942567371457407816883987930326243733861896195822061836790281422726072036192886129480793680093471646722973304163014002627537637224652808202550789271207284848241940510731296202600805957747758331657296755579563642533621023177327171825141196686090413214546402604802682937391068976
-23164301422197.2938798193196676691922095013662361143401937710144761924619987307136678681925254206424680245199798217665988811511315022777043894013824351039311359501929224609844592119154406348370397198486221196273547771896114422038556280594469102554034934041366308323983020107010523549592292407840465139085106582
25022404620330.4368954363993802197202165077023093468845619097192562188533667047872902463116817774264290625478425531085936144215961138768286941381861009586065768368125044837825463103530072288500827406744737892617874611134953468049996452526829476874223080869956729821705366246546064695735302672770151837346657384
-24357856891021.4681731817085216487423289841679023571420837091851146802599743548490610031107589299162730893258462177312903396101288087162669312273365704114570247978776370818026360211522695048452390127479284763789099212918133118066679968972709882080798787555569586596162944559090912076122941150328628807383114844
20044170670606.6301957760616280813571881802496961199036975646612031018859571094176965426398934233074254009635962581102642303966736185409343025467504319330369698664322715194477865627968624815164531184416582049709310580246379474833627704509803480059390973248067317321029110274168927746974907446522022362613407759
-12402156213405.0852759756632947718744030292326865883425377287660794870967520821106124615708942775603617433913027309487260469115918572558163205990065716190288506525643783004887821558504945617758052673746813930872071821581122227349981500297733589090876478853351881839701195440038286829211280120848898627405004595
4330157284185.01117547638139666412349931548921054513943189718228484024518607178296591162139836468828052673733359289055142861825483266527113976163127750781937636149694635097211857244254925550824214648127224238143300554729172598614240313327190599340808399877897003387851546360939976663675856318856440945248807087
