19 1
2.59173003190313514308500912660716252761821700839150751191866195634367548746130041041770218831046413504252903023364126079085046850288302684632607726971140923781194761738842764528331080944692585400650153602196275760096401915466775013736847375612118648075335708068227015899541031463590369965678046084151748240951e-25
-3.92446612454927356328046158789085562450472743948963559948914027247523258545653074262501279137901542814056307219587959635802858023807474666718465992515551235566097255772003668749701936099196692955751871892545779947932765822125869447068482235626355101440639510632074413941328463639241387908972024511194963463577e-25
2.39941642448297556457365430614553760678572224743522051055511665077646037559562706460626635947865217453160488799522751087850778335923601005060584575535924041408829922262005786209893892879583025529525756018769461932522901128944338305674734511760211151161189094426535010156500154043417216185901160330290454466072e-25
-2.04986607687313358932438535043881741365567879340567581528036588133371239934825199165270775602920869211575155033716811421590527093804567261282669410691286120046510514539803746414598169976230383174909351961848722214549296713479050229483079232830101544996228114029772319221708803346455776736761669988293233686402e-25
1.96761951103352067975865042618696199836359235592749596262450736964843269473286041273418031513259073184229171429787693378544672185732149039549913626436377652839304251552925202711516942087526329316445579910344565355482351623087222145061995425286060282141805585146729672643613018662434004450306994413066685546616e-25
-2.03060950091294086953660028745105957762365530201412856535863892741043524595368860906320779564833228964205047541099854561568365968171640086920576823247057261989598322401270655004199015713172274299265171491770395025464843115070445160050554512352379822002681821446484393020024216594066027938829744962837567509543e-25
2.2106090798652212572930612637249698272835016670424423415270778853879285131195233802075690564657848855634790053684543555905055616300841350881789888851201391681315647692016839563340926234252032435285879999211783586194646151150590347280368350089273964287016766814718337542785493592906332527293907183322428678368e-25
-2.50840345474500846330715095964316548645246417546617024378730920085533895783885616021204726830859443079406273190582518772379310403928930507141037082770300708294891131058410146917005783279857222557644150545735051671340261564908100248818803328899252590088622246768146780972422894629605367200220033732847172530579e-25
2.93789351942584755768697683465210048516557081294651483670272476492313788492019988980992644393624053482417210832190580806709053992733673711564847476442066356740678786471354303841185077486935629061706216405057410539827550856540500503930986902768545040726022153848874681264204276956335445476752155635565283952848e-25
-3.51783362433408874963097310597325154117138864937995254006566316617271474145632763819828386050563356690375993657687569356767318274499663251024103992531166135486441735665049424461891641326489074483560979841769435930016500267778319686611218281993347195380959995527872414159184129404136984199973253186001357973359e-25
4.26143405544915287783410337768572883819242863228010693654048988840706824844945555514126335444354937228406430380453005307576905449887763845708056664497125580693712903967828729861557258437186560125057075508112168983832209677883032925026636094960780134278534628548497635101185893864333380024186238230244802669871e-25
-5.15805538349327636658195328553726201592352171290586155820790138536622754370130404381196332728744534881494567195083077302057148178933610382010177694250071735292387533312302471560991511364494043032963926285818236934414022264416019146307918209556940491718920979194337994470296053590647425528357527434885841971465e-25
6.14249732498307692107083379554968742118256802269684651819230455597100877880037963467113796716696063134533028377867441279833313784463434913178503595977353145326565796988177871932021935604063737057495499292758220789046906270390444789873318485812899091238413475359408225678002672379235688567389303745224552965016e-25
-7.05283711176512578001634371157901398644436359564222811980814515054728369233548244290544887679374445918730259955232230754438563926076992820156445018618271880968992234822369887368222988311493626786463812447954365337578936394260980570657551563294300197868554131666208051945896409413368629465341556018016566153457e-25
7.59510221221254232003343628261947972990359411800271111329100068995096718821317706263426294970827154118717348310061498503287808977418947933927575753584638107243085940808433388863365847346550774536363438240489164139965522669172642649403120423620317319639937605897504670085637589662085112837358158705636966028666e-25
-7.36839811117937645614017292678734671590669175395377979016409966447248275758857437219296030317863568715825731149511637223974512363565366105137136075062172908490246831107179027231362092161360441694265414953345943888612165177090433669477733132845706680023066374051452343727409098775620287596288639530132626212734e-25
6.04104760792937368600412357020240871406920383078101198505909571357950256647803031550139454163081352379304548109271534633814765383716803925350301075612718227145723687039561976281301757608966337893123926650630968680887550176132644460790999481695103428083592432400259348337306472460015572361184131322702315620528e-25
-3.72272996977352117119171885523306844125675644946765282862943541721697205830565252668243861408935442795809786145528073707324486378444488557753697959282583140872202463284407567327710631705839606817949356664994583739399276424717879891901571599098243263440259779941511784208992036033452835526564363149466486516529e-25
1.29403103892829407858444678422503669656942500638179572627799195749332113359786706627319896642879887234680030620739466142146567211958002156529514271472068830361791627914749200158699655292014859745403719880712069543433517967843055208228872203961812100290182309074357314200531783830434645646738175394768714343203e-25
