19 1
8356205766455.22148976765403845388837469892138970698128723962043430158232913210891004837181651436502497882939427111943995002087787592360121783156564492151478192178721518896068801232725449880234726429394288208360936365802860447160182603332621615567472330152688703471758275006791302550817212047651931456114233044
-12653845602122.1984046391949132301351469172050388131150796761943029696841323148722313530741503422311778351561736559733125305890208839385429557809332351678144662769614098255801806798313501203723984511854547515385635635329408974700348578222583334060705256868333361276760798688887347560583574727162646294128046162
7738568236556.71614942605390970766104375471518505862871271203969711813505633914509562012669754670929384739579544194558188023026492041285939467979881063640950722847531430327095234360478909086119149824980729678811869868977686036831811024726655830315302986433731976535590123230804171384335277231626313488731331891
-6614307133246.02157540704125348443987270114673782145697825065103013181202225356179181035086866578089881593901022723798250258065391710814190776970174311047186733148678531270593083847469742698410057037224499607073184695958817523462111342820498292028631961957563320996508181241041927590384910833157008009717814535
6353242681785.91768866211834905482251597891641690562033741539557950837214933460339696495782196909374919267138599676071631465809178570468030785011555203573057800882094569559330259246408587618226389866914830129117044843888346879329880482885503825418717285838553099622098968291792178145665063998007700192308117557
-6562492307991.96644563529018352518465915855908124633237054861400353643132986667043537463174163464582182617791112421793984530402756061881292749401192351820891387358347054152318234601075546672326032891964608157430468248757224579617289521518823979888396517606539923494812657772245285843814190407458990716799584591
7152147016906.30909003401178041307760944202307186686239607738790529730254876257123324131825481150637829582316527641656275790484716310699698896100575474707124008357125035846762202490088179099913921594962614406724460373653994838319993303871675278313820481163413340434875102791950121533795917463618870721988844153
-8126429517551.2334608717733570497326191250620463891361145050468847586016305058293431112292400238563325418957436736005316351580960137086304167954449155270752649386765990022753400203245385502157993523219815343333397805173780023388072145298448343663103854215315691301597447899148697507417393170128521317244131354
9532664975108.53575102721248421593933634617076820710285646978458299308799962853200087950258019369217788483491961745406205267521615881639014201282572567454077022242938486349678542790568108852062539529568976290834408158101591260355512126511677951237743238813173347585165265341862942462587726348882376739916161154
-11434840778234.5040633927667731429533387823931171010478746571061244395853347509601615615165789489305156147116992937207833413105165661166529361208153856348981538892239692466037443726039901751290656060047536116389761302837379967355159206693689671141334206846187184805214141507502103541292376285404970129849771808
13880047269350.0031260707494623113747031051342535916234572010733509589645394662921672564795234160308906811466161414722718281753690154712118789814447428304272512193320970130674539615025505946437554170868466304412178672362100842189042040383700477724188694492544719893002455803452215370632839325261863058635864808
-16838719171177.2666963994086263237067578461964542955217745809075285217267795385049520376083163891005926128314244728406886687033687689803162428962679903100453644514840528972553385144162941208605305035133216474268663378822525237322752172311750249522782576895641130326785846043367137100897846627361491744855057776
20103322284393.7130815101076145165740175975252051802758496509128972688151338144831252029375361624975246139870009254510734433168471134119095185623753964089347757209871412771135243341779079786933179727254635073129655145128620225780585392576644702100765428462711605280563742058658140981172795053727237128165617633
-23147475195988.4915862789368407136217555395785852639741348724819123966804167509549635278890005266702205907201085653532853177572914027256554249795358699056883448282223369190508466436881605290807224154039545940360534193969202541697451886027921826877026651103459861217436218357446053290344971961195285568213186694
25004233302771.689311409877314395772344693921441579818920023364326916715580096149818952363026718792378679733897060881627046748967099094246850707477150807698565466226655077448941845994394640247151057251251770322577922047030651149908065250443714019402542276349679998403845959284209990022558751784173493291421808
-24340173511057.8423818657427228393707892805405058822485301853045727811168148634354100304757570134202707413811319789339415979288698277037637615313610267929061786948522846443851593934367879096247367704805341354927372796892402424971261876497620474048159000336209548171775526690044135333379056369863079428206449382
20029624214703.6707582783081616775271706996676237962662705219457260610023812717898358563877536563626325119515742229542676833072704183861770118239390072601561763507167546420490509557589538303760891591190663795989349221252547235989432058302835068588075070785775362609202431599317686677646114146710752411515869279
-12393159653911.664726018561336567907302845713921169413195280995430761340524590119915328503954103392548775181751016820289862131471904208280459935747712377578653817218220264024465772054172255681030757601799149580468219483751337194297164383217678444001703301779382741904221336728911282540604335116244070380928925
4327017861687.329055091439586127059546527944083522405008381522138575232320226861066865866139278202132610503010935624452329947598309214059812619314366190705199863158029637087552029709941052109125429647508818277362792500243390888607269277363040583708579637854716639518491300553509518872648169296864445534473113
