19 1
8354815673836.61187986889968878420538668752548659819100669179536825838953482055378948977332325323083267208003387176871822129673762904872674738931728893569934365936452931852764841128112808529320237055671585722758115730791204250400711090100386323230785546559605620607547371774451376190919091846146740143331544679
-12651740581508.0083633122525400094136298437126449413224587691921837820916809512092331248600406942330823050730652824152349639240550981573584633391372758662556103432221106232711621459882879410443128680894380846983521995657459823128080170977662985787682031606068024964137951493444197005254627284793963150327381866
7737280910364.95620140938051231592473949903002743241507083497318231135897781549415272815322188917024516105621532247463817008904560563720020853983034390251354565876111359968539585825563738142458810498856815726692345528350228521722579317220960384412734318882341177906190627018452378923818082241134073922610237092
-6613206853064.5905943663261073322107362504139782899546615921105021143110822034925613692247997610231812422555324308942061005525094399018691992271660735763068447375522648026785625741001747592005437434909550607608692386019064445666586085466692238222427228399495735910852456496352332806252748835554124797301244375
6352185865278.44252034508695610777475174079443214675648344313425654505581861857564830800774511365538556919936115845610164535874609660036073779131379315922999253240783483361973820480859500807032693018676324494111628645006215106905045423569173964666872845214497816914825166244497955487203808466864300825112626378
-6561400731777.27705979610253868470742250233231345441776729381368998336722694298982760488413403319616313231238932163485350468230731671729082356986240396589577791029702269723347559562932952835900235171268250776648306133428319765896454107185468334324052771606588956009088959754088335921779537160741304526996234205
7150957428560.62669261679440419827009925457519793316918544985299285973892675701504015687522793988845218554865110635224594093279432469924753802735076297248728964134520183013353333939167820121934731272015060706724836271723586207769963444162104910149562277975495538999553848152526697023751727621970536472753133838
-8125077976487.43030184263203957658348490004083960876415634637948366064169998841341364850329763369899863790827586504511892404574899192018740465200053792804492139845140484991556959733541715991973714671259924273136361573093649081926077899398376139706272819689077963580035456675289718855384348370784213294291149595
9531079695484.83934362103825714304272506445723855321806033703112973776241141282005877070664168927133253195316783373257911939719605751597970952229239755289435308420204802244378034824675382034144538956461443942329126090018536392856672412045682969106978455501102082021546124086164278611791862022036706515801247574
-11432939368162.0908947193713635060345778434711189469341082310131189677182116020060526903123604155461696339106650861614480436495286414960548065276137039551116753162969422118138940509640623266374137393185526102451397079810362968236209837144240507257483625635134736292104808831207190314144307849227240519987824723
13877739558939.0382638046425940226601886826994609540137231389243706039748154295035783017462611837674724234719160785389116740903232855042672925121219068020571549770365460420847789207030279643285737595555733931689197190851493732423607398079176519415762310679809123585420203491630183633781203376682450301735819072
-16835919976309.3955113186570748020389949083818845289875855725939388512108986163230221923258125049586323825378338937452710049257042140773220149985752447800260044418915594539684126425282878650217910872756711612772477294950280883765363117516507537302854592843654271704542038821592232273628017721955047961849592485
20099981006733.9080128852827453285134825968412094806377313392797315491144134827189249137761821334132442345166398497686280781280804198284947330502231495039685558328960468110012918263697541097271985951631216500235740945791467976019727043076376596258574629823509581195148356857432751328926442591402140372357097503
-23143628804818.9980972165659621785188172169663554288483559761091761436551190127805683032944566360707403219615188603114843666297813077016231212987895173529740174999571878825782073895724163257229603499512121199519742084420566696972960867173984894130174413204110405484614802362051198272375620488277045960795485832
25000079463771.4009241324982448182854584368580842836569256374671014333470877889289048044726562640785299997907770277552452392052725926486826807615699124339829784789493555174018332341758299368910821352888837682753695832238889140126261220569645764361058523199448195286788494021352790716514276217985805117679347107
-24336131261436.2411856649485041045436021465935762250247812626917226829772559156649749451955189932057240063881122965660659805475272655461914081789500698078414957868213653458131241801237661723676974920597499557314676853055893350187262171206470329620109473609481772455059871830248295282455932059486903002764884195
20026299096942.7131606470094090328790974430121688634497841180244051317912874145192075304941884337953173897016511674313211558759837304237297155289079891163056634504638312931706525306304172447155083085831246886909681889417885526800670863011280329166168125349619298427003404628617668131512616831697245688928237763
-12391103220682.0087892411142157907313372865074590922182324515100905352665097618276857040315937883550599151377201775639846566338220486374983849923293484537260676049343146750824462612121339231932614170490036695174248821694323498930675554393450254452923519997796472311464672193320214365035155695891220820814364877
4326300280888.5583170624749772097192232860958768412372749188773078493104458041983596580843013299751814536160617500796370464333260882524068508318661065936911893901097601642881508017793714224779104444520910949515682045886235069487958496991089745375107705227715755748562264216098508989531978930444536481834561667
