19 1
8354274840248.54632818426449369169687872392649845413858336534671050247456619411319881382680130397312804296566413152423757867624676733645511275686628876713662156000620848434681119846619866609688109088037965234996553604266688653968588300711724668174728377604356923390647836118100122004734075612853940656790338204
-12650921595890.3035511474530411355407442018197559254885362559229307288806487704264439142992623374262784448672782108810171656324755646598288617483009893705843338658364991564549728470326509325270709929505266731657446586965535068190956267728171782293324892226981951968652312356063526613287853303241550177789225419
7736780059309.96718759647374290128309635741776793522111571328060936961213927553352351154610287316216774518504925841152496354998953500550234944218572355650261141576519269905438933601392538917236097882840644258337286472000740337812912861223893556959545032578313418135672860089756719605279485378369975263928263016
-6612778774607.59614450558374009734690342049147265477423191067433575177987962101427403415479547191743918079726822183322264029545204223214415487853775135648528852160318073562685940278750496083025750524322177128906499117195093069947397579766019460621061291034608789096432221920107090159666998874884086975261530236
6351774696812.65291842446242716249696309964257577698871354355296893815337973028992276069191589556192422321989415966799371616156547762879244508052657868046572968836194225356392796142741920133258676022820470292244620064879674967074928364355995154410623184831109537224119708073761316682540772930432431244686927754
-6560976039428.51958639881120209376389953173565040561772527122198781461979332709814627268817227055660073369569053744318915333956595716466439231752979161972550864119716892377133166395758572075876631803742325082918460376575743005100125960769604066827638877574514506363616403388931803648351795113567158550870341341
7150494603113.72494730617253488759788102153540198669024177458471690190790468212636720727240353992516436607789903071693912365773890686003193874097629960779061077205990817670854544353994031110045439052993042673044316529492293251027481035947218024436627409738675039881451730422269683389232607773517027502558145006
-8124552140957.29440824387157840000711846578344876214259189281655716140785512163266729842152497470826072964961372388541834921748644645301350179311483327280552675934186087388635592263142631801493381504325515688373881644231687934442378151947197275182028278702530673649698323001462466323430788083325734127471388507
9530462920616.37150032304846242481050103921742673630281305526718106940069053268760411017312226225813503440603166165409151932858832521984833944675609884345047875937181281326658993149752611571757597520316866954824290499259711159791038310520534186395436727261151551798827357301116697152382953904642387077338611274
-11432199598312.5464674499163477087527267436352116285842491073859802772998813592621812633993111353281413865267923055572003776010634057568368692730840197035100660604666529425375724508976714249513809101208453245012293429499053877450378725127725895815331361220052863927414585728953876798776581672171338162561977222
13876841712469.4605086833944352247255459030809919367017566927821011568586789849394000769327265662201022592960111325109213725837416969069582833218794718179464517113164852314814284926882086020200631942273388692445938147739574082276271243287385279603879615097138389165982159499206650707460195677655957268294944015
-16834830911615.7584960412377035470956364020968535488081303415771878936584913373445034195987790398095911818942052992838986262765809876461175377590553647263994390201819889013493225929487445131894038332356595676912812661322083990999355479647194089425399525339710325560156790500743163683519646764184814575584164039
20098681038728.0849822250602565211593575143847590882555927054252421232341160516038340810765231777007480901694815524577976011809480455129365297284338323330215005235591045215248798114198838730632760129939191401731464189485657807264135868734102470445978102163593001584195244975928438813218220948487059548530798091
-23142132318360.0245653597590255564094204031700619835259420400619387174781739013663274929615964754036936140043268892504864321227273020281308103488157736150381996751738116052611272968744345128369891563155979045346507730320586016658469973775038659607737727925221762743413263937688583583946339185915537162240184192
24998463365253.4280161721719324170125629580198958685599117964360878142673026869342881103191426468940740938067908964674424614995650959438487512096886863192535846830760008982156078229846824689988501422138923183832327031544876844187748332625876282089465708812860558562948317868209725310270468833987456979601563335
-24334558584314.6484246551507650899250113685488979363759818784941609887452825016504176889236860113643023508338183369401677844293367732587552272459740320553038265071313796276953600525799783485053970383794328615143612066547313597248481885772972128513847890151910504264121557508260402929856232223275778573307547505
20025005434502.8124108707455753131523005834109143627419131598151099516384266290154171160370687723271271458802874819204037768730510622370201781225956244290099487683748243233109504404594917575993952622216781759626859507889674182158300466810665432856755078205795871502791784669038632148954451723796146066077412303
-12390303156219.6087230460206980399123926124713277463704620760465518251257077002491958166638961656699583052000326133925935578988201443613404228352181471126367787781016165936249879196351080442850931049471256732638045558658692297472324929722866275790712235417635289346857329965074348196422553619607770802765647575
4326021106209.85432216316528104356131445475382666445523794200310450424020988747976762860329896548178725816980636783098361164056707744564483827999944660032539896795316830034030911976158740882067991015335005732732700494078961354667317696675265823903865787155226261174499257659351596924651423058206086990552328211
