19 1
8349607980706.56853263617569532873611518055180856035781157004516085016140080957166199206387736177465060889898166755099947985247254093326636048898621344462736410762645856981067577531611321542998567075697761726626348497019258961813051402044965567168336013304668468758307313837660870890169003972642488060177244066
-12643854559182.4326599994670392825838560606222889689391012058649231655079204667203918497087511116335213782076136680728124402249630237711506433247079645069930350264436366780276451496702350680701069291188377517423655623970474842134437864076725979128899230151645412552203998128663850780854925388188310407269647277
7732458207970.10335495863470553154545667197334350460665298171363762114974168599162540596285441064694964672840622600686471616343062770612678355303928436429411847713035410308333800131953078699558967618087219459115113506319515287559153224891297371634514300053927532888416552761648753836112144658830842349832194128
-6609084877472.9165262800856264315320232263787933616981096442493593546383231314426172937103063728203205380939826776732582077757787505305735711863263494735931654955777153834149239451836250356926062540290791549208276181536869823309582067920123038361504720602121583292650412214142207748110369608747760617121887693
6348226714168.14781930364266538039275420788269125953974489146410832444406418215778764457971845890290089135196064215915212790642820138284780978919413350609466358866440905138578700067483189740360019547747804938734929501039924789818736880751987024024121582355381632156318883998936089375353856743681702319758050695
-6557311356217.81380191978056682774445310615663368581500993649889755570654728189181627390801690069986771872120028948311097350886740404525293886530919804276834071020640816996606876744499895136950878899791774724823704748402845129372296318535937996521578106793547661991569624570010257139191095098946157484142275115
7146500866039.53767809892174582547318808198326092512706493665398113308577825994579964160046895731837873430909252549397277794329902654284846963215651570914375636930527075938170989317731471020330271549101453802806160385907705781071964496432477805808698439118383671299468659746020034227277019269977694350469610335
-8120014685813.40295102320511357670119349966595705738698984240196837057268808079742539348905604574779136556614358048029600473844699455506295903329279392473628925677612258305967643665937021977066721167087652180764654093741016504575538108272417325314357217964659331397593713420654187056825059567980729546509247284
9525140746774.70065270721017604533414774184430068876972438852682830294919949897163673277722806137715115016389376867624484891995137171452982204150535827225500028474003339764119360092181156024440683563633564648423173845903379068536313826461282035253964281016533738273082649771723532754565668085902022598614549954
-11425816100619.0453881543094574608757600441750372178876336286222168220294269327314356144322971901976679011862398951811651774677907458448717899591076259792061426790244077674496985475452817166463607049327651867879054709899827576468784844356939717840227043483668919966001175961871032810491481242465144833373010454
13869094179879.3511645071154159987710687055657018549581049020504599565964569488756574616115497471108579062555641405923975146331948624211069000330401238024693367087364285098147753375007110035058845736977954301648625038529984383437829739727512180805057274494740192278511362149744275888262779634196499535336985183
-16825433382700.8776982084972883660742697571538170797081129772718731710582065641004399958691378244679730651215276836892123577607445600884130869297876008842840495220721330690918313449033105414273839620277841100081672076427236272896363905095350905367454575408006508975395117998041564554160208936718082655893392194
20087463683033.0456806450036754194568919858704653564309444163874487176013941669608720432076910535444180120479136311920953190109342813821728995036303065983161634682947342529173129603745200051214175259317289319619080947387390281500275180022097925242875795716748106523200773009128224669041993281249738075988587839
-23129219312311.0496548027860777358603010578321577520304249433778256447144468071937845311332476317699174778206400644849601736146945001671409497616538837886625487546017437739799491470380521111213187896321755604855480196985655977958726377446585169200500669650722434183906457928992328918696243496958015661469703976
24984518393032.1136885045782686921268197174432797182711055932271550905183024223108994610282782194229430797680514792278765068847918127592884397206299710175948664650453936046709317642698232602157960826825004647011202558782194536034621996153512328683052919366748549109679702171034180960447727835798075926867568184
-24320988496083.8343782694743196488543050921872180821796973433099487192108447187624376046720432481385569447284940698752600954364878274504080500763486337970684658047994202569834397204531093583078292812388576090166656408349343326400997023532908696515593679882454117894018497446419894419850686232179249713258365299
20013843109333.9938455515488211182293923337796436773702638836357094636242887631699517413897672535648145395473637002216799406611234611969027058625886083545910508312761958706236547238550046885534808238890150300349710536879502969369335274855511979609031725544317049443009082542933485011760559484486866039474249067
-12383400033850.1492818492342329120101681940570314982953892629794583649744232991667959417577570388282161697972533421043475772619307630183979740647396093356986047295107314382858643677995633264774648534202652824939458639293632866202889743040482498070188616984943897978805655349414417886080619389127357564598087409
4323612431996.25476127656184204347582545716285900561317021253616719068781174676623375494994928414972647182876535240325119416507333441576166251768687530059211514158539173893420660601653110497874244530807741054258338826512404982356286200398385347813718218558356260673400820610811979844962593732486632772560040108
