19 1
8362284845316.98480680728275959504246363058979485410275256107891659360969938622119716297551735256259060598517002057500093885212837622029298205409739276067934836534271349071814359778610669691232695275634653323141040543286343808927178303301909061483364465818520073160041708327393115968143580541173129893554663785
-12663051165363.2170296940807523634131786700680763465491998378828787599268773903093905397024873847226402269278424330367565069160935385218564555018127259111427869843615810017938274889980902019845084417188480321329742252453537048127748173994620347688268819641366698124784181390199959493079008188219151769738572204
7744197898837.51574882523254620838815585933589184599060922967890037310076109050650958340874727365644632419762796906678030237396546418360679329383171939174435285582363155995933449682697870336611929241926184732631780568347233016612152878093279489962766692220930509307584763986941479817178827152008984260243905167
-6619118811695.09234689924706558439994044835715580689334258597285947202611783709711073272515584133182382280619851618536099810792411516674727782483710035141161442847273986366809923300550618358590863213122159869719019968617452187077595222854559453358309195544522919159900592028960338594728262579418971136916603884
6357864281307.794246070784893283163221891127790989659092579816620693150984421268103298036745678706574223852582039653521210930478844557308792608933764238959308906662664273876486170423028651620218899500228900332574423278223101919214486006659611256412895344976574075406311725117918457666987350237495538649487504
-6567265908147.06355326178799002973500865580777365668168754248167613402843514987722353373914346671164881967984465450611765910600919678159385878189478177939747570162255544234416228583509140406453268355331139248384871360837487824910254630320546220085190259901056560074428316874734573644634264921125020313198013195
7157349227263.09943121957061341025499771249732947595571123348337414480485620629716026126249530717945196456932831791391151532651368388844576435515688691691029429006577107113948329064903018531061089833194052788318612933242952597906990255700864515693351054811290468088098654017568535876284605826107661803526672896
-8132339955331.97497941069183736399255310248390236251142921725894264603113927160055216299828420913901664170982964832738614751080418845669076219922094952109270491415905835647633278526455375887668983076110976196900725301578444810768091160805588797347842311217609101241669286681641033025113308095258280444738708963
9539597566234.51575538823851965565669162253882468855065250798218756061181854258427940693099300064141808276408369544027424656888040311389616314788990528740885725742245407262092597197764898437035902633390774128228008524071514542352401025715733435975965064009290723038039952022859517082111658608227429673651074624
-11443155830547.4396029365813951462267696097331673854186352119953243770500080610037714854366085335547061140667276419899861391049456866210993509524978420273714530964460481232510624206732271546680692262070023465801114802737737941501455936654163758807558280077347036286685565927601777214655369479208610810301103325
13890139108861.6463056675060951954760773858115419097239672287717811253396174113152908982688456885154795706902523841182281731731205679816129941726728867626471988691432569392385693401279135954082303777363406994424683410372392401645472071558231174895967201489200296950946866660678192920532789529869332960548507007
-16850960328868.6509199373126172026354628810048113152932675980038460910829248075031796083913413689570831838904438105539593172334457156996040058252597532076832683683755063827088711417155800885381824169974623254435840765577775805026568063187243247218151388378623503702391236078666578310122903934451453068812064757
20117934060025.8237258309602463049072541347758208108848572654342956011513324889319579284815880112239553478408035252204584923401893820889259410911823408296052598656595844062768611541350153916430766844431350459622615806304138674364661837075285626326992443593389941412009504510286977748785187870855651789370052446
-23164295969435.2975061755864218345709508648143785851751205396067110958735306678751789278299502588848066337098960917042599172460759653377710518652129594710595985767204168803761497774154291143802209909993523094544541423148094405102977998761718103855069642175224591917509059530804788630274442161185338706801443762
25022398731621.7408922899136623460098661603113343791178959670489276851894475955843068160106057751006802818368001850024809393308318965466806851899305649921689746002196626163049534966206510756541927963307599231938230887404793333729211472447205184122053111451285545720683488105335444135583687936487910554009405637
-24357851160359.6088029872738098991351886617053020130355887470426593011472158735393930870428177112230037322214380007209203121560512632010836402031138902966184143489292594403894891761145691211812077403539028746229424491213572929354551921975002136263911924699887942057660257290906602879835774004569856111811226321
20044165956435.7750579877522732699820123235476483588399588179319303356818631112117348591682486489406898103787531689673160296526574859743188045078450272372387885744669471368078945825699695286366254595214900266720763164697473822224046165735064535611600335531715361035447242943671995966440338999440111714527332127
-12402153297743.9012620987194734087696707285724530593351595483616791514454416326869957517549460805814202415662705803500326508565107554003135928775291652154791215769813274281744382618378353225205620781123314929057650139528482681973373723740077689180532266592848836109385594764654671303331749269056363417908605163
4330156266698.78564670360652217162393293220930099151864153598346137674207063786232548886707541234848510020857017488468724151083369390789591462999759710036857698120863922603530560438722469214955943149076608955960392568711690162304883986288120290661289304478756000178379186199458735094506493265493964460093034889
