19 1
8348651807233.00905081577952698604473102725365937944064777851878346688221291045283255610019351778789663476611973859891251771865456352525597846590533332693089964371768251510924901279689787374303129683146365422196024529881772853960789242142580376218675466702974216846290534304748298941499774218259644150164210768
-12642406623455.4820680517725459751156349636459874018577351668330877715230921395770809019345005358315658623574470964436857106269131594174274935576020900253406530158806490760208086500807494105073477823416597831287319986790278699505840187240829516484803100900952947457664165876837200581002520121153903995584156388
7731572721552.12918833852851436440864530218269818439587690730244374697289410996286066344872090730370914766483091984646869491115622045450617196118012594875810357961722015751117347376812053161133516528197348331438078525098713567578285797155024233704764755772539397260664068748372852913224890302262083624217510032
-6608328049829.87431245419851173547599517355487267547318212869618639666407715688809094454135611840955477976019567852777826801136474530525054343122050338630864825628935331549218738247750788951831276279697765077156569273219974334615985926996860770718119016495965551166561694401578638053046900170190538025605927851
6347499782112.50792504304250486079753462668949058983118476953097479965548414154297683116875148855340061626654556066252152391991346307251243654973351183253856620104874194770644987816830920132661726524086704523016083958711563688453078885856652545876544566400158834783643176785109319400436076270405317344679890459
-6556560513604.93580130559739127446743705750838832594139019416436256549231185586283860382255634762366804508530616683719482628316701376878544241222442671445413762881021375009794738654918999051818668870630269717580568717507356386467806372058170037944141857094245666132551031750506963814908591398890621144394380995
7145682604936.04308735250183986313205520427526866815593946782153900505409333629017536303010219651989954512348220677468931875957379891965775984006667145405349783845302264177610954508612646182765752639592110891606908570808100748924356305036139995121023833192238288283731435324468678920864174681355508906736095062
-8119085024879.51708204254794732489910746504681009758643063126334050516678464438564755476023228416071725868777402573252009659070480502798015858691276709581152243942748866419408162899829957651764900991953913297798762058725759584051799620055021372344052951131354090231861853581508893574959203981696841153143771774
9524050309412.5062776520425467063385319699669525175274216710556651977772381544293209692177484092520051847073106729829175520607298281980386562637105668114966835851919437938348419498798944700144382332378176008219932758620375222303339663979255977993314252866623710690352167151264721472866405543997536192592303094
-11424508216298.7695729574418590064932744371976078281576124002377307752596145444138442516536130922910252010971896944258636488171314507319750451647576361552341476495581815806453533545490168184719516658526992188712086852694558428040936934488218867303853997626581740846856907253783643341512003882993580013339602062
13867506831333.6843715191116728479792634680405095784312606739801928336837812766602798302002041011800939276981903884255016116726804344045840088509353692460338734273981814279256623788731727073702776876260636905674073009312185640494399371381664361116420652659939975012510198821115981820284933499410258887354071437
-16823507987468.3911965158218032624082914278427501472286035818833727587254024442881592213562184695028365870342436391012506049113893038588181442465385008988098719389056842945075452022503755259338868192799970709129259665234235754677601907430994960209602432102048882892573365569824818866350326875743860378105396626
20085165456707.176949212236411063586880394842268167964092020854292962231886274763329332201293768970581905388723566093364375543122465349177690457825470643198545362298524397862500967823460732403837483344069321970637463336105131495367812034136663164348239650855071567834118898713993319162872872936473974369126663
-23126573712858.1661981175069178746504569703115915189019584744757786934198436822835360701400019909362131510271193161712953261626273930251453799968493931867914794479200356208604985810596560207900947738809262796270677787222483204922019954979555653820491580498809389937011943573864281445002139505759669694630235862
24981661416736.2502557122685901418478216854636702829537942132074690230603555604442102006760763804334429046142707668881077441679143320413792643536787496818099955234780202353309145792562981557985414798275683165563887497850051721939050686956382991400353366161006442620590811502259354423066571792743497350666607707
-24318208392373.5507100418980945744359927797378100558377597934733179744627438395073196973102007387507907699511487703313297105552620415066031473870446867694651829881758462230104359393503803210247512623735918890478096876854578581454918536795766135478289628832136066559529680072406654480351218780076884932388105228
20011556360708.208864270522841310418969066928732557075514753948087745148667703030362783559408243734295682576241101280254943089479738840182386748062602323186513191310777508005664046892392247611408838703704088776045856543389384431512005274959102013830067990266150687224834078499226718764898004320481384375398765
-12381985903684.9574144759001004744131738709170732961360781047259324500174946638491585011314095537391721440836767503895180109236383907573635206777478566949510510023322426100787811878249380000538377708410456430045390113167394412480365540495215869033176564804624044590548073366062618182268103864115432255359764787
4323119037744.55614663066892672748562519859836521359410497019291178840160561489369564055787675738536022499644143024106461459092154730230218044130646730256481575975346859890449111376541876884151157211835183884253868441045142587528813148473580231245091577803360586900966752050364449092184457719625661570896269361
