19 1
8347856821263.99080552512884776799046616507516957185880993553618263230968871462988407541614496959959765336308027775497388435375684896681802667931952053630930093487052409623485988798805501996025580915624218480124035133372884245179530444960566326026135490068892341453275219486754841022116672867893646858648805822
-12641202774393.9663850362169316333662970607361549523197276604027078678669273307651988177578969141123417416054635230881760518785362118425901718098491699413619421238939911700332779774453731425599807990941554374043126574676105966392652160590787020297477345324493178256776055518638447960591167095131784101284700095
7730836506509.37476928678859982506097291886487389200986861739758867701948514378324136118936196888090215233106883761378273488435893985689756832556737603496505386048680161840286099764446774535801960403896762745931442845198838195621864425130230411542948157818875481389980296739282225964848034651883322107151810769
-6607698804863.04892347839973429018542717969007983631558912715275286182028187340618534669129659377279292247783386432835876020880659289646017898889431822157505579621211363666143766534238892026836156606028698833282483291460122694164204839126330379477393930988007941661512680519526866587237536236273636639085291804
6346895393106.22959162161722916237194505711534257213015053611599967908573031489372316615626348379267165868933039346397732084783026695991352465390400647014642079765049369200353453576260054794939178465434863122077248003136493445456097795137726795632164308769335643600305886851408762049997509556712515492911947336
-6555936244868.56125949759250321337744624422238235712926232514526408313780801394487607668898888719176962838897215150304065964889151891544394676344690055461979251558602058257814915376511083287301813475369742014929516060332967005418768751542069226449969487415319943006190423208446167592496622212494505995449636877
7145002283095.85829692075850046689995189897418059002469255082773339200676417182852813005478657569736634776578670826691228841906804566104616594031221487475126318496383756957423962255507968167193086111256393695151963904255702549313317445768966925126213631450359499426095566736600843991647940136129991375479595466
-8118312083037.91352148038181681135120531387968490792314315492637428160090325628011120252918444686262293408956486536386190874770941723273368111112334204549716072790105642679092467859343937844909091389694007697790842213683130472670814100864797792787774585041400367050318086383423882142990942595752120621208543831
9523143695252.25219255694723685300310833752289163356720883673589138358830766265021729848203419085313271303092074506326465439343877038313846673721265376218295474324751075181521781316649255958963554964779335741739671533531677963579340759132413080654832347410575723933064793601443537557492957397283268338469304095
-11423420813594.7602337379797144638337650006389347587920981929989554849357100261429961603147109111973437369271735129498462136116850860807607724079795613625810080590026207036587613444260967710543026407399946039513920341071059420975359372966139362755695083288556198079735402736755449255023195867969695481165984865
13866187079311.9550557789074300612662939295617544725688182379394904627613381339357749410237769930784793379286360853685001645912619135830580030251941391750428970081817802869748489749367532173311600806444456022575761502300392905272199869721732357088742462453408916805777953665765079087976669489710474044324936557
-16821907182387.5779112831234901378512779096583926126598677540662148583419021242686260632640200456232422828894989618330379278932526468358330932038352283202057928022467535998846409325058820174333847873099975835753123168108079993760870797048579738589176988117275985127035778017554407961568907728541447094543258263
20083254682814.5122744506976092309574680340380324808268999355215192323396891462189238122312597019020488332033992173561213683703212862107891513757548336415907517873700330908217035615364389240017377828633742546064515621125015717840247304326054001743965570747070042785779357056662316005979188253937562504679052944
-23124374142897.9722316659651370804287019566286431582823102138738966378764189467474210712706104000480428394550709859980070299184650474090938155818650471640286892349436573878295900997763127336804751217302804635013051071635782841934669977288286755451874118449652164146631104268176918910163980710033117758990034642
24979286127431.5317893582286714069865325069497105092624381421231598241611100939475086533077266976590183849894523054324468034504211297288291794717560571074420812178750476869800377109174258900167090458224853233058559555870524562988884766636150793313137252631042585256262343679359824170934688052969914061861903243
-24315897042180.7543494476694997498486421130666194095311098203704893932282449182586612924899137675503989633946918521794355839414336221706814646501018750885553984391765966659624426659327313729049767231981387388796516102457096176637940987655296630756688152491789050630398865221501083509336350991468772053775937483
20009655211069.904946294814118403066182819260742502050659462628363833035261734682236625830952630279148109766005475469392464762421262031845061612598090097117566204513507016799310302196933484667678441765867284960444729079621628557156441603353418805526018610001517410333756178538175975728169853194341537206765231
-12380810253861.5211387645540663510089280107800023857159622816509328255901722697073778454608949301670931736749173272546324139130033947824305010162426392988813454768298721512815931465684100453720469053015231127206613678042416616327201151772438454845189872676535072562732370822337395263552224098474858957316412044
4322708862054.752495507567297764221665656137620978013558595189986811379682202855258349167551133994379772369791874125482566403132637916156062452763096009330677449410414827933233787975445881880193702389213856135822919667424800160206447465311748788813253872927988453416920156068921368094356283267564186202669993
