19 1
8346146686124.96032214368971643438752507003529665459189465344983201229658793916019169704149980442390136390650827454487124167527637792446725387766441654634379242659705541247859139358715676258700848334568319359226185899255542462681473677202658594137704181070855968543408198996718247486812449434088467722608523384
-12638613113109.5276511941759846460424645755413132056932019708629537112920051392448130571032415562616576658913532435050570202111425297777884542179904605152725223849240334182922443473438704727638275565870752462885972483728465109744599958848645537862412854544776017506856304143229388599388984456027665592435442393
7729252796621.74355340451015660594654420388832868649145817514481218709659213404141428984973321069643264476299596432617385320058669348612495859724350829966702182374954629512783070235027525982170802963330347566473456177946385004715123113490387778343250723212367970741278819228468455570181235869767632218846350505
-6606345204112.01606946404771052985002359068331578458708454290867581375048280192590663802157551644061620639481263119666764586737869612850854730633389828240365031211184207380420219545227052082035869041017136887052308633062666942784875137372643315388415181554324099411889253555056195229177889987203565251349028247
6345595261726.50705670812960440363123038873219324828260371099861894316801681840112310352374372480145871410247625009574047480542064439479946954525913425310621773753522140939891754059432495414009151022987218307395365101563096799601069938834024803690756009967669085150939312996332649244080461891844216869175328511
-6554593349973.7459703550628846196430070600198018142444574968423480622864518059478294622269449397060682653857256952290499675713371818281915477670533077958682505334196783945458323474166417150269275192587626657124319343329862275339409336730357557221551670084288038869920662926410191168985641669608203584919724264
7143538811233.92588361203221794305017849590305720551201106569320836120758238880306482488665867732132289135067751331417993110062651889085546076124955784570257453257215431694744620122025328591667101492549341529501755097076532391572592068146335164253381110978499536520159886558791340149178130690537388576789029599
-8116649374662.6561384413092359519400318394570121365964429751225064964871539441073925983884442290213035145111537857985922782162454691328999198389510330384699142809995195247451002369339712603123430805210714337246448037613072379789140781863687778376078986023570751328033492731042782594254740096873839383663751731
9521193443489.84413368397728080141083839372600363548677283855692778605829727223741819837277874160760598821610392711165087100256647321911994585287954223570604168948986198845837223658018894129230357170979710697464047886622855822191804058407674457735685268218755974647965653264843283252210256622880762347053768279
-11421081669213.0484070374353616404839881383367563119265942005659588772621424699037297847717385272035634921948685440302038328133892804292959850211864876147972206947582834178355168457870139535844317583329798606302543104114215037960764807022030772565662335064942031372487369933926799842394942190143936661455329919
13863348135928.9930567095600088530188880407468379444231626981319576375389407847939675478722500618246576740840216000285492112129001262621005266933129893005772926712123690483559804454252787184095624372096176073900226381043726924302126330859671112785981813509149579239895035124171506571568207524347550778727537128
-16818463684863.6494047356144422977221034800177010538669381437124323468495939023263246090346603972806789211244009516600326084184568709926384870152113264601220766797784326807484555306220754920562481083150065085916552048987351519253919285389458427790923292629830844961355857999528602999838591474906363032171877005
20079144449973.558847775037375253606530594034823663207418444643523839799923215057465858441055186563757410850508702504488232639208316186333055333827514475658736889368875146775661591724011755231636679207196691256387729218726859734338158914624065715126826943702662453077319228431937435028966011073185590664707604
-23119642747275.5530259497531760756859619603868677001981071196238087293754284901199089742933768940438322018536721686159909503147544246215481086232582912726193524097649612315581094340059761636146242146913140393885088995842374342634439588907220416944440264087555674615072180020303495668259961328006727368130233574
24974176838501.2218438830292734331157688640002662945937270869638029159087489244208321574112802573265899037169036739907791615424578535808768781842364243829683898376035538305408812944792652770867906559846693240617125627723268411047330504214704134978832135120634877255519509075184934453273688271103652176094727508
-24310925402064.6189578306086140370271468703116262810798960522345248126987158951945432284139311363812062864281524408584496246161377023678940874736293676208651788189411732445584077283503633328182657610370399770526531812440324948243284111701631461398507983434562292184433294354229995443525073537706460186533918225
20005566024671.1612001442094064681884693422503235543979765050431948166473250983196886771185294517720286555405333256541581827395637741342298900602720535478702196791092300632841706533493892070014325700222506472224951173206688936802487103413304688576465780649730058499878087053814081434047645107808723635232743989
-12378281650265.6481817219366186456538602006664292271579532713719785041260228642726887276538093916082533524901412272901794977715499530174140722229968247744793556762234894528554731016447859054989748649057053072102263151829284813045349805127956393472818678142681988800800950489528994487872247160181510331329336592
4321826700126.53312404515557431680419298512780951886687288648091398697600884394917912378066071527495439733597364826815533608329577393030604362935676501334555827834774842473021858524360398348182432419870577205371971301713459949329410600970813390626305401380847366044017422111170043240155881046367396404492360532
