19 1
3.7673925794775744389515085312963688710934640749379080450670209533254925560502555487089544041888698452817758009222776645979409476768230066278590342850793772873788249973897775062196739719385983755648684327564284102791348895656513351101095109697650978546295445577496770842179320304403861637446658623922303759291e-24
-5.70467626657935103703955766230674745252084191514255612490291968213115056741160711257662112871572913859135442165720940340374879278165559045612980050119239730591483020074847963812998501576990273880362113893418353063914291803383145619369687624191482772962502528343666050194239386052011232000173640277050298494561e-24
3.48780790549258568676822271033769967021490991900689803177469261293014897112472301421629492722526984111112517862956280375263615987737001856303054259846692497818026998419048871967352489639002850443049230614377968741016314427438982294211585624024517326601936714971616849461353829670212113576784450742639853256618e-24
-2.97965607499888567251213237199982231124727813324533563662048851160088822603953073394719823009706242585459251436529460773573307576101328266079213544009681850598297365805962912152805413589938791479742838140845684638639930453173409032153959049050231566412725419455736707948698677361570763001101821889730956601257e-24
2.86004389972456087104249385505991962704475158177874251655383280299782839719291284382625328070488977848732344853578944924376150878163845690264799521569554685258283315403242078819404896386489235444352386655779927936159089912274618121995385357028308180829616013991771077394196445997932394662281833492936293820862e-24
-2.95152271019065231224776750300731095325417859887999036719159482937278123806399894836082892101341832120508063819707406598615640758750861587185407899299829295371787728637648262076722177960469073821753465180186807312052058003619440586554060941660297533052177080121878895979943757901521011150605211584121249171758e-24
3.21304648368026105191657765821488686800699560905808078034754009082339161223052487040097552507384794385700903785277040008006832960601425698172885916337285412483547882688100095406975663760168137008576893176980296302380765577380724208370455356129423218678607237718874303247449842825619983966296738062391547634331e-24
-3.64573417690681768064219285187100565139596501512732728796378998746369237491985400550639493035261299306753769327407807288231620430316259205664625585039916918977179340964367473177014741487488185463704814090718910350480667479045747816280493627650933840884858386288482634386000017532803881389067597908215687666805e-24
4.26975952753068301458971089776801159627570496640443858182698079571246112473567580140575165766390924220553092629557961502278047162483932630278767790340427562350656924532533146762538951579341704641664943588109778432826347720940564145856514974113474384272389936041624767271567890133984080033632992387517445714428e-24
-5.11233872486285102377054733174988167272154145504613747347563520260742906612080728855095028638760309252294147116169965027253704164450680992987961905691588748007226407958771974774392540979611372316981883092369590066509118801726104812641692483953151459904652783064913035261884151566466109204738059670817536459692e-24
6.19261757049286423877045505512805750575670842061302604694439159518775879298971211373048718552758334056047396684501684409347403078824307763090902723303847033362730083077200222752483408611931830195550955735801649904220228805374224146887708872015098402357300498331515364850420656427895749615340440547863657506837e-24
-7.49507277947220149209647160529805240603346935143127281033724457543766352254701164634509458835785008187919638618754538440855266215327447889491974591496603450956057622479800291172647737586524573426469071116208798430235841218072919007145271746680719031979692800913405612533878929328826370001951263170060677372669e-24
8.92490073392377571465856077131095319545978110498052203947309677240703555236869966677144644492315578442019226412282458950767943560774193961803719341373636539643835819704847363563784056880643079753626852344937575398448941486220247956693417419332783417539582071870502594283574060723074312256607867628755406508074e-24
-1.02467947135881783158705057575434030328111954529806560211722378955005784692793172173153787660833204314935574639177917963481690423198030817463231462779884640847997407845697992435260009907121181244001637093055184702471395332614168312571297972433842957513171014212839477556747076193504651892205404635333240161679e-23
1.10336896575306340119147733070911086770599201384298026873831772339013390464407818617336824808371707590828583299207258429752739268089629990923204299994332543439714372404090787007567176617796399058733141066254231194708649490196055286580049157299919262764838175958569103779044835390892933028502666533500508568399e-23
-1.07033660531152650025588346614729049899342707107846164561149343535886957357667072859991399331754893675781988741590602881859119078581386721845364269829476880996284389634859981346322004493771823301897119465178984727814558946931124746879735614907685204788251921385169957715990010756443791323085911733924479265542e-23
8.774389330411750644093433066324172377679736208458813366695603323972652560322446040840039343502749538088025599219483750718295100684922437914060777127085654120758170187451230400744674876751918943778488289235150616226590561676014686374800403558281900704702710568054329225634268652095342645208777088549428681642e-24
-5.4065561063642781487179979509433584874315300005747901968690344755828599523591433669037098214179291117090883104564774886607476148061419189841375644057782506546119025199948569376555904198291715011818007298034034264285405122045483253833540081684657025501938817496982355403491340197686996386564751174916048390255e-24
1.87912467682007744358051291936288644670968185553622496772374245074649828486105722955050228681262538104562819196854004342139485088818547478572672445947311716394125575682868597062129310967109931395870008731126900088281057463789507871190788177579493002659147702422997594469194687106058236501403903185273549149181e-24
