19 1
1.93904460762087823720329863063916923476493870967216181121782190517924177763504168496921029231302713933212328540407596974510622598876732839951264743570565721780599135844713674127810158644132967130876666901833711972061839232292535286615701574774373860059646180297472883652319773668629978475008011738600993576745e-23
-2.93614709926771488656999552181706880818866014490277921577613740635318881978202443774007182026852071384424434268846371733035468083630516861335934588839741588913105386071854571500092025411707536048590672423526474557217717453346953655705544046266081816080480805909440195752519555650953740893009401426957543380457e-23
1.79514189575391139291894447009847076158176023996983734466530167493626389107158108942257911313149710010581642526219769433412816935369165787641351549513407254962134002044874019242552262215950559493175048502511704820030101122376323367687852325401531506839327024422165106945093168231738727991316924631830361143049e-23
-1.53359724005766710016364685444050275939901219959734221395160322367781683397704141415927771264536205310821376768448848447664921488838970922233966277182548510894664971057433663772403538467531138355935514752921832857802012937525213572860990320792604346205118785348437677772264399516878424242188471564608860833239e-23
1.47202900851571077375926320977150938464476216030724811450744129234877504613145725687321841502438411870476983738723505845183051785087704704867237668237694364956016364818539812575736494616593039048656210376593553582753128191035020164986408310634587137664586654887673061606816693880491480374217140934081268468894e-23
-1.51910510539301044432985273817896500243208486336654974310174538423253691693464266957904659112986432258843173304351149786159766881266328965324915969538636875900533150431367795891254211738271198847918764992357338192953855913777520945039689510932623886074720085941239697945395124697638149519058441392915990077371e-23
1.65369823459350493078731006001838132391568280535629318972995100061016840441660243764616355970947644344709027194434397310715521492106843936063854768829232135153831359022942639062610709799101021217923582035031146094280364160751866378210090488358498875148079846593677142240593278894144998735515870291868414459875e-23
-1.87638239188535971884864269698604444191301122816035562436103014700284685250070641325838505983989349867312655395674260342511133410127649858437238676184752943099331623493112101295575300397093536872503006772098377868240037763222942316621033498310629828616982721989289810065165626590483132207196164148576268317449e-23
2.19753801009723389664425868423596393274671061842658907734103995634020695747189008333347833330691027503096708081682896034966470427746534532996893212059116687755127576607501467038558053126527758558041417742713299604788913979747046687256714080387788963589627503117183132395931558791489429904579607884864682155891e-23
-2.63116913008731885824145358907449766831100625566805209152057513676052049171554096889476939751892459588325848403418185554211215391757711708498821111228039486859941741112204418420527731967569246061278363061120418525371619812883702282999624663670556383439710489244632383040328044257378174464614554554177615034977e-23
3.18712505659992229402715564639300967649685266083689905047829043947368813508571474357918715114075193275888703373301497081221624415471019827728626227398931347820692976165601112322797683970154180878360082343789563887842141896336565630143190378599367705722617098012134152754224286055340579553217663860526967970682e-23
-3.85741116004429049000656962726191094469334128113759139837952656174920770695826511271577496499442703137053783358814082610766352491317220033113268070679453898117263992873295905221992026703047687166689414420701655235634080449952324202351967431623744139287187575231341392272620405448480486503686433698083613612278e-23
4.59323051540529946354689540113444930037210507483644762942030026953136864957108975906870595576120302569704439636343849900334224531939892454136818300954711969806423760568451682975243678178604474073320233299634864643008053683251619423784080488603862225390510163443702332694646728613183069880205572635123895409678e-23
-5.27347857036403050772588723351263758901567750771073618935398326001779383398791300094198480173191179303809879040709559563193805023606077479265758397993781535843358326291117460799531874005718927649630154050167178739251250273786809578123424560165553152164939330312224583097591316221294857261961107641172630613957e-23
5.67837083633700620450607818439068432467907456802469328102315858846666389318854904711464280620908309650565938477725295138698002395803998426247085235140422456460972957118909382940438428479257374114898851374141701731484549014993849260028920894900474804006255361012777257301188159532494404016535573449664915137127e-23
-5.50828923322294056722824013759071430394985278516807785183919783493917152216013697247222578384481601877502817163997185319739509725463623101698626391123332417943646551884080869402833061521328135013647595731339044788431881080250231631653987903862865912997161622484353679963634647344285878313566874946039448449567e-23
4.51550329188590627551471035606096267198117487791369772167344905744643459998526852972307828219000881083553824937360196960478856051639935854285107271399999440941584257694981087122380361611062629748570380720293047982792938543428029532908727407869366646547138808150037899542724188504405806532040625140648236412086e-23
-2.78229012785293521857224716779005285307877201734905021919020779884978442686802411571342441837939382314652039084731656814691048811574470841365605556150957052414038271721613969071580263947703448777978985494814369201980630001564370422982967762089038029612643576971961096023021646259089999244372738493059490279017e-23
9.6700621988894913746534490312249621783424173478876840052042781651490505481811062996359263117452185175142211673088944313195575414896683513335344022815089995896163432482486919590969474520848045733492637391369387574765319724964050101221500709779994561911528782914649888231684249814110308323695268487813879739555e-24
