19 1
8342552056985.45718373228609252407279930526694539045676054296902614320929016687210320583613679331027297486846661207342158792094075353264714533314547366041129859458207488421138387802508994572983306823111795159239100662921123056079818489694600481058803574245461136339059294243670955408705112552250910707559965709
-12633169761683.6298993544878436350583875015695372488779179159479288965375408935951825702661106229670481033285189782249464094774309368128774569173684558724140525409006459949577170146862306241301860536981267126344619052423223843037786630671533629593539017840247954863221814457605301597888072613804057162126443655
7725923911719.58502140776332246647625736384486755611445172506055274533064676762586054782613246440408442562228310743583625962500153870418537200639683181197965651422160745717415041189552174884754165981507966665203228507554601516335926490372135254039470507571542452512133716283132177546792472064214294896447149164
-6603500005050.1556701671618588868236397645763142916639601770938437182172556345121005000600097648058472597389970474538705454641579900223091750003676669089852033759744320371229990150537292418131355625418088417329609201043950897423875794129475495017516961536420236979979024037937161034248865205351347121944345654
6342862462275.32265537463084096664150462335883890529890799771854725910926876238872428012105230536340595995498076661334266124013761073751883482101224945963570185944933187597222513982710580758424482304657712198351102057131655392247611684746227577528453826173931980349927515853739645177369585757806143086659133167
-6551770678924.58096480564047207406002708142004809359297961039859993401120414789861185476624825464465716936472802098760690277448861315363915006543349962932883798586144352498890384952071515709935515293911459111240756135110055331895146510726172475158672418231118957121600455608990197602766073745738223795017713546
7140462721150.13323547327002973714033814273516272447150149878417370023481098769896746085199356609689457963611042081626470561623370899864035710574374002834229507039834369613332460728825662135338155982512296031594924400198151280351149764074321492025447347699079428831380339967927879795050668027088422829584361281
-8113154546132.12702555539417094108132422419088283574523005776332844891363421544793368784656844970512367841531687800853841275581213282178163668521824655268248199569009236143050262489824487285206608802289831928071647015443906322526559673402910460515203018725398952848641325222568420730622967256139020132622785873
9517094296317.41787454701050368014778525505532081199849693783349828054286240687784772397246500660528124975557624772826437340000702215676546503387808477732801168907286555386864792669976098928928962374551033762032754063743167945450437227607178921348064949140327603704057358675747621521011972056907496276422775957
-11416165232791.6864047505535421995845051003129574557275124936925550872863722794185429349253248805496172985499893215803373976258770912594908185732581607536255448809048366713585620120280760195926343734062511644619235642244672884722265288513863417465270421841972269193766548917818314342348619978370411785656869872
13857381392851.7994381554933990677409798624765227526285740243129401402016474965178550778072060011523034831692986544466892987558720133357624919661096624029690245322834668411603490467246095560101508834104508040637476878148025119467767802013186391639672534486292797481902301487299102188957282547489798514972889962
-16811226604970.1098682257963458942980532244796297246074165762094701249009654163792500757390442490384307921598851220714911424671748072154398194090620590415100248339693716154607812658415274864257133950706246167339787096410644271916512690101673833385883480206616082474605737369642934191505099319228203169055560919
20070506562948.873501310097005227426008269046209745517053494142082383420827973502522591507562311558267192664717089728125339653062347904174196035795987800648351323881254396411680062483779641983018738831760448280801964942463455125176741354840203463885280567089263147337428935019400385563820228719975875430838412
-23109700126975.2913571004411134695317862398369390253675549584101833813594810285109070895916387717107321882742397545865043637154261712709910174312750799178929165560923073557998211895028331765229871173328285308821001362117333622455656339901924112085601503562496608026451802009250514928143566426180257091998672319
24963441061671.937888099860999879600346563153321067520037269558070500534825730123876518255239344155600113475271082733931757838846291315091320752777639608555753236885913133870303282560976010791646123123665794493705704977832444544293121412302207668732447787381015794515059252660351931403811783971520149741808499
-24300480068770.3867667585852665965626737688413274991823590239331434455405358205128050654296315172899205603723768808568834012214523014450721152560298741917830900700930250969825036520502165567300847834584360009236126262383208437613406663033797335049535429037334603346527135812738130026500979761656587235482053327
19996976018605.8802183623505961720579398402796570267223197453381039687187350686829821460876257941575849127321088286473805865077857625642005688955262447461634387577687901928879260745728226879342814726417173814822224898998414179912215733513746045973147032801906208755158152506508423843698505257064163968806669794
-12372970971502.504725232279180727286512974351850970897384292398920456380524086455026177244803372579559218142246507191279672510133084383997143720425539137331836426167736871299874217789504171818344965885079617335252272691935572221187767975883153284760528535719640853872104144651916795891077483373303874726381993
4319974449602.76957474701400946461583697384772477964834896724703921043759348087301304832736938494790563657766306005654283821389262088155502785733642163250174615834118998828829930201532224963816199601441552284694493171998398504139542885096980780370441730663268708076469605394874392716106682649801830177549971538
