19 1
2.25482692533229993990372556814880976924853885587856685379042877667485748835148730871940439306356336193465449204329811310763810145177802584161915023695496448646909682795331774023752169518249532568479175730124897565732327505357124413551683856934927460071198508147326142868197276358412893055275413692862931544141e-23
-3.41431197670109667367070598461104350597484158213990335741718279745859740196363746370472577154335623423571451667981179265413011070793339818664350656312307226999638144867817140640727927764919767940670472206156102761516104164976968790360329184874944081858403078330813607077379376557516877776616189990560171548078e-23
2.08748841149460427991357827278953392406136398051880412828109958071012445471679416291642301906520657960790734248852659533472173594228572556024373591130244298453530511770859521992136801049903113893185160490994539722793314521301387451162773306173540885099690887127995255146713710889066873195253011787744435799354e-23
-1.78334934372926366553733219318876516993808381430155513065249044928941585858164456011347320831149465594648871943662908246786445204543082791896264210544396200135543810545507206451968824341209620505037772932455251814140633918988010856935310081519619692313670168557138610926665534111210575544419393681975331302268e-23
1.71175345442083439129679476828807146991768444617670996581049789633934879069595321719106284734545400528193784442577824038151418821846675900144582055985395129449300946749256905780201159609080314406216452630515120729959298970252616678352653582733945300981801853271975010765942681685250399409757646941416517675695e-23
-1.76649463651407688339430197694719639605142775563230511815166047799530290979086704517039710162757993722817430008605107459138038969076288995376013043935949041002171902236555906402511142500175515582327103402006759934817247236943110935779710137234566266770771644405113577087363092334920535365807799267801981681523e-23
1.92300466095321324043440842827911276723685481009957852114973025296770608315456724991410148020567974016330564002550670798975357446056394584863917868995008924516469903338719121906923667348246355169421061999290161838853326638440785219347590469534706925268119515590464563722035303505882233330671076821624911243877e-23
-2.18195061147639592174384718044318937741216973325984141057157596410896493034775968766624532464133117398028421208434478051608321530092815499662968573485258804587054047359356739861403236754724777548144231204040772653084013570049344414875968887134670276497415142413849811391692918772909761306979600119070033556134e-23
2.55540285060028749138595991278722095537098525592182811821987650525109882321441788325830146460242977341668437028429769140215290271986192957833791857757378633998988087046653880251884998294609811733531925936407367449662300736339306593373447665624816174088689014834131073044266769001024767389476363819520122433043e-23
-3.05964525070721433217635762438808992164895581438025679193935194209731036033676735254934758646574436094678657111386966388817764600911310005094527766558029504950900800872180283004084556627015255143467590306368990898013210678947894949386042097551751956718875245509950457218617330309127315134624859181545577766521e-23
3.70613013206454778766974613889783974802846984693690505583255661206234268497123745551341330195601802212541178568172891893188314739797821369894115533541781140358252725441792188707708805246388051148772739128094538765507314893114342866954933031503995800118201706785357351592278549895036664388352592428386155211317e-23
-4.48555990323760124075356112165122729577224819592622184420221317493597638932543677608281293335893675888712978465686983185426952708192741132230678100909877715255025587927842967570541166118420514958736453215866306692365482419786360180862015887034564062092688650530544932158473503635985008645255476080463788489475e-23
5.34119036605091133635560784246625836722270749122537935854705764937373501342239314650774584882188242836175112862511617331570764012817166752189023765056814468361241377313808410457809821530018150578358867628778877377208422744129084037412007442556474058295694669910141664644022445170402284492405392292671883996756e-23
-6.13219571195081541100290348394188337642855967285609904863857013287291446485356900910379144389132819642730700561391774734623927544951909893739712060569976817471584311230836625019857001255704075991215388450102237669581503490977153244913451813951412989812123514912379149465553719185831111982238292472554965327825e-23
6.60300304968601162487642841943245598492915299955571360890070670210835190324353011653016985285317965845831399061596886757239080546806970878112048114154179036508801300095826259603056249598892632445196658024115437530632701707766112384985171904612794975785524119719163519548446902536037766620164605536577214852377e-23
-6.40520931010067556189136151999531460958541462169619736402176094076182238359196580583582753145780901082552275866190434257876235796825025905426078137284235772414183327535200002338026855053135235109883121634447038429929232160210787986756680747213763134728352382232378380668125700820402409990923827459572112756119e-23
5.25075210484367382764873543919777871176576143842892215667070414926621873054354865291595692603624739871291944165216264999181492068713598484761804886993782541053751121466414347841035452879439753101804076987327272344198432350978633884386692815984752103687637037628885607260492861579281999597299879549373400876491e-23
-3.235314077426047933375166541229612545124908914258185923476964472527553041515256370729483241361750883728121985561001536494260361718289573611956667971977881944280395389016713001772308860361549064284477889969904847955670508241133394015976858495779578560588853842677132445536116095556425408580227874167485233043e-23
1.12445453286636186084046336327830246216652579055823578293611715794014804590667534297661469067019194880851881651502741037973086688716458528442763763354937136775919919988142555194409805011415679971779474926527444986389781527231478132484861901318495930142085499298709068834336877163389538693661878032818420603954e-23
