19 1
8362281452146.23670686399335691971886678194800810972893989375267453960587457860525119657473354915282443377218191869422114869341698729533664669066567181290084949899940754932208027416997658500000570008017963696869873367754137446117495408828633027046213198473227797371202374945896395323303624360931936980482384532
-12663046027077.1946849238317563577990792020766575595025425610117547586996476556653231209235550449331592222130209620639728133701333780975924930281775163820020152366096409250312489819222299273537534730119243954074470224535873459585048992289130180097410921068335557910728171050229848091784584837915530582601373523
7744194756520.62722433361646357720374457869547405411930035978998363055558515055089319154594507913395822271206125750435636064179396865563858179501311364930115569574140991173881793486970104537971933707174282431910864435047009119495961537539466921579797742821734448535210810339719121631330762873251518871629136689
-6619116125956.06684336598837616630295439057057679557628142370603894897115522871854210826490633692928095457703104674094214827416373591196996728029244739282340937791728951280467725953774618112378581158428101434264667482301823347537185354845530233299933506424584460392740666750136373729139962940965714144571053146
6357861701668.72522245558356181855076494342496544859016866495175849682185373345602065245030591909728911861514818590244578740842007688617171605792241470779363191992905498265799346290757079139100883621050970840131129132957077512809231985946215314971176247905185165811439683503013541379729749812533346354015756449
-6567263243670.24658682624706073024247456631927841572140791237580962369580989224885185848347163271971658468644280810452039202932163891159535237643545499484344754097581839735025660718307881774290338848609386063218863875288622181620370587877488279605566307443193829514050981401308519315310477751449058176775643206
7157346323554.2221169167625979879290260526621368414909883886257628723648748766020432721897737301130900037608628769626316210456820624759204047781877373895167773603473711602730889679301297730208344254304346272726330103509926679947854241733095522265903661281732582661689198225877174762479923909760007052047737049
-8132336656318.84468857670976843266174589777556257534162639961517227881436467654613346999376744461887273051554384459110414506143463313204597716167748750670010794305486804639585669955790365147405927273762294123174829952944030637060196979491800004137501506800088679135477709396183038586608422567025148791750447587
9539593696694.55975714706293332927698164411970482523397420767879323771454090352098899617001587792416857415266222751311654762477163559746338404424639086597282314950749912959642664896304505886495659983411065066319633425428133339746033765001565360674620968103208994962593502668655494109003609829968745422254726147
-11443151189368.7402447700892228487733965279600099403250509615373286543562113496246806517643604958214809927674640605829024080924119791705251708190018107611377731101667721136945123118427369662154534784754145565619760634350250074922669998906551751375682841034067414993769512638098473014961481314809858107773643888
13890133475941.8757816764709027740086392164613183518290233461164969248219004972150213263611432064254750273011967168639156870527655730006351137444592337114734047526720500397658638329881427492458399953733808936146333026065319425574605654187646928662540656788812934454202014081515164606283363721135609323755595972
-16850953496265.691581964878061842752033511645109978995105269189557273882357148372868634632590113924042335888970511486947092147113137486018068802646830840371022207269111032760615691538246032508190363456661774406672774845568286057322065710920967186357488110990914608973832586358942314716722742621894815464204366
20117925904200.2950601808609706611308560580795817283491980697538092853225431780219614328852592258703105798813995979462455418218132156505747656209126400972654363146011162232611671760234202720421243234232370335310535425238227123540858910125862347763932604997746262969073244172889592837278048225943627212923527536
-23164286580567.9476287360777684052371232284054446055479558070247683801990537719048656223701050306911634786697337754114239500861990700994423249426804126581753244327505222509435338244062190372596431348164325009832290606029752128644779018849761480973011687659552763167837724580664742602434011667161176976645371212
25022388592118.5972338355807106017008324291615518447787609680277475444255652723793001478117931909341248165167530579710029449367708236571704520828850871792597025517212591300842830057307250118826775876330403993421000676884445277216655447015897391853981491784463176051620115188847717922571771358913815563854974777
-24357841292992.0723123270707911816431840395374026054583898138417938178519455780032543720999076601309803608826244063482881211026731008001939571436413329377301527965998701933541036696845182235296701303883736164423177329852688772659810765780293897189915176248216396821287416947388281613394122811309454322647669074
20044157839320.2540359797975499223646364967760695771598800728345565565517421010464634376875940750210953125535436497438010560349212956580064093028952659452061279567772006110847404256127237601400639590186662382979950510364191049310472306800150106032243815139231191942017095914152691718824085844938475463599820877
-12402148277401.8662231293624768711453585366854002606546682686452626266608659508873773487859564281559610996233627738532578539605408579603387085262066489332790597556015902649043975371920319844172459924304378375030054812613530883134677303459061070681740576767380023109152731216410803762822586071028397446508922087
4330154514737.23942319201374832853714392850747027281959049984604886006750773051499971897798707208893581668445418521737547951930852088132560684588237452868616835926630381556041794209683299070991795684403044168006611297265597920658388299423706461128837129190991974159994714437163395454577276917524722731354019762
