19 1
8341629973773.70609685374596606935662930949332952138045228721950081386960060917084618753985188149097606896550887677784547589745991315626168548800311740618345224358093372722847873294620536134723781081804877601233871786745797644115538698162154438317905031630053142075287204420896893144304933064986242847763164557
-12631773453297.0435071979286105756340612807631568544473879219207296898156129718808524495875807641390375892425832616787138732875554354752978243331812707559579332147865734922057650297608891594826237756914732694728693603955716765750961631987509924361327226230221753004066053289011026475720968799701680298476074865
7725070002118.20560305299126874495287562922081737901909248122374794615297434173881175827775834024990995300785609766111479474414543027002221621893519638609981852359081289003371830174480659571779131340324581400436799529787034387498626200774162188318331586004664331682907501752225535811581713400687558126672095531
-6602770177488.26410498083587705374270407311117849549084588518695734030961391089070815774256477627966001062521624920327954125507358558571498828536855897593783572338345654710317763548427911987191184178674294774127008559309947084330398215701880569078446952556150545805299095231597984986114330439581302569306638767
6342161479369.96209736197759929207732630329106255406334587520908832217708347793994019530586215863442562599340919577812558150724240718037222640790562064559937076430163837122484807091846248783141701950386116000240349546786887977664473766993119164823915192621719063665534190927337433509461251912970889377743498934
-6551046662221.44117555218737237300852107755995347250846085209621082550431397435500062197113174812151564945136247336198805016780744982309863741516892857934560891586155919923813282162475074696015940075547360033199258392797670107093163346797711746949512277928333141447883741973524159246868971544634846450941889827
7139673732840.756722925941515529529706356423502125311669970228767439678747026347304367231811850348573872604513687150372416429600062256867193811823528566043921931054583794312995407851296541648356671991620855374423620845663414182761452472571765596346215178833971141842620798956894415791162984085010353581690419
-8112258201517.52804494686048708760054826070581291341758473339116941330794906915712855679858636625847062662219769255101929650954652226263683645377189991470977094969150731131573553881956974709659356979351159727442170717464405962884023910584080883769272392027235081088386206557581463734559759100384633773349175201
9516043032011.83186130306587597191147568627448102088554670015545420048758991660033196125381938158420677677122063417134113984145108357912771240102705039019606078254304005910261309536755120044819921033804660269821383745569850502635858468538801782282579081848217425393717068547958780622425853525982690278206517039
-11414904485023.049540439832522206111121439436785339038782742425797294790909976037378597654601392262574685976868495346552207713485279535934886997891295309422100261165682408060500328460245417770851118575928375462930563892149151672247831601823687167560821671103853787329534566633030058364684086657050608250193785
13855851498867.7968238874716815672619859170105156458778720815992107315872513462716452513589919036026372513678481051831515789872176153378335915892545445241506489491107340109848464891510123462401522030873515693956883731102318971776698548634854726541611439392697740621185396194436109117942487279080634897684238868
-16809371291902.8589809493403708784464279384047020486423373482852728485789490058464592800797947026343148447010153066192642662652174759349114050759863467256032118632381370215081831439412131890907267604870483431533076125696733301022833097504685831217441696796237113487467629404565160475489122609024111327801560809
20068292601139.0405222018655851195052398846771307768470645605255426815503808224987447806137722741627747947069341887938362193651889391997219846413698692574067025255158730454018287722275365276552006884377431822173831065602613318147572765078170949029005901716113273967143086388961687597548631012890923431993595226
-23107152443407.2683753706299296104448078258134232167330126294540941433903590305328160611133693302487697163877095770251868726145169371462457225806854944947066918647682818044542882845177867705086964887093899807627741752316774048949897663551945480706037582470187779337246651844687541642382494790473166599496379523
24960691106014.9098083131129556386113551037657475926125835012901939308003761452646991360001566465325784082578566572717152720045037269323555005584513332826607446881442981013761846119371837487872220673759506893979661986108326793193218757833649498334034361081429950921464761240442999552181781158913799084601497183
-24297805723647.3102940358242879745984103182673719230572135788810593926348528685502740048696163249406033928132513952109808185860287181038542789125134934966594054166906148182590860645619018158792012694672091450316132311588460257527550752336502043492173570464314288817253495137117627186503781170329172969429545749
19994777993871.3012148853631564622529329696000172578505303661546890166709561095771095462252038206383800789072113633320301589167128221564493935167436606747373205833968357228608940481730805673886255559261481833755095354362550488586130547100788341396295493721537988982514537489428425953899700091927864581458633001
-12371613116557.2980929865903928941949656347807160748301122595198390320475987039648719350679261826056790255095086619428324297593076798500827076310261513761010362990386681644658670702342719461300916972208840617091540862327938596392216852970043829991909473580565824210251101703352264491191624981865419016382385148
4319501349786.50092160624859766008406203702008255014752718098089197593599488956236790574417529098340106536539139371820455890088912332723620037581059961695308357703408889978840204029224495188542971367551665341751904876841561062716792559036365866375635551983809314608011213159500375669571283014682444017585631864
