19 1
8342667772278.31217342787789829112910615103249723258688460020037942036063207751583002942330649828268420416758477341393911107019723707182324716006545327014010245552408136522466087873164880676187577467170486933062520222232984318942604135111513014504500691040807624865194025182218369544228835594117795264704815986
-12633345012944.892288773633950914868870722718525570548182066173956501730952247958017866325292573529818537080169100282067477244105344815071962090056990009635731577245636124495458830288727922465057403327109061234449187316242883787477561326329675012173623268935185925359770969307461672695828090160180379100405386
7726031117634.60653630978704037553437060149963179739671534405908293907822716164624082199460168803689670914552195514039433220777538928058765570223844838952736361266720010039937938464508064307281090022779181335175249605307728020319331860994537427680948870586666631302165836763359677116452049537453686505713618043
-6603591704160.54772754006143311513523695907526893796646284420360012158737375847717320332124068008636246813465497429342825528340708721329818718260314043562512773553828617374598931118582215752855986717468231063445740120758224479927111331529518862837776342379357200662412359639618170791723709994559670824416496911
6342950636747.03642655287140004129040009028049712820543252636046637887884929639852105973200349095382209978049858057752412426011134647241665288739754511002976847277587743480979402573344441498764028071984334522958302722255635794826686183471791465603980576397636669856270422769138545471607120559297134518800881952
-6551861896259.88814398287574413282232214409206524869395946938715443774269894363823030307755291628829489162316934663698156786026233915329658945471739407992605911275431002726542544838192576805306279163998961453786823556462922112994798651017141371786498595437568359878020880055197857219825720426552689270455994537
7140562354383.10425921787060171180943308518514377615012581225086895842805465345924402106423312461852437528878851102496902999178222895943013526572094501571604040558301048762791284558014563277123453076976618120604877724753140712534283084739779310650507483571770036758117720716750502419610838310731361577378367155
-8113268081783.65235954952800048681542671484029576985372162183062773487100141151004623369373945256645261151542889986001066607991970409091337372533772819479050255411255510461673762604017381458070113171717077371173329353706182277939760282919002813372722182874639641669641151569873353263467008143431551069963467883
9517228004227.82486354406650519889496112539338510290425591330430641391676818561857272474145790465067339536128286081281198441620237229839517952496076114796899823600497085933215879628389430700786602630568185809074622408110144050053181262648549828240221431522389273367039248110358287168966211114777155144156716295
-11416326447130.6422348487508944350163907881820023606187383911720625149454186556866192192888061398594681363717177974806252223848602024740649588541567830415781181894612344944881284151167296192273220498494906138309680430985703049407553586737822773413904873244411725707971710877807243655195747906255233584945788765
13857578396695.0456327724404553394121969106435117129576233926188580552867480456983742011118345086052664898761585540416336910905999496699569886743003413927575607110898201436539864514855603796457151934808743954404925377560462078541873488907213357888497568749033547634816408089907358265765120028313744658689719867
-16811467669085.2238764351422514282187881826378060451968935982318843194175041584355309116418802936890255304969008781494997640764143099999474182089040785291421212945567481658599521957537527226681881226626568642064965825348703570072154486736439538339586470720508793486429079184597511711767789519782944970769298264
20070797550196.6441785552747718578178027218645960732562205936088633943993337993170686043698446027078027599953179473321477954605249520650541653219126572740245706177855132051657710026445287489560575996123422208945457650517266946156260994521370080891559320490550558159220230007184474482411923401713335452391907105
-23110039893246.1594720603023016736849519655447439451227701582564018117624242189077171379720463674508902986480826232190929603879160250000290772690238421725952759464034278160848876733099640464053405691852669810151900632726826152282567591495094537500571177874862450244444464948184778440089754447723653432570979845
24963814626446.9174671966480939854236225240050390439023312125159580909087445095108206200605667195482453078424614069268947042995357965312229238177849232815768625130674615094798337075975397183228104613054573644822212384338976172529473907565911029315681380940331177581570513877334324625127566397153309399923635067
-24300851904900.3912654160184572731810165874182534960956279569177276004340399304398640197548632102020305280372383808308506793796907396288779563923224565452019948104714653301822653442660321293723507751853214402785622519604115849135365352009254926464360089227617956489147293466837369338838630675040770190948785893
19997290716777.9979176027104146442514782607749066215302104586322854296427718876525313271688832972888425588122464368594169635757122193488183568884012830962158659347714855882439402392903484683668682134754521449342583477253862349109793445260222060810379072420911437240457449944642028186768938076268600370223456655
-12373172719241.5646788270609049161834516830634168816242591573785891756373693565969044963502669413825498327265987949354725211202396827480516850957034477564833576291904894620027596289855030225046087605238684601114670182836159716349776009635180495426370546450333137632221511235079863272870121089449961162421981983
4320048161555.61832413387117301500930724182993903753693114869034989013105513270754815411966349554956651158724737907865245513980473712388099846891690673485248972785653533275248136270908025815464440162589853599559005468873153322940506310529080263502757637815594970097928669834894311647263552499748378372632266069
