19 1
8344467407063.31021418354804651775723025798418806466743790738750587171464035359703586904867312339697591923870866045808717982265923651399950090508500037820062095569132605435644239368913987718786821960008964715844621104762736883031524447562296979623053461125958024267943452602322085191233628991477928226061282504
-12636070215035.0411373556954702072452639926138407839344884796323742147742346872924601190065100159531127730552773548814565496193661182492532250624358943729472474826777191318569980278412023248458411460670734386800689180176749989958109227068598390055946437135321298299779143356628548940765119413108132319750670374
7727697736707.39666612814955187922768942681149119080757088338549797744902252976329636287889145506888006689219833432657162202608651673224035540229015682725487232353501098566961129660390525304689595439839769755225676647233864681715131075491269746484948988481050632774316199452130168393646582157534325119623442764
-6605016205786.87425590791518824298539435960371249823533667235484669623008349397409793125931581610934917436506317950915393747713114966672652760605866664871633816634796181100980572582409107919360079075434764117502674182371282064611174640710760541921486726214474274923828229918678390980127909635652046627962286919
6344318922358.48546752614019111542228304220353979596779923696553693804763146621843629003020730210003552164728856440036579207012896223631240165889637854683151932948931474051744266895625616636429355977065079555071509006727260252042285745991826149531646996556586118089568300344350849515662356740036634517387194759
-6553275265079.67193336702966275713139356464606269755108377370483186043797861692832129652092336583495958710309056064343765630288348837703108056208239589271547134646034873973711708688960837126618984440857475945165292963158385658637727465361024478843289814408997638158015833898010337539433780265533419755193902573
7142102748482.69982823168565056812870303661560068827776696841914459705852505346094339667024585339987403864003098892814821361129550535774786306326941898650575721402217664286586597874151503170681200116826934401587959231325065294641561756114298381133599153591834148213286985433017130195168223642683175632399063386
-8115018363455.63130700049659840319840686925042549681694080448609039415813095173479026800587251387814837367941402767447511691408628631933809889269393764694464695165430713470215997770734118027564641747607500915319738350635063242217739562391854837616008909818965572729072299593825871943977398862608676508887812427
9519281253547.12722419654806732792103710809966129347287582107184688032170594147653035636806406358600875500040915316350130953136775967477897410805709531073728855710829992347425469079129150982739285496355558930961206601809926792613750785724521622735706077506879164135672870008233747893267897815664282911601186552
-11418789561023.2434868109134704213478849029895931695287095434814368283039435574277892597920465978747360814034210410696329692820527121480952991887640265751709624161837432313376130081178694965849584008179228854659795707183801929554527342706382057285198871193581360375567434694079146780345962435964483430892670576
13860568479279.0300583132817922297775048936039662630374073251585140567056148211504385137509190539341412420268724845064000672432658122582955865080894612966692101173014391814507283740950966686784625803190079942426809271600428326366486000354905185750230871602004834487026230369007059157204274902132466280814110811
-16815095549369.7469835175526898602224479531083483136014261650650343426647261904282178577109859739769625424391487649129857130659612000938841395919380030529525349541845386261665197636628436691661805775318426059005770779848630957549303579103329939808501159532996602244104958952782729550766340373699701831070327128
20075129481422.1915683370101629213265087709719969608126831187188668704127456486692854038636736699277918127614194895616884724213043104134007139433729592833551135238604103886124403238250338485042534613061357379672342048595762970389397966895457025324643292466159516304383746759858037472752269261634900817016847787
-23115028860353.5395382250690509483770093726286105831721662305036579317497602467064187392666746603204972198638383305592439157841144502058477003737371525816310120865359577587895590701770662524507593035256037726248815706818727095981295732231328342865726159983261155285222515296282119301501231907337453201796403713
24969205319435.4355555386011773523550482691470788001269406105869153216454367202551435725107878714790725896293262828236663842905050441907707772514946871587631270058922197672959149946542980475869910039603371226761833803159445503991473885541284226062520266735204472332133107108422063655486621292330626184676560339
-24306101420101.6427693745030507112005761979778000487367419924829006036677048304996693622045384531631369628833545322973010500159645621996278000283633608434368529702428188319189917730699877806807730807830841720035718961879150877209533887062979194546391386575612407416709168139633504049993604062062915490326109628
20001612737809.6140843122973750190949365958384389596468621183882590213868851408601103575250143309745570626245934409718262894922057668436231946508081548313716710495299215644350351899221419214455585624064395344323871259879785265793472482339428537356071043300254250822035572271273549498731455362464370585998367696
-12375848733940.3034049866328347044559803453555927934865162161993265669256553731911190266191892593442860799925925553443720825190618341505331275790262879242246814001267086076203463336705543949538894025296281859492415477050401408518041112424801381442039515861629944075188250770159863964113171155601874169873240663
4320983340653.02994832757951806512289089571873025317199442931172199140092415774741048124160599697018693853262471481417591845828571911622584893895998481085124107707263182241316058651887580618372010602777927215916209046648568900135188675831577522474002471411752422663800191130207865103694180765477478601367200708
