19 1
8.48825827090090855891323392524331968387227628794050234232443129765972500411321923611919865722168428761662118045383421530993129520040007488245139884570789832578352747551465136261998765463570555012894210232179353448756877114647582920031644875221204349116103649698753824137136694978035663521890410099448295057052e-24
-1.28531147821937178693202051070702576034340829989433251454521737290951283077360440431937431850974947577125725677852086242123339354605099596112224423893101848242486758991317242676513298346738929203683730221153461449090883980402408921585867218519633712819746820548356540347810685598615403522304537511488172101325e-23
7.85829474933409600968660139707629726302854757622808347249057970120431557379567304644211519468030222005232086872094647911142922170696192544808817099256747827914894070020999929368510597680383429095356945695829826513566266145086232739441935859176038178574543847102972303293871336450996858101656658758886757242342e-24
-6.71334504803339618255704415061565981630171113505836370578383479791595598609859123509881335093153566890794195629207836730501503634453203660041684623178902131255532210235559475573401349572439090374460215480861753557059421046664658165016622140339284592385161170196056549451598555965005697558393035735010280105979e-24
6.44378888251823495430969944073860394863038454366549023510550838472006110031967351832135495110727526019318031690910015361725002721272735645197003376771033472587537602598104873758644150401293087633887020413732434680062278762214725613286903970041747064748362417777937236190023540696072193372374349718384276134798e-24
-6.64980952653855383062695588014117677314640533535846150353875623153190480841567810034472304364339158969555681241147059673265471817854637279162390551215415108814718034382111891162002247966899629004723401740997603554114000349512650425329215632675335490224621720967078576890226897400983156231216658762030996230869e-24
7.23891133126837036293246960522049215721219808520503489778548253071581527120936908596965307097110238883248560619068896909083333662929323850595502935866783294382049772598329961802047738347289627509541837960938053820885738444429342270519956961830703186377196930858040386208177174991404736228525871521200837406542e-24
-8.21359186345320851393099642397449291837463885771426294846052386186835625994527800278347683756565361974916368135815982406454949785448845733504573761096958204479111148169192542055252820254559795167993136675622761228341207650457573218341719862952087447063223671401262519718020845024708206108584323493937258990724e-24
9.61926978117441995270931895940199572191743835496538723836244036892351445759037469304425174400524324740808763426308166020083586124291230154407030073977363567499713266556424153895376039361942905125354644076419387424201578942189101911495402191171049430592835631734622333800354198222000713316053959519282405240742e-24
-1.15172177458924299401392402258260633201657530307991618343191185263766963804045304661072988117524343139026769164419656957884296543380225697667759844640925206214603430529608392696007314812440992407766750871664624936954308750699250417274620149642087324807235625005251160187578873947206114201420119498454895421831e-23
1.39505131823894421334068259608551344084884329522650542815997313081519571810467087815920202727941037384569026565837337086687682129413165881835650459512079271863062829406304589594445628377664053908233102564457225030030593247327102278205045173017649386781135726706678908938302324129559078779494773606788465735667e-23
-1.68841204475773081206757478563405664120962275005103423675179447402543730698452785410057096361993669993564849133330849980755193196056084455587292928106099093661947362740289701714575118778465488085307282908906223059024094711424264958146485554973666570994776564964929428788885061203066255219547526416282883482926e-23
2.01044105071966211524938655601689615936124993831815862952844289751235225195752361583599540638311866806848968676946588405792865746292063597678063170093892575807284597722648018855335290915555583881411844988753374989603576197270940874983127224960676824798478002912532176079588124436095209289700488442449044468659e-23
-2.30812881792457252318771578414582684687240687289502108820734820586512417285158519492932815579264632337194955380046692949010878822794505875268377070188619278267844836198623520929601886818697342938669891477445628353034584010021282791448187805332479836410123257446600218152159011708481875111407194126250369850002e-23
2.48528116117899250269510244668318148374542873396060918937598457438097534521349197412634467580159047493940953976519571858322248698797059722910686653721747393447034838682850408370833943008501295034905556886664214919761921720243049410914532887410095938272051701096975056159464533060964362480274753837695386445872e-23
-2.410774524920721178836157949227537630148243400453423770978701987379863004668662349110875861642538515500631113442804566008239916935721620117938883607509425794921748471415398520072047518581956284607183543233991801480525904410475590013547252491080780544800048072624811621603219938150017572311054499688384841716e-23
1.97621077654251303982719987770221583625553305906600578077866518176644398209782719453764044824701630244982818425620644176573853329408832055440634654811893038449443267070763300562851921347104273646476219681231757875814770849008735998984729291864044025000477993616742332866594108884372546445011163427493447801177e-23
-1.21763162538501609813864521572722744014445238797676149314889947890644800908753053110390573231436587580331358649672417450737292725098994877849388723978852357671433613704272828389358870092299880990641750067337841110230948975172350063033890676408090645957926046624676319938731963552872716693006002795017649581314e-23
4.23183122062778973040975379464129763102093806390140654081084441283779195296657208025504980277501921859309187868615941069917051094288107537241917389285759308196142459729738151971154302004006255494892257871903144212147024315986982286678503776396007543723752581294034256041079054089690779183448119064073966977982e-24
