19 1
8346613499957.95437930986100280050853177128475529542253218164656132294698060684977408132692309587032447053647111758993878555253406844524589476079205581984715946753486463628407931368111526579210468231694389767855821381229037833622980808979202834198341833611861255378322341305469650476660170034671883087872753873
-12639320059155.8312133999340625439669572682668782946897762464957989484841027982540770862213100909982443776821675297227822509665369697367781157831766679649070728458859901255657264868249090492615313063019469389775394210115858095599861530048642496876383893108950690976106321225939500844983396555724430500475349355
7729685202429.24825249781218136797446956135444541943885146888822614179242756390422296878231756026260888480318870051324061408144846309032269825535184090968519031371355764185668091807548481210853019802573699101908342216848499170041417422337109412352194539090375629854983082234997991590160484138238064909010553148
-6606714936784.2333123087379440042930006571867683351149348049093632755742399015880945929948169980519033672077105697908475169298369689334386838902116713182502082219863197119464308799873007894369006762821283313700578219325862388629277965413051626643634878303190358687838651949776600297093933558382198555663696515
6345950606619.30971077825350458854708815180588690948486618208500011865120504030102566015302546228855997568725369046054244104208413186435675492330015927381737955656296664236832336476922362790496101188576290052232923958387885590288749134974183485252568997378880192605489152611144159998641194006918185842156947479
-6554960698368.40822372797181371503451061671088771801439042194572806596942071906094821572008640415742612010473796476986122237418749519073910786069801518850185852906754223290224005431423836826289591518652050241841836016113988429555066408706360926950545318487065224527487593950333703630079251004179091461497589305
7143939638056.19480170800311312691441954992964456590789222078035601636840247586778335426995328066374462037988504339476768718694061599609530632573377932929075597577086817828770892793594305410878053375639656939688368200873382540155847181800342553807636736938650634121963629559115909058975887764074383378381954876
-8117105508808.95770205318248916533461769446495988938205641325371229798614145647523153421884337487720109749015342617307883671962324604612569427442716940030771597717966690880079503143107804457774538154481317992041624948423602104414055244317729099489226636024707264829622380961573382095663058573425861162170902375
9521729626683.30721355565141190008960634797862457394554913152057779683334686567383454477266096134176193754694016299700113004256396460970180992915990859527362099785069339803420001447115280902636206489718889780604791350582317188727421614120811969190657537359552457332111703725007124530412348949295718022698084955
-11421726593671.1798741148283700064657975000641346158142003192748168866343113275666430939969709225408357580785969495478103516778459359408951840485486222018127343159232713275729866473688489570946299139699202026663118925182284995404110987803001183298302709616149669733531626808518094519653353084888865651281249635
13864133746650.7819474030378330106509882084159332051184541984371262320377439521015929336249812256918899483456892359895181366357340789795811966325394079401024355972340817512185874869621250630474135136930352763723798552173049539382925560564709478853609449405933830348217379311955584018199848065287245236295324208
-16819421104875.6198067291120095168050076494934669913890006567622979440096043650477187961782001920837210893502568012749715984765064126376800971758397288389869670215131624670462276159119897748539470310287302294370084095412060227905941751345176775815630603713675052125348845626493379760535818945263626994083507356
20080294175342.2545086470036115384365905320918983169344584035578658335842832017659966793115077289644261682208052875895008664409834006990662734940316567852060594747122487132566111749604603681880356492957494133628037612725809465343141861409648082061911560027645130192090877523975316503911236013563481456094071895
-23120976440015.7186994455296816573714445071444552793713730653738125277486202913291440991787061551834591498367707320605613109535290690834695741294978924283149695643341992603830383621067567291469257868360158151330945893061824397726145022975923519029723476988389910885658100896856450827411422144756774837542810632
24975631178328.6947398860310077682580993863947319117439584420672041533353437348470834572736611052633529057597854729838005335487699452003205052239388710438363174336075177572381133079841681135576266463276128323874002225462327858693113194916915028879375550990059495142451814035999840317286544502175792541937984992
-24312358191657.9297965268204078043840479026687937535871855165288364847473001012179068268531404363548962417534309979597025254139230369337384869225581310090251613774503118271012798325054024796551158647003229354970840136630254061185115424739819954000804552681395800751191913651199673020556620487852474090006640462
20006763199037.1168902565777680415970731979311245875499762246506910401561446855540969887449941951968413823424899313565633390208595811769540854836061736667075640374110462568707517242124721047593024390565477492933374159330070896177346725149341252316997359230750075167699232068768567313422524725363026870111923918
-12379036994988.5502314088943900604909304789994557198936583541592341009989295025739079080826399075803912829490623633429542389055457279119663410672850829502678097395669630329623380313565402273350289012740244162655351998957571326669398159939389409943925564847292694186401936929926929081957001746550026972780676255
4322097211553.99416787092562738207198824310497919913884471535980447139579751767530753032687072782642373203908355744981453615406751133715356239548251299772656746330809440935942423874575631719187786329374105579687950458303007131304790981562280792800579306335222960807853791287561023923179549571680286102450505487
