19 1
1.00478395766748334214977659183161409169891043210662643778662633474095166683788881117193518567742391843761628725449324457406202530184497293827707808276567734750605417647740906130109884941048409192288937717249585525547720656629936356136671770227982722111992180062194665762965569183647560926451455431452836810046e-23
-1.52146691130802187229014511222655595047606868198728946972288176852573042996306569789716683854207625337309232365345075816101953927263481956864672338567564488694442176824740005203500819689213530353097135596302593403576157315418718136395241858167216676299912880039934005869255254467023211596046698229731588070571e-23
9.30213275945949633285783868819425033380057353635560665538441231482956172006860142404441350950020922566283949735442013130690146955374544383284740601855883709228660072893384864373215956127219881631976230005446607934690438849635152188165446738294127376592044343102934078333964576316493300058978854287301986003287e-24
-7.94681963776295829516901575429633154264141400250044514549657310985013027113587557523995587569613131763354510516730655865484813274394387338059532197836025794406473337217206694518488847095106126584768439253602213128892593393300182106296036794785084347491454328243617922128184077376014221310158423927185201985912e-24
7.62774090346326212246352507664591536520025148348014138738866849280606543894396463749462434255950200007651007048866126493000454284606910259476261791289037200979133011951580965547096646261229293927249777507690372979075856961174187655569722273519601098316208654926203650221897959067333012536044043489838064285808e-24
-7.87162057648811386713105817672186851857896076207452231789113387885428542921823353650888093420686593763840472363744485291793300141364250163225701175310942823767532442087457421854946965424245565919703119836967483014984290376444706691562999392279398256410183872495279157540094996099756947799123151191045743457029e-24
8.56896946466369014511502671304349296420071407063705706833657259693054841338799587183427789151860880342140568513189393162638709025270140097706774448346634930473503687269930595522505415865005557590702287237866890502503212051945768927596114683784715399794360404104503165231141500463562752772027258854545616115758e-24
-9.72274562067116238876922927024509710464250987612219839210977464979812815074909668864228352848413654718994870593958664382164131638696618159065007748187972139459865990401517215990542383644847052176634093310751797732816056514160065967291080833973065742761505608003071849362100066763167732926499491530436889410398e-24
1.13867149948022486059068012043735384163029056078397321480258447375304767362188131120462183492780134662832060840634099286651388573820990858286705995656689632314268578587441066117611137419301845418752167003634686785490019706208442834491998517383291741889647337564541643385785933190319392531767111124185889910037e-23
-1.36334113584809310136507317703554204940263610665928542036325696453941636601642982010193232483646129216532603818537529407085675639538796273829557475982944856688127215362608195192855134754890444434832733432899452092965183869520153324457889946328253669989810408142559023901247576998056895237091916921692873295342e-23
1.6513830975272763120070640192723187902091619340887450989388154994943028418165503514302424022580366241747179684725787515050337755845823768325679182786894698076994552500082758016338325243928176321095428974227166731166429107003887213184723919204097334747820638766916962230226365714019875740761015254814488501008e-23
-1.9986505060764989034489819683373069427983969052316809005051898268404294728383850823353488413816215234813491402576752829213491758408502826464476238868490803669763728794744106385706012384272295200656536126301455655129308413435163278709336123679031927139644259473176457615017176335541264469518201309246609445679e-23
2.37985555956040315758026667054033621988472615583351127512676653422396889954650366809274364939299036401091279258555399848902160256773685070565959186308371153282654333351578610067882687246836154548658368997328889067219539972411530593138091461690692958039878036718787835297904599506416076570665638344748610631666e-23
-2.73224860865763362334390054702351085292555503770477542571308544416502651831536716955175781756614198149123917601237302998764891576237095729712029997528123763695160021734556258698944387911429064564060329863667616434827643463753139533692446382052908052264133558904632289201269283226782785621922237616178663893847e-23
2.94195948061186114628538509811601549435390768980216178278057241025204122461404948600657295965922445123145706899860875297014907271262412569540811388516074056504291893432992324433379328837203222603787088463342632464948300757763212729313107408740693297156715735469335701207553418860728751430347191941332913594014e-23
-2.85376900279163519105788537009911824396894113777277636358195083747126136399557958218337248889010730563943001601594862359246782348882537215852670292784746088630370842261875166896641533297995272421135795886178388752681558585679980826910275863140611970545763675151580807156659497372704558038044728152061477831095e-23
2.33935765580138474113259487993753372991988573868348183002242239704892472763749079859896242160494686744996054832505573306445295931282753420221803197000699368351119336399595055033813438257585186450254610291492912694791182822941018238888380445581799252820281691492042646672377682310251169556147982112712770714943e-23
-1.44138664571736882632716676949619843344427659150278253108691883200539314611654917326419656429292848276737738033171685467321298649467875074784696796723220472031005809805975117271729078204830854855045611624021955944900615271138663667418992043598257157553245358404728199071132718814381762434278173896998943577184e-23
5.00949792378007984126022839085035948657624832878172301509267625016131400744261979120165263225687709744563245315323657268571404886962487353538665703564597215471010428035317459446790716966687421251942995998109373827638785210098470730788277622099241639012402233987207433984544357639583417322178576730361864408938e-24
