19 1
9.20182799857622205952680475724368386716781142590347814103408879586186022692204108290776619765950415326641501099802069301193452563969696701136589356715439343076388529921822105986842240704917972265162283839787399053088283048120870280716041302597092730482014597667763307804640852275866378678315686859360398033849e-24
-1.39336189110410998754541324134109708076871715964087083338117199660078967016960709120800474116891886959956836216344951147416093056293189108552393342954599333998059052089030134089796657516692647253463999913173323636614173169523947342320990726445511842535039108224698577581159808174383725097132249639707253600686e-23
8.51890821669166172169087552109052270875452788931160481973721596882270048731697466737691377465379015626873309912967967014020041153186608630866377042209268234932021921651146358957780307363852590897294414015280058293462780931925693664577007752722398332353513849824104858592470750450821975108372527044704662194057e-24
-7.27770994487923604149622640677866045849580219169163599902621909773252503987077788978224350414787850111961875822231023311965318226148359631570097675887143009009654875292954933452956736789273834223456597382150798617233177517862413493624162332932480433854460745793270715574134821576120524806716808624678054721139e-24
6.98549668766231350011748653318738266943221847557571676223993318604173741997893964614522839478999791996937801362863706342608244101987846237406811512376247307796758644112493778896057903916011977000068439963535487794880660048204682534787229830952140907204549725666108761422958849566202809479257188389211916047964e-24
-7.20884145530899912930786470152188736961300493284546725002534510664418921322098967432188853876353156735974490349216881187947055673167596865687680727783534575734011378870185078909832885874813419921778654270686337920014480433844035817261702268731045524668626412918276118513640563492586945934645784582088017424513e-24
7.84747375497098996524109765114584955282246371630864435364862357924789958957427215229532254859318194623078317563066535374406955207723101814009120342523719396408051843244165204534422766419590772642471698376117323414354599971622236311077262688199817720171830732857109331950286944265939790731518477769283419496933e-24
-8.90410240742246039028987106025968728153193889694544131634564974031646103200088255481880231295243427079895591121807719067763160769415959613283654776681109869701096491361375992617984359639444475850109173552088578722302265468430315508977019762179810264145331544195912059539539338044470224693277326953171057588349e-24
1.04279661110003523436091579581392799294316106103194021397180298178753557084948821625014143296707898436328428692793465816650924052530716235143220061014833946391611435607842547864416638700937547058519002461719301955859318452387190831967473129374681962878496166291978323494163001779105134119604856201231047098218e-23
-1.24854910705676262825197615238288265454430987169403672229607626915464541255336534533131259732449991398131622196401572959288593824245043881850106529862395753985731848330655958797120060854673389885213351102893560455837731396771165694789711343928948938477398926039064561140480807175497430778924008169112835625808e-23
1.51233793201873323512343415526055846654851850240574323965472846016196351082558142564892218488153068203324588886451022054393345325362021261700535474679384606440792898486301331511968801605949194696998966785006519958538045451130555886445280285514330282843598529008143653197737726128768421806604638349712840541086e-23
-1.83036532464490284906527315123196754436998324499974432667294080242117081903803554049460031740950599815344044440035631562836393595626585558118495936554314069441575388818436486975613501830661077609420175919267665958635055817700879502950960077853618672539611127296556025058854778011081812534883209389007129777955e-23
2.17947265405230483982687614117491856677176333822596044427760589838041471970913594041644713011587821564195624306812771288830891255602194948386051032813077056306314949343563491412654464401471542844341695852418195362016942341121822369651985578172011734263370912194653882458825294495270674451414374583890038923983e-23
-2.50219373919377339459523307017879374108586782654909057616739467863176363866928133725065565461098672772797764234089097406560279137782490257754279264436282324268005045256692638659255330884219624877883368042054030368237223698627798962986872800529199262005592543445545803683914256074451618336430982189104245031831e-23
2.69424628392720215470401749327205635898648823144078736965101640563478128703409678944187744788876776117855647147059449973783865356491349168831142753270966113389819787100731550348089804292945653747793659067041194701122246668694783271229712074743356838689346047490093683994365390907205649345049247005618625462362e-23
-2.613480712572731123181210309761851139426183131008422752742207535493439434800184379059983035463770385839940001764489202680928629292891276160876350621353797599625650117893695643243425647129507965607766615864149520643186012279420571633602675513546678521482734586040872638133372279941210415303063099068554373387e-23
2.14238232297608838222858397846919079362928840757717952144791075722344133088024751449975139967548317013388641291432420523139744006253603826730351431641518075282925411063803605009356918870463795312633680565312311625157442078259558213558318722492959566567206237325033797859888998045830566204920565554997304970537e-23
-1.32002059116859726587186064868386318158301447393493270246248621346454422415366902521646681489060335531251568095182421598137648224950449500717109653851212178312928257264780086734781916597838924032287801311883739868558785785457640227105815388602721151776296286204119152786259628060635763362717139721174007327309e-23
4.58769211531674600442182706996933009864187466182956157644407594950161347980497563972947497615463464214178811342038145692139258433824672083794371109915300935374810685717159049861637999524768979958203936580779790506894423511467410835833846414920354004141700629255391255790390173735764880777042000358487132221136e-24
