19 1
8350315138318.76531487900996670884247925684731979648923130080553386086874652179074544702921713214028713630788581589628750994399939964371250809458276492061205799957869855652123920350986450828611994272256742066865408490524533296502747674298316617793917597626514584787013826200583164258959101586817153705410289205
-12644925474638.9656124105473920899248237237008367612656477073165811046850949220944892841193002165123566758977541525838549572476482998021436155226910275390473432041392783503187230014828853356108980929358103639837304369767453929296766629893601966614262439931018265546845866139377523058450032856146997167399919179
7733113232912.86172825496080812715674537174335805727373093365607829806023378611262584392566662861785906767410228623217528795592979661061449083571890451255248482899194702715307204438385659260924087959520907577673401667430673061327753236800708229077125922069515973777834570694129694193124261398222727802470008764
-6609644944214.02849499672399212745173462833079907243587429017488816497155657189738744195895279864216845011812468701348727496464630180143998741569331297596174200718898030105760446179510592037355873823815165394719986970175910290826226763386939285160174585387145006951965286836130594856623775859417892707167792517
6348764962331.18799067113527059424918475825202641315019281724767610717475233667169545285187281842690155456864016787874396393862897951966909715876860825703674751761932306587554830781969941588386579718156711089409336158466788823440880314813547186697487930189879479979337626547587678085914995345679825372049941596
-6557867749122.45279532840441201746379086872563732475415832631951191415780574229629649833636148094381354338565417731678090315652214566167760064049416065927359175169786768443668301719224213113545808015868858475077566739034870910798120237233351937374968452249690308084635693674292620880779853099600873746925978025
7147107902402.35245339549152089727035493621957233818958553470972054575327015055600667285869736145171904211146004796725226075612729325712074736638451565542832134806519592843518854970129823623396264949212693196221201259230793849416336368140471598498345819225723028964375387342465167454353349166539161685936359258
-8120705384300.03402981745906468332859165941871304532407235665580460031869326527066243992743649234877858399508192867627479266099802999224740289879677726548351379084375083051514385575338905807915337050948007141558561892950614099720895942471837441766530557807920207766820185226683906954512858430473745881523666452
9525952494342.45444864069773679058049991723303649043318431216865730570190218582628800970106141910562442238300660759526161345212264315759189301916912383717293051258086043513749238218370391036299499665607675053159969220722098500795409888078763066639265644992300856909652915247792276815993781107000490896163480987
-11426792208196.1156940114948397452997536277916696113705521380104539159652303166231477642725414203024081633319257490755196127462736928932637965346838497136707910504817806876775409684876315962499876726583803806993512237498127551956601438900378665632362272617611608225310921313831145985799147082451757680759587354
13870282780203.3209955890249260299273230912654026244650107001324791967489665033142675487038582010688844915663111264004647939802990707817838235290446200185111976807738328275149205982814037767044519227666431474265471266256692297376800806816198167146767226204199079397395573652750907859681742926646897994806287857
-16826881218206.0953581562510952147050781787734052966558061619036637281599390778998080943430290102226156222106996352802520997756627436030868599900395217563360635297581317745065835936067374191515055931753216081793426643626194199631036777755713691509693747961689049648898506849018456156171065616324543566835288851
20089201218172.6491581988938694065877734551660591205491104649901234400740632401198701938819698792846690177246758558754249713178205405657005490612562637013331961885724430802774283417354013069489975752707774205608901327442076824567234769495479905439961503475309058809963250347054254200217466981757006089811436559
-23131233204313.1395518598469762116318342191247958640047389597130537955163837260006405140113553796504015964590092250930339392708364366475352982706570957434947570214900322792822458957524731470126775262746230894785969946860106989480730957766633452746001083634499536071439410061171476510948941036101376889262874719
24986712127676.0289781928658973015103598772466634544978298098653368367415629087249936374147734699985100081326981479602746204208587803602157461807538953113511269005607754857524269628068612192403418581962540627387502052760090368535760015934584696348153389944409876094936539948867940402333130493707633990468226595
-24323146781273.1622565594517338939770477647621984034907608694361963127483238703439103564474095559778965015002273136814326537022631908964623335930924938119862896592259287138736378477231188699593608294497312651006306850411077544508640790245567618714300979957839472898849607990252399104241568302121219463773913602
20015643337730.3890532121960749290651332504935120078555118865433328843862883743233314833942215560430898437016699481505099563775336306711926354794888351222875499707426075232644877985352136542377610952822705956671606112496480700623555655506717159114560227737724950263303360663658874430291232106984622415511571128
-12384533342372.0438169998329620023818840808809397343561453070337780365837243371728582932927996909366729878567205879090769001640137440177249386694184290187808499884401834148675901332339273758427456602006575306544483001163029849246097891099147099164117950046941806174053071953485977406242556656730217652958419356
4324017134622.50973570041686065115298853847553494068451851338152903976103454376583809099416390600784927849931355945406730520990215087863779084230164575998705467871936397150142114263256284565749998765656450022317027472724951065819543088396174463273177101938441554567219831932033988671906363065304603554983113188
