19 1
8369836187311.64211592908547931628705558204478150133531544353288086428611985887169955748793188389415239754621047829649408838061443486174386797190245509452310162356039434132989864305434794782581988619690186894178663676193419344901644432332364964035259092100402509670048745175055345752355267217175390973253364792
-12674486311676.3081773086897724695181536104032317357571891658853951030941656576070832890892378811303172939370366571188154459526820573999855334751888204150242304419514343834913533015397311504395849885439723958380163018795691106563888157813392332761600045358654459565170078451925505172648246843970512245663474375
7751191359609.46122102744433528885533713434234136300801538377655068480735354290182190290365130161165101001598525267941318342002477543885348175983460000242728858619190057010159487278342632783451148487233290818896360695715594193976041656615851206201732649229032381896013587945454313997678387249002478789484533669
-6625096650566.59841519736312547913242178702859292842052862120389039366100595932252016054138700508245690041552862195290009949563019317037482660499031703775287199499666552292436491798600435746090955434675463911529879447893674956014982199825324854313357786819258183317432493980470194097825842111263326433056838032
6363606723723.33688448313957001766087536999957627646681525542949630965227146366699399906635961094609756004341969949954934273336399085184622774738347231878506744423177489472549659680822766243698224510975986320906814704242318486378431119094815297299202535260042826560791881600638134673505890481637348306515675112
-6573198278067.87334648734199373490478790219157820564240478632979470429572672796367767685394926200554031346410554215603151095712066004306399632830383606881811688048338375701038085803278347543922522232678084907084999094357869046549673709271162118275519906935254890947033420111985925767471282115784769102470798591
7163815847863.25130898615614048211001481756388995493088278470786754189098844707713358612186989200323039994743445098829381180963849546516203979485673013064781382286873923338431632121906187235752057646404947039192122332547053836337551164789368617596554264019970052375544367516827595272258424511421470284627023707
-8139689275841.92391577193891216349721593708943480711152066266211290310921552518158978403005275608094824938416955616469999911281508808830650578033654904818246450252873741133163959629877195623880370905576058500741975655958987576209104886165033355111734948531094282101061112813123368792371908663231575878255556016
9548221449261.21156589575084554529083208013447072868847884414652025067251146873396814619584630143677410398213129936087287375577169282449561253261183681684983287236002445004098091833494981481658706608815450100183504192839803107406706195666659756245866691592340548147639192014252968620824451013541190380541623298
-11453504879051.0906215291374174703967624268953094517309703450095506265964083247179798016085511701727811727828972436061462136606516606734490144019121828038527185277157821839902845671124035900908957021015934157152039120181963136308627054877451813039521243178786693234423324970236043181501617728054113501021137623
13902707963855.1722842017954465399261880403534275333552254816969540711829660442726766236113195240331584875396787981181744564295051079468923212673147786568461953058578924153895856858556059198054545858739302464844108634201234040072882236327379072312013038105877776120057859851289099306054535742592451573307925719
-16866218869083.6106575375618425683761673824036485339256711612282043335052921152226991971596465496600947188026959706581225471291806419684629553177128937526924536220836948304006901816542721951418074414015297941183141100718143227346276349812430560927685643257953634693266040418771635694298911106627805268622335367
20136166841733.15001988340850198337015295709982049536378819175967478309870327996049124101369917800965458353809968550524101279520848673635301061587692120357548495418403460712135639867348142850802430165977540340655428989291181973728758183377538541960891148636330445071687458519021995433328701820073538280271564
-23185313066748.9515148351674904793422073362846444065523137368760295572986547724857035916858056613671336524567096132491149935910198628899232186984972524100773194389351363241095420570804268486811058933732691247688572645776125121968364963875802085947722513045730961198340393575742328134132006827630464264884031502
25045133868941.3145470037871735952573219147137294588227075454344822918701044079705851212854121751528520553735093702028330628670417582671730497996989739001517474973233324484458923661769112338099311938507671912902642106118793309315200678572702374594726354703239503387922140972092274290308165346716956256419514181
-24380022424027.3689437773232785278964683264674038752494200319842087207494866288978210516952499619046649591951974287282455415733718311473733614148285334787033485086307490381575588740233347128060849069399990988707347174457185282144995209928155698187309991583277392176974784653698214150845044807295463347241546773
20062452909189.8960689186219121272569037733282051116399512132988715855773836156870748313359987606043049492655239208140714397547642613123985159786671119384208008405030032283082593180664144855104474808650800098115571384399656532493986245698944198073388871031143386380866547074950483546015843287528503854493308134
-12413501955978.2404162772733872700328902044695900912588703640898728179197569642879006104107551536867799599317507679899808173406554513378683369618368208361431928267224389002444820306448867120016759299290949269734807613387962496639438922067004154201133846851669220771475520731215532956355983813754606685936268982
4334134208907.33192132799073878238890039463377492737111592522524237061330780615463683435677958480111831306374931854137610903996076846395585431107810324881206583141964704646338077415870654475097735610893241346903604467552109094929129773999539295634981486309727656542474326630067466213071246813667088233794644794
