19 1
4.39818312246301257754976284262842366332465543539250230530690758102086409146474521367779364693436214179981034331681587892842840027080899591727903352943326239503071629989254205801414611988796558948267584409531641439886420074475743042969030682843737087298178125226490264294528624195142047704713468207593553231501e-24
-6.65982847673996702940984122348603949864043973473873316409222016901444762878569065677976441687415359779232050117384855723013525442557235707172496819951113619995958013916395851703120910188583523915567351825587429155595079825793271744759962501783118638776971827258160542583463687986810107430521947143868265706749e-24
4.0717644990559874603608053646012508382540047702650641121393185547891916770490130704656298197006815849572258851779591741123221176439970741152087394747403446240243324320547674144711164350916361399523535240022231012553248715049612941390458177732707774151150060454790330106664778861047811944279725963782388254129e-24
-3.47850577570540385564502226639973705935375470001483202082577111138620874133912305342394867182349120156700443867951087144364928757277700984577095526313750960338810492777814414310168848494809870317227028412509800380481967329745461758676598856802235729708788707841113640721555404167326262974358860146778786391031e-24
3.33882939333103123298948646533529064746913175234631736910029000981395122605327458098197980259497746218031215591661550934506004301802672413656682354325147342991506456944229757037516446071807027680669063894818215615350299692610755811801944350298144811359663563875606552942876210638368926421385248968070940311104e-24
-3.44556969821043867811462833802449185743298022025746969873575454814235909859660694852571677491297297094115404888281273485896791875687560954844728297279594259230993970518984923617193222323750650639933346517496098659464595103799676631959048081246250238510017078852495802395597486079376700360470028797318218096995e-24
3.75079857640830837494289079141405046171797207806664345790087935323209644074503750514438216026529817818727048682825155248471648412252649625566943968868637751328035709088144008590085782813629725698215241762657407465853676422095640130301758425998260409627639909199897660548446397688729586618225766023474247734558e-24
-4.25580773223707567697716103670191464299082635493277774119172482236349114990294018487521574571642224486368817423757133378670026667590716426172846090776380124720132081122940097235721342330950749870944465627906173978553251068427015072018067787672154231998741151502428941878769068068129453694016341155482796280327e-24
4.98412727243424975031547806373260374040754860399255491197453448671103413973730574351615378599196169984246313440666309992746958470554846776474065278858490903542218989817007142487595365199096260843691210860578503273559028324292993709822007045196137109133818109335632002173998134263222759866048916490259564415908e-24
-5.96750068666841050977983284255468134257839378194736392945982480489067582098311557323804211431513482381416888774133998883995487787646409588143987807916274837685777434396069805565613784383682688610494706768308743473340996424796293483288621250591265437110743014770778557703521540827384353352619627349582777260347e-24
7.22824239697377272820613153836830837130932605425769467678070598753822268138820891697425065104765879579432589897025774933794943087745604227600875694022244122689019519371189039473021689470543891919582903265316911812528223937124442410629812261178745622256866909698990523493465841371482862832116681670001506348295e-24
-8.74819254718081364288711663175371733203622971705678877540606473136295103751218703535554978160176994904961846825024245162813345939641883528634885749587777877526841944789705047122018928571584118536406438390370825349120703888071706045600772393634560021502500548016122418253778989196110642077374339275539114008231e-24
1.04166565553461339407457220840805598030860162547068631741782696800385242618619836715221568875043382458884692326666285930847143099113747661203116400411897392027124444815265052069049498485096017516946786967014269988977975623310418274508365219232884758831255069514664444457639111690495825995777203852770072356435e-23
-1.19589733651075410175220273006968005083453200259891086179246124299038332780979086105730286145611906338058821890885148359176731472733961923017857010394297266065181464766469493993346513028344859669257548389966897434733087142267284020651546681541443516643367432602381368050974923328915542251801807237228632402919e-23
1.28767415569562466717574533321387134711775510845291143012400586773734039251642579282676407108104165876401082281803271655659748360705770721299245027479371829080321401764243037797537315026872415861993871520063479109991211120624709840477253625790783456967866285639612659153816144520052072020865755390259333357641e-23
-1.24906023964299900939204399608526644089178009187651432966988326769025764792234738321908074056640394754152067060186010757473801941219399266812585030999497236141534857423249638654751946071974603349332136596626095103039770829891050729121064499536838151806637122251646834871482677257048235172840019562177136392739e-23
1.02389668165350632632798291350314192948372140725604008869354444366836044460787808640445407614850579118288590109282765799942884317073072045083419677216970404426154456621114807258475807185366449452881585374982886389092986980956405850856048598270844220626144306350619759915500032111505405807450825596947983789163e-23
-6.30862359917519902514965143460856024749395705194161994334506100365095057400472279422291715121556892245970969233607782477103517206914726904956335992998670804572345364944092142119861536984331991162970862785301556936978532045525374700803916704130690719312160511094822535193325170544300897509065144658072168451446e-24
2.19251514613787172202872757000461709263383509219019478747754941326423064926900638370902913503298057608432285175493106527959341561026223341067471301257171445657373672816642341058831479024242740381247346950597508920842342199849738383159649247726251326294903570620935396809048496610190606380800389905618500855231e-24
