19 1
4.51702285229319646871042324628910032175023540966336541636299513127804401428534844276887692339333831696504746169937713669199621164783573419274338134811175667150001118285166154582947164795659129990704341916299444922499717782997910775656890007659849506198843930970702751463482819632095366875989372269937228996005e-24
-6.83977835513429698333409652400514645676142773512101569486540372180622786168380143311361205617934898649277005497414149951810614416667620011764904342237430467009238800380633142138842358881448193092404575490651322472147916113601945716371518710009811974777886799245825872441389294797339902099670703935059856540569e-24
4.18178458786570352166541390093024600096001732614680850969731201624738804668503082039281386576460581932462738525480176134925100392793886501065631223487774977405720768168642725429657886689582868894135260414900559514103198604719673227391020927364491846311653013747870863462572777159045790340788184170792811948087e-24
-3.57249618823164046486094429634372083349294910388681444630761885434044815971195280677557573398180838739566926335913792406603759833024268073195463967449673215511260535011967140408314920192671699778063658926353765185075298741163901182531489391006243351965931836538445937103830821390319717767412511396202115729333e-24
3.42904614863458411394736192069441653224083894297569351093795158820255845539501960759533509567869606622322089583433277416067220282450534905461217775860917873979019687751524108898791108793931956635773050848992583918497079614220889136701251376557837567596963711000447924707957927176489053284400091031581465224569e-24
-3.53867122947894699504752916657521079389558941954386677200510900095368963145980077602868075584298558905017171479808992963937052217405657789084918008477319772284584461649323015425274793438855639779372990688189318672535916534305785011860556586045490619093139928409733183350879763783123619403024591459955442395453e-24
3.85214840010524854420893142450927952709803435329047273181062372129558384185848502886498795916414333493847509659762168955336352087363163211249668510739862919557562240922075209006842860632424783263065778679935859232371733904528248314873994211282733613677285148374721591652458774149864627037860378094192860856224e-24
-4.37080443437867771421130298994589761609634603485692228902578904691148123745216166680289265763796784843393693014571589383650265541783685141563509894845162589932391440869940896751414068005016471640042074484336993371086712377664482410200039236985701647719511618897364987826985631836769182571164302892951227210654e-24
5.11880547235574710773127188388258555100525940031606285646382245859471587094525384894479621600138019953793532154963707594756654310922912426651214545818047381731489119602641619488035319077266416263643256684569609562793920821641824414592310893823004951999420235821552486984661746841312884686253814199973610927502e-24
-6.12875305835124460826940896494089080928983419980341637398170791365576290575560128129565429775479632564951955654733952887352942452978128824435201854321924125069640200161602586421679324137537981294529703261828578906978794313769531953362978313030607696639257717588053182464175576115697837272607667654158293733223e-24
7.42356497891282514777390218631963218534324937163129051183834270231349100211233405681236216489685673641976744363751586336555712414846983743694669278552973858032699904839286416543216727502142058109211787071282804535810255134126844371263117350831788347154057278858894880074596805632410135869132212807651974052752e-24
-8.98459112431771000080199269458001169602981646649621375397477435927334449081215694894667189531001300352171362949053714860342090288139044212963371502204909395195031272961871679077317664392078300007821002884523520635212613898113922363426739196873399373963874542959256326649975682607003628474816940076536577856591e-24
1.06981461257712892514713747681345456014910355845480340699905414847164453166624596286386613905654292168064519066202722234107421137912815063325204156472344485735746700008963368809031330499396407440576010426204551532657122268899775254323024929984721554496862046960994219814788075319693879274410753297936290721181e-23
-1.22821470282056802135122609585519281864509761211209109471145712236608799843201023335247354459992510881424348420770230855931412972570018286064425656178618015373364387876918245341466837531387294884966458017111138418657274041979380739868978725426527988959797805003073281384060938250829254865851843223949657896501e-23
1.32247235750699590139494347397246721031089201717732152849278155933269470386941701211195773331334905234336641428425705599846280743222872599131332421493624511149696242081395182981679844487941957190140520473698455547567550899935502614865658606899032183466895958821602931370853934442810459474836289206665873096354e-23
-1.28281566848500630596879140578749442532346609018722969688182015280295299561107285065763337510009873181936695617142097167474382865747028243242814157624931652438077395889568281350421507108493087036617141102552730037681164491558016932658858975608543127624949467301824190130175635573945997272735466047207472014845e-23
1.05156778431355727344245372382038438749990583397254594715477450618580743388949026956630614388219436142312191210035927301628552692016178231424610316515091539629829671004302711186210547118851544172976682847852846017868681570081771900191385244046816998978289441206964696819866854304148074035163177845476810665704e-23
-6.47912018726227508915458252445486362350209042453509227212564392350155012633148197927736274548954509373780138470809422514299293035153128556664361142487155723517653546045407755475771647673507448620464431295909428685168729415396672883063984233035273873453044850377042941219567741248456146927737274340803083724745e-24
2.25177152202707137133186738270620388432961134151707768818815965085173611226425830265594504954559838676187759320375735274533754853298465050148943619808403389985713694434607719368022523933540554575958074556390592695442426577943105086117148078666168656156775069399581589008389753422781723787396264277600681045915e-24
