19 1
4.40890880426094433623759998931082714745966438388335535060517874930785767585146941824592521490098760868995294183721076185030848013291419543302841887419892643717575642700429768794935252393811061174148171552668712927209971140419224345441630035572744496151881243714840455375513334452481890345571714129884313071674e-24
-6.6760695250767178534252558106374503231742277180429452973236955652974615238850612037255245706496335134991476247705356881983239380033047778853289322905574940161549129850096510228030637655687484173953894051546544860843795452958003550842642434644416512845227037223064167585035253110824324636892374721830454911914e-24
4.08169407578885960105936950076474031609642537435849825891608461704519300767331081356418778686440172964834422699200182853078506201393537990580382600735125021993504326650336781159631279200603801176759823684097128402063195810816307044599503379039178931421797858655185110628850551213243224383912341835000636280871e-24
-3.48698850366284432657978582708911016268732926362363280258762171879659541906867356315340170956013806553346559214501956477226288195816434550460124065450530915057610769263602759226706930407302581676951857776526630927891582290685320242882217862708220855236195831382984233482035801885214327209368082035640891505183e-24
3.34697136187474842315826069470417762245016790065564308027362259669509173751157382425206059655256860015360988958271165845856408132247789197773976332693828541563342131462064953303462441751845198429203527867333287853900090898176726491978325261662938994877801420852885060686782050275716287680649440414097471238239e-24
-3.45397176768630284029359239201784994483733082350515477601867817052713746159743480510183504909053908628231422838055345825441733382365899321303365778715236120109667734736363680347628128929212861808960619957847671677560998851990362597811590764997868097850000103770789532814533942783717616569389225359173584719788e-24
3.7599446915305454032515057547844772311685177697989996762910320680795861739428376153632258175358923144622678414564076169032002330071854775451910784949214356047497774118301419300078358672160494922462976530101625883063922122965141148696594149936795951676690090204576266808809088345403715607715965667378290266729e-24
-4.26618493415396777022007640121349871539985144049449856449549797348456937507136643166393346532164893489784310204619540436108819329330414772740499349868261425655682778120644818045084429622828381238983131294547500029294235023343261564104536926456802738108523808239422212864930397468748632029490261939670857861215e-24
4.99627990571715160456239537062405113362721957578781569286006466322983234634857613090402089983654956231780806345277735440967039098086861690732038493769496188279374958196663043414357310761493975442050434254867015661233260800156898197050710747206591113960540057582840827565111461289728082827636665527500667553466e-24
-5.98205039883201539737659653209598505407785741845897049983560163050065918219369217911035116066097422289908845998385121376280232544815604286802381724258510873861125724618817607086562571751504925905088262043264013430865857304377522839187526979860864977596945808635823634192491138443753126337797916977915133660606e-24
7.24586511695186480669786589453425406408104029288519888211863153001197099762965859325984646030764549288914608453144905546458179583215227888408263079636817584337328991154199030230811933865954097292257417445633132404364070244865631481544831459983922372075242975164630786579753477708095926248982954011428500935268e-24
-8.76951978080659074314229947454373370650697512156824777656491425792571885145873357337199781201744456797919870408512128474904792202647908876671190029717432283739773911132898130080222799643285082910924358327773521148572863604517099434453865508756779598273588460116457997829098089247938726454131604743231587261701e-24
1.04420497973194511768816644355324341547778591317093662067164624063698170696030562788471278498517833625105050146798620474436165038062552914161294231440650252869674195358284464784104780043977869620087277638702886301166310354844614627725353892076089331169636254491713114192666924256595762635777074215783203828351e-23
-1.19881244664948808870578174839103852525169058460466601934085069955294154218796180084899037512141201197533056645299220324291101640698803642259740672573996156790070358019247880590469839269887442026848764782978353247544679393887925611355511454927203959526115402709463592115389699993392000714378632881323273002901e-23
1.29081275563677785357008154045506631349588641252044869902252160643091981988116850264312069274736337183089132385733221992568366502336472919415182664703074484742748356181288802336705059282902351692381443072906781520556165613172909711746859524674940294101568132339330718644683479040903215240914775627547729557509e-23
-1.25210448694571730942929991370966636650777575410645703014315448373949296612404731715192282195099925327231586251408327575734438608771273897784388992299778991428762434026759792458859176012553585515007567796505627608840551223182494271119246626684776471410158071883959806433687321640474337275655661316904414458458e-23
1.02639194790279735893598456441787378145134760146972742341614955023325098658415837698490728467944209904964327017550434167963401884117963967062255254592133110716326032201075168531092882744911893508364889796028193349570705501972533905470393421449376240587791550459849439061273299068429204948869608842191582464862e-23
-6.32399654976133487574699762090344552623926807168777318225585772670569832467569136978427829141536767152364473187312312034320985341212123198889364375783185121573384352553423558116318234217595867422442241482112884149920841547577543146187166818333545695280970441002800826983675275025129799167984602767767014784479e-24
2.19785740245336317833524898207134634285189051915714213836882052535945587977326827946125843155909294068183664472811001016662459858364339158470156509714577905035661668757179189181918978235477355814784684215642318983912965069125784463038079351855429369715327656527802266074774579386680054620796567914542404240245e-24
