19 1
8367230432552.21108157457390960813311840742944612023301244372452050363583726448599466325783819983986308521507606682006219143195690595702313221205493643451566981440663911707815199416359926602386582406470938383489769710819577020886595092323276596199230709929155897266141450269169465575503980072820366213522329264
-12670540403027.054305518262973568088692160872917628652463809015239072669141434481867424402897735723648541236667086967587654696713662284584087668728889421552297506804107292146817953549226725886438177963352633113822295213140464878801904908065519148760219062638654264363579621435219299539675654118777746026160608
7748778212906.78548597248030844944802094188009968245764950949593530179903616014045268899990521202221794395867468640373094774499226967992942231648123017498369972798567368019193345335700443528313210181138251363793993812419709028560507083372605284352556658469323268828735761331849246306148548711325850475129986325
-6623034091328.41406367969353290190092024358636558041633010705668407117823388363497089376087772361768691077184673415588546973037655097959505754518133984556434205142036185880454369660212509492815786758196028854344917868885211285743063977405373761180230282775857029871310394931863964935138522319747933456687215154
6361625584036.41714020628145037620996408938760616966306560710613586442793992301402708165457147113828064725656907778291691183198481337808345757520651898512419908730058726987905695375740877097786598984371536606351556285801986232302181110741269698064425738101707103548322900153226560911172179490458386080862775517
-6571151898273.8809639092895321322462833314675198130482350603686473799638315593326127843076588315198202773386133512258779936740444105697136814220801893896589728485167375998039339803053651169303514117686135690908221729729275680723052426551451509933647132039137920900744205440381830561391893835268634931146009483
7161585609386.54686213328138910711816039804583309117914542423558423340764532008644729155275879832288016393455974991241760992207675596186144861962885790057737397930744988290182576368187996607131606149166339537349554918623230870972100746559989790357576305023765958124263576825506531826262536438237881618190520292
-8137155242381.12751391680511767469201391011363903985452061320423397131798037789032057964568136329437619639783492710701274002157645569251358220993723061181164086461487199605089596757290576739027107069219943739504124763091899892907676587510793809845804657911864442394027036924931411486826149461019634135966571643
9545248925807.50693865049819914188671055579400956768692813584649419778502881138642999489220302061006031908544091599435480734647125675844558564273631291232965600754792688704101775881204113056385911359848777548608470045490940698621063372323232638135985847677309698421539991634002565764736210269486140409645399367
-11449939214035.2870115703797924061294702370546131934997092107277441324277768171027478266593204291106951986636986032359851132266453806497286220008957967823180075284706259247803869259826469006740481303075391052752265234910861080863095427153544074117584582630296335275735816441395985164015071078750429131505762985
13898379810327.6598964840369743102503621380166634555798216814217245359744342246512181092254179690101644555078445840948930686541745399427407811224589497942145751141280022122870598331873555140770910120784972226298609760997497557042206375583887407590803370090190917301988383966230290370210446522394960117226224706
-16860968079248.649531194470273381123485289216940925538715498650662968830666539142690061545371131336006374131665760277226019933016439999471762523243722068971013873313770783239883684914264993104666444669833869128552571063695083515634215296497228755368173425408581952106764147500112574838275569787303661007651154
20129897946230.9172354491840459844753088406528165351881590430605435462249560517586916849698485613978937099407649142847306711131154213354358486186225240924230997359721089512178474125260959074019302615106727999046367003245553214416282315691042468939619909027118447066869167721460481756945405607186079048057998314
-23178094688953.0819104000400404631508555371772128082047678013447997687785809608719699125300293933675356294747437091456442332316052943925038711159450019493792288978965739210788801691347008589964579460570943144020630637420575233904868141727453070073334270652275489480547200767212172551485134184117078677600801181
25037336115355.6800685363089717792079281812059662224641931979721087193254311496791430891891985918201732649374019414534490343280090188172405551134869930860653774962186052492400364225258524775263873016503403854785207264635144451278580650442346993318488069030136742350556784457522320142037061513625847089188177938
-24372431239374.7713829331981011372458116917045787379910103682928125417328821749017023615920163893795394340385558839665498708843112376437018697424451313476245313204656208899957255597943835414578156569478893905548728076193297592920487602814325008279051294716312760414646343691994710554064602328885666215741464031
20056205463617.5588846014573242605966167889756625814765665240256053013004550243043069350814065916712300192446470178211021691294088589727518500104210663646531477361863991859048167411422746630339521024717549574162016101117939731836401201008264843021070980592833136864347392637554954975398029481343043023313368437
-12409635837517.2758665863738536317594337949538673306635885874398813470990819959762083136448709075076135080473921670621253827284337994616632710801702252308558587475704740467415190080628967196932397600779554383790036017831258451089649483183072036945810381551401028840248846013444801906789317054697411827865563753
4332784081112.54586001364122218022345618510276569430370273607246508773931367729153113188020031394917658846245915794485699116335066143046150056935155402094060207281447461721205022547748794984710512841338084036855667872205212775954801899514795312906925014422296168131858834287791455821509180573323493444496488092
