19 1
8378644602432.3187364252758994184016972489100703566442319417464677311954144576457611688205328826565427163120999828900265098137046136714345391835337700700256753688883996433289009217900937501568355836559759702601851303176345458548838778411132595859026532803644725634071329537646545939714544906557659382939983697
-12687824941821.1559943784835629267016672008790624022783994132233903074388238452109383925959712876160318631388545373157420821973945894723046123233436266901280746081900885810985570308413743796781977689265868986508938118433846085465677363140425589772428773576076551999864852981770308429080762364051010817255895299
7759348688287.17632556485927323849252564507528117874249158208994908193100537975314859344256122945411427944473008599299281357162476244641887875952964561963668058010839115573713519553244382684077475700362503014811634523253714192406912919022553731702411122214168048591930379979494565755209298533637358760664858461
-6632068862665.31997691888215132122716767883439967561418934310574798485088211432723079193828493898141299903151712998101737026623878685728801479588342220444622037525944871541867926355816031981437469692359896415380523494932971103753794416879546740179178021258879613530229976708861841679075050601682538351857091062
6370303706936.11853579971608837636105149219854343616839570974526084322112814040227720188929045437717995486960756312671306673027452008559185536959355010127721620661512999832561980704145255313628770751478320631080586999156645373937495310825130611697965286304831335835001597851175655648773755071538620804736338688
-6580115795071.34559000589040738715973444791259927043345894674401396499350361958720256771329857077890609469369375192696900873854354608912068031015430396528063567589781687732218243638211444732067239192482401233164592288706940951199054235006324543181902077722082146159155359974518650246185974051270781226668831477
7171354871540.55835483820801088136393422402509578056790956407260814151477311155479530458094244472581588892188259266747066232673773768370878796258985961122000773821506759225062890517781626330122012866801739995583726103699378023486096816330696130914585477065811722324197603712188241906216568105300332513834577626
-8148255232376.40401264713272461792349312279206272982762695232880712100770165071655129371982112561827635120930075114826150910955190587969991036914370759300657228039741487582034502776861325227490225750816463023528378389194528678760352750566816477886495280147693811522917604692796586977154792088427685674721694391
9558269651713.8168342291236798990410957979510036023611082594371927456171912463769085533942857340528979307083344565625156111047900954813347745519986895823670525750319548359974773299623228022551610891181563006179509679731783892692490811541182192403068318558166209669396405500713546354686037084643076479085660028
-11465558097078.7234403573718537501703452865398897586836538841458705583258492066019378027569390924666118016133194104827872282988502036938658135134987714622417808910586867386462852159626123004269710717639485204500320292793945032139062332014594709771373611754416681975845970547668638327108729667944557547713605975
13917338635515.9092716790150823269147019296470007130631872331996825712242269056688213343056557102989835479324505593366821936551739265756889645491647545167065028693566014812406273466256348999283751407811095764595627034018953611082940128513972623413127278216080378902864574747187555886609183268824007457117442805
-16883968325524.8432929769011178479366394316054641226624742736735003321613365043858058375616382094291094371374362141764400520626413614283131925540184803845947887768798211761685773880626737319980366559250337599671015261383106740247038176199729326429445784595271973429873984042393059995675481369178927524050895691
20157357763557.1963746128303195224248733151493314788961513557722953291762846994119085454623541729492468396655183912942347294502830975891426851568998046608520622455653097496955829124558581055436915665198338791653152947694115261352705944969481412074829574243759421650031149363275678258714545277356689629586475929
-23209713429589.6977807815436987964911090274242589918491064423266103924742554935866072178339030187028447183712648758495837859476334630903508129885491871893715403487466920715455605660939541615265351861632261738856409896740535042327774624860077073614898538179155534053656467752803878015283391535617498757727307119
25071492529376.9509303666453114347565185082841654401515704426408351184869086001871756096434572597879306974026983945616993639226745213700078591356401009435850419393536911886832062440818534514276564083621976924476102398135716828273379453474530681844577809702139800089830932385153371845493925699996142806921175075
-24405682598864.7082260818592834882142641991800698210776033429544068321001544535660987551110459406971792118494398279608730693555036253366799074718183051943974418735356331786303998612420915006044438991319190351236608712725910960176930080081903226920331286821111143332757423362208754773069149650659777393388233574
20083570653605.4514238154140861821750141561852399430368785053727206293669948161216184160821454995614200038766645241938949475557965636413375693674320237612178113567288144966298960803843039810349043383881253706224129411638141361119755870896966278644532364640168471853746924853770604944997386547444271189542827517
-12426570088030.9058682685765670298025483338008273607115184351672725541974156207969846133496014333712780342668942486168864271388999492566771758325337301171169864114684154297541085904606411988751586837707863293970213455843535461169635370895358134912270833846780152819667528114888114363528860592720404657886507622
4338697772458.53835444300791241994446636477853874907547337549060046477482996002390540876982691832302947846324106435805834954999243268981848197884651603796072251820834950899616801025461282123809087252872891073731256933401540402877986451953357082409443013280458972616964780941253053594184157688281372793572041695
