19 1
8362266506847.09671016725911102237143913251859938864903898770585161528993047753197988402590153262223330574464303310793354981506694166012630468392731963567344169375492539028309379791985835608367997334251722677089156307375668817234247881693722778024304038494563069061858365557631711319941986047072357944279482379
-12663023395377.4174816643292765991569886885018702117532518793505950785796595600057345832764675338411082891334943732070019640646711175005055153422649408621481043149754056871474203753411111208223127451858639515822881411263852723267109060851741114752991716245647205013937983910739036402793642007444338741328417378
7744180916113.00911608433499932941260491313352467932350228041430149576077279411294810983138443295191068766920677916997033173560849174969659748398013758860533710145341591560629630947183638736159342264324230839270820300663026487436536355853213066160206775918775594832528514187237806724486199552783189217200089085
-6619104296556.12170637126044209974716844901985057049203776852105649359044433598454056181204335994559691327998251531262162939123855328106284987157270415859146311513834706415873497020062036779176503294906427361219511546095968211214826932467525308658680770601599332651119690102578555920019075020897890063674021632
6357850339588.35107424665646311268717341364145303662324733590986678161462158173654083259395721212702866999941321405882464138755955953237741107698353523516438311417547746049825117062727713626275164649541225268055850070148509678720215481910555075389722805564895006589103592068395980999374992769717816323278936539
-6567251507919.85521381711290314660455347104590403554168388487851282606018610977609893627710105551896891565840771973859088673233291857612477111772910557871525272418455008162978787960424189309692398604495618514019713208434246129489754168864015699631734259224008823264771447843938470344403552464864920726770017946
7157333534100.48424431637327400365698868462564834557413865154794599415831355679032646622610570613925106751790749211948572655707932072407403304404659015409579269024476901974589918495679453130749797193650001594693230807770126206820146614279077653093603011304851119055530286065058453649817506140467146742168612829
-8132322125738.16264946849886425340396588705233131186561518503006847153469591237379497550802630635362960262042337642106494836744943769530623046488784094383733375115711857820878077927067398102714171463614947258251882064880601135520901948285723175528388326319735824313235609054214339933424157755889777574316880863
9539576653215.16613189427665541678524535951484188394701443740265788447677903005699934352601748680158586425979011633764678848308880236438908770635561736673737736799167763068821917434622333016514739570279127219618097887017333790780322723017061614381682040227698836030847925134431634184533949532027085617312133158
-11443130747188.8255736661190791061248557859972579301107860739382532872504180209402878344103226266855142772601046413085961417904962794943056145006468574974813415718489489870255042646017363818852746930386618711525931486194356177769052406510759739747211331198193002523413929805161638369844591786101977240935024354
13890108665616.3513387476767706697706147413186927659093999753091540645522235662840621377493809662045354549822223946400806784066035648786208122176633782832865519903833926863746980153614559062020517170622137492790737307340531492420451012440639985023055769433544325676569987263541966226931223597862736143845054341
-16850923401910.0948956498047363369009492949526594099696073847017528660389636533056461151909273081139903657613033678746050442328061051711098389634668366491458496238638751733221668350741275047575893735302675387940513713653071897237210028532209821052668500310503690941791947511388642390503782411365334354261830976
20117889981685.0766923099069802860940867711865815424012523777683201369380519021137589306437842323285666373613324963960849566034883046616721998889136289368673765067920172763968607877492403938031941041245518433979276719510049944371826920525754100933329640519958753429745985347477352560465736225693880663105381388
-23164245227100.0753949843266125098055135901743245876066959890885275078274005497861573529183144767812670790033080615783962613642162793520471707333416918791445744679391115545572085505357739525046819023679754447898734586426200985625802629841185899162443222748846248687739902958258113766353691818688730951224543855
25022343932470.9555306556849377994159552836928360019560007804003587063021487427715363990097675367307039091603104027045511609819181198012536144708196079560065694388500062794822279471478771320302350897855257967761759275715779493974044199978597445028054926658345043421569458410165614309128017153172704604384319338
-24357797831987.2944478614951028372740008012489910359300417564685485694430327025079608515063163283355917547789536655553403568793013305747870744226266330478803298699678549181742418816261773842026461168842836410261994482789804971960349042878258509751090231287030431520441320611331317902458286845433452214639699745
20044122087351.5863459381179227258539808528926942921738644693624284809095393070407493688327920314181233696091590241656770714732974148659706610983627121921078626810198849147970693767142955149708038987897998573414420540305572655975626551169800413952982874081522894668187343030686915449616408378123012940997057637
-12402126165238.6802905708145868858368859121517482283596211260175268241616685957611896174990311391590406199009864725633802052604630237489210202718246016637183651147028185374498739105770454491625100752014912243695941005735413944415382346444362779163816926361140886601307717339530581380560926327470523002270746744
4330146798207.09254024483371430211102199497851552414477899167439778505039980999417241645343557136711327416765603292975044197441145757732558582186614383111235173919282996253386558511293468621985265912465890474338994103668467144981042421592111884177311859380731038229809461562721674524210032852123146862522387865
