19 1
8362264189285.20274018464937591561392629416584758233532960146780627416067857860580991534932512108307468073428521467505506467894650329182916866424611026696920153031131062368131242751226572251431344660680357591301774264997226033375632709808190269537728775960612493976751869732634031462393492737259119081195095882
-12663019885888.2792489957436181112704639385296765947668513075929962614379393676239271851779391915609557238748686811100440297081720486494664579382645354546682050556002175750523866061111986156624390181020801666045599023515964398395764314126418702804610376254136053010924668226483693707387353153788806200917826183
7744178769886.21337378248181792700280479923084116812207683866423577610429982849849206481570008180409102701070200976986488229577706242325510353135374206450081030793918894785376569754788369095330885811866094516396742121782179248065131420892195531740602199921099835631434261882067566188877339863284049502031340023
-6619102462175.51488294663537239360743559902499435276968681687568409591441427362255648462828413157596553410916945888583354578182055880633475349967047089849706475100738975935567477003800510136058974820599220655391188549296901652568319360372428699472529181188516503073205826199211933395933777402107817760353950113
6357848577674.79680744502108591618540020392515059299466330173314873042572140182444665395930074071247961479908016470108584240695922922233031598643293751470987208408595635726933464579779580072774570493356581211652123989869591254651406679549529869203520397849166852855985510183234654536252352875442934794460753693
-6567249688061.40986168057390010028366909758297446833510540680007467720290118373864342770899574697860298739524735889154102838823289111981487889876836010422418201678825128164923581759548585942108744347414283027688119456744014665239298354452741781880044159635387557043049334489707114952437571974409204369010778406
7157331550844.63488249727482122356904026330447867466151065232849243168289565059908727220967141285309039555010008084804150779096913775205880456047885029022844875348409549229720871819240800546667187951260673139189906466538291579461619426982213167683041822969232966608671923250277372733404556291036719558088569805
-8132319872486.38904630715519758472666622535323735674023925955934041800336622938612660690103147666064384358830330040837488939625917825600167162506070210329677373520575713438181780790992772124629299218838134861268814152900353048147550845152107186692490040358929944074888661907265369929401208559438651084705931386
9539574010289.12196830659070127954028953600150960795834331008523865182974930632923993662860442882417921145318515249624145377728112601588434396189855953117761417381105937253982597774576696379924187610358323875568782403325881510698868684874004592909782971038979114165925460099790334643782223355288729226073651298
-11443127577227.5873283195306501063702676465109312948255563287049292901264809347700977729934230029704152403124816410656616906079715685237084836275948858846574272430960291606081684039894331965507881130748550471256807961924971496212064589016307899929179708263371899902161173979479785748005028702807653292126453643
13890104818288.5085765452019834200794912685251710331109669148944056046605033356400606311638558725752701574054222366317944397473685284300421186924555242123400693577164750627506134165105664862919403891296216181592948486528844784447323529942048045634376046327838096081584772206862453364092554106031402735695092834
-16850918735189.9382232000509008283525457097488125836825935370628160018496200407033088512956927509674398435234632563146313686332668701586270290198241453579702912661600876031494274614361637168723194337789573666397698445697799782486507702447837525529676296220439396927534041434221110417996207625679677717618477577
20117884411194.9102595980222706500561675843708314667285340231876768131918020964139857751154791769466390695307439694332406691717158536897686921764468704017193681063767850046720011774240936362644234690596258952059225087537239681513256789406490954870487449894700282169833622568648569454937892233289123361328342068
-23164238814435.0403856743390345033793970727961622224106755299063189297543215291515121833766011881568901543281567020151246042048727699113546846262076135685474351641033791376997185112834972098949976745633113093778291191085291373758527133212246710722994132973950064739358661155666139757438127832586493913106875693
25022337007119.2570984807883219012923855005327579205650005997785882867735503644082362956456549991815649175841553197729164735903376591084287502020724126880940942741139702333641330685537665294932814382175313177077412706039936899616396762856833604490583229476883096595655464477050835745223080646153149253067937128
-24357791092510.340800926028442016313778482506015182305765929738215184470890136822624535289678725295222651822514905431523751001630482571582667966583768734991020485931353452488749698327762558843010691026573864605783429608424039823082829319265795190432015210780434703800264838059160082464935896443022515721363403
20044116543313.1132584720080427224997367798359191193239258101115972847260932585478834781035491904648651024447020293099167601208320545707144473451065536138153237670981942399129479082682484368485728944124989372842322627713850762654923328581696524491408528956959874119052620389310905575263936737223073480537348855
-12402122736319.185591258280431085478062055918538988250152353084595287510940601376395206110341804107143551652709551749749307087534932109195279265028230109321924185106877357231888454775748571139163528732363681324335457945413934363287152018042280424742323754560290606037658376541631004650351179861701912902043111
4330145601610.36745018633736543687586186316617343127837305282451354073890646224713604816411799355724704091225813511324372498678745103869011254010885608550832566664973938834307192153999854550943012069055856659243518198883847253636306746240901228052183191187291876978333359649081808084226601725879546954224440407
