19 1
8407074039538.46663173653838355182225044484651918551337831421334093583013224004910099881712654122043048958694360930997829199951059939039528214525911605788590936605513808568769148918925477770415494641581092341555331017609175868154652047120372554656133899942215466175584989339155776032451405765970828545072408089
-12730875785633.4274032594403638779362835347480317409377722162028616494087068001249057652309206122424063417491324304150572521917383154270505527405420229122739391876041743796678867638003318390515334158490464903628578948555435585155484317474930814895230089696288477170742882380351575010872623911143931264937938394
7785676729780.97111636034206938093024428614919688290956323488449549525825069281217222642097011293234497397711734762151162557074709357744512057876677658925308635129136811856595999875547725621694783882907611651027117803391012861048670335603060821476344479191980742466150259306195381251338136546761383823582339139
-6654571900648.63882692547970996367198642960540121742059167589909573339541626552758919150025928212402036565158746249845044488584103654666140089458318419156203052788174201486663270422980725039570441838843610628172757368496465723297730622116208878766652869558502007808504346457607002118004977000945843892803112047
6391918440820.29170356372666775901209055433200198685571665093756315319279419868374751514185309886256351403942954110481386853993678138508003787115156506881949498128313102427635834556474908888416163917120725163947704001280668344473597173995220989962645368701574652641374761208005603226906804599889173266568094356
-6602442310330.70802135389456424954908466826530838454015922797922074208412413584765822902457533528751425234400311164393157881724441795709409627427657940056377828964859492611339079257727409090963595882507950828142986633999591632455342327121619538393291396622336888266932958490409599572260021740469443423665806256
7195687317181.68483360575555470014291427730217677384934003159492110315737484400126722392529852297346297822573348543361904152040228295249672714874075546062410351434029054913924359531759451752417804557787139681373995520345814334611859031481779306072471023071809876990898237235363552049773791078324577961844349398
-8175902126724.5970491891817730160202269584315807691949913740901538672475217683068471792863315317125744436865366109670534988022540617503384637602624988208668263841270946855815685354763804516904677125504441674955637185032377196300240623551846078678102852476740599629780668261267610088272621164292882897382869507
9590700511219.26361752585198991112207190099288812767993914899362796101062725957011263103955652021703168917851595780545997719701891334760899219057421340643778815102096509612326510459800022733236271240640255051363213564876850601684814188565818950800806787088563985113229897699943244139791299621662796570232548583
-11504460139535.279257971830846433721517709834341586559930744685118814489531339997417208672397736019772353919334928582074431801179781652331472886029608972198250487170928217101798021500465459531496321544069372778539589012386545395892047726190307346101937827169374563455653591803205226336710608068951060542327698
13964559348173.0909731910042028532829695490525929454174049098142708916082329128384757405303461136600933529958376624457705661667800901787396467337485542354911486937493532663489089150060118165073170647582469308519100569183424073171196758976280792576609780403861837204582894269821395075436501614312195857166349578
-16941254742399.0741258383096126155285490714508913634481804665282267699951120239948438654509185112985737615219225518969635887857384429771426285382635019460835245200919944532487916949601163452527581379342769881692297318431483572128225643835531320209780839582421557506693984678593532305602241640287917106346764757
20225751137916.9526375216498317313623865278786623622606058192049636661007953396281304676424190361753026634205156618286217313343421058190932365014982537833068645785829576781807086857860581580809738345602691433319979792036544781101258689159623396538360364793482579003104097170114703083344461738701010604337016398
-23288464608943.8823284763959527717748384044720090701965271833065065618512483354891640395307925123518399110088765703271842163534379245445449581006864908320399503194684438429637936608796884998011646611074476605857659529481867299331235366724281553749226828579017898223752732157312681816627828641542495760703390498
25156563113762.2199011972823542762092881142794796805234265787429804406059291238805450468148592573634379765251727118297973092282338761499492518795097022181068279128427402890265382538925822644601413565906052314971405765464839268577037604917012986819619690180875743639487881685020595134268202216166644042505361911
-24488497647828.2769507223129803893113554822782287697700443545438841453630168979598917547617676759308527670040753772054422080935848803521302296009225207378584348915444628236774149730247536182753543312765416381988213219382467195532558292931203044669985828626871685077608687023871685460534680058616566651206276866
20151724194203.6359275763670820402048646408635647773370412493023186617633434206586257182650824728167155249118459509280212763723880651147977841457218030030655279932290502892229245278117784228977688612897306555028646634130550596931523480270470662155058894525339752696607626208861952763867065539947083143196736599
-12468743860000.7952865770194198986923100949575019997211350361186470479086855586851492769970685276191384261630624698602277717023280109454081390071525595261060864375454190908480266157185187832021757112146412021909739482842014578757124865631542620560290349170004217519670092290084244665304289765245035193334390218
4353424843774.99161023476522696413969195066815993970103143990707079674036795442959578142723805441871668378282697588239935649611803072188263307466086569071574206871860019309203945250673946154927930784429000078882520835545485174023997872972142807345542808034621535807479536365748774235304742615058132295476948294
