19 1
8405552450927.14858510380761442096993678661758986683614596480311695475990516153019833451844159496638733491191575241250183238303220475840567240119643322020143071723986496723825092867541999250027382925941785133709966096734309460017559233429882109880319170416883917467867443200110417055021295473423444846801021485
-12728571636204.3960348379919056250392026023855254552615632042972600763425323448748226188164434893099502998436756683585864523394517752910587355461958125506832539699446199447153236547621480955094470284439906829505255010722709598734492634615024422077780949020621029701521577940087866814001648617931003512241712677
7784267610827.55543992436688091486920643264184513317747952844618693259509694650216440086193005909099445297053019219074703673508524497535060008950865078673044842099413021782870750482683775450167474808247598832948301655548408986819766770077711654703720849816330345208931761117236965525147305798992799039356885651
-6653367501817.88060325811445476812976504880325458112224203571000227496633550548669789112418536169590103230867861736718182282111304625789115531663723698099924738316071268808609049512477519716329627470170369689422402173488625370219235322833754686515653561064212827710387851973966600475108479877930046385199783857
6390761584937.93788977373110890615321461436878294179340599781958268215683331965245164634348274807775419391064026212383202482441135818460633609356875620985356266122796918155893789974694824494409093593117616264704262244037857851874494011400988799046945791678031347283083585256775301903110176681973747227407100474
-6601247358254.26108650901475655175577692228762906070444166287820811296676662750093375193907243460540973324939646563252663652190893915281499402957182119682553967459909316665186284310526113949609678991092499555145926410561074345194433461508426841176770913033816061011044242085191020529243430503012064746105982719
7194385003826.91206920502053373510311454799956279418773783682290028458387942286503821228773175302727042845944864295241482190769624167644616118182124128844141696659961025260704635355583773807227286421611338752216280783482613139084701394110553053476139404952261904251024923548350731215001778808030987116053666866
-8174422417925.79514133185273925784647703778229086435240680067802868432544444092547149401695925264156707040665721511766199801336243167281927097722462225629273805066577257501111061418220430254469013741486940706611317978080855070557745408181601205650903851893780752415626601881446514014825283542398802175073913391
9588964756077.36541786864892659112822765974332554902351845023030233292135255908767407932331757276356835584186328331930148067141276014694904528375499016948384699104962879557523961826494059859850017517426210150037381107698519870831460720726286155259090396871651888200999673025417076888258902177776926413842530323
-11502378035584.3333482736512151747047786335069247149227232484677912264972737759602135923136929827288313669552811186910517173050199526556287689212921790396160467683287465585614467013494487235745779693702530827289824403909188109036017194964377868829389351892215585560021942239730203531289704417747748961086369432
13962032015669.238272069371577031041032345106121734257485646542214723834989897340375121505748085108141481592422090997509553355772038233741728077920923777447925548830475626896931750838116968438056662834929459537741911346238752378357991066625619250127980942204684961869890504493669633243369458272231407688986968
-16938188679046.8487368647160316286770350329098149645782694776069418405933342263712379149004824115055016289833299975015391858656618684169184110059625513336674623661502656835897167513758252367166158233150491452953166169192899902933275958671831769733873137435533791146844498178737368349578199685917041498289020533
20222090617756.9392967720268139430805724888987430785713248028301244821941691455421997169329283167624071198657322529658422183897816794431306649177605329595633554811895314968850728345606871430892596938015939088282873638921815613831967575757281996003907903207622274362561244243880149432930316117944435100451421545
-23284249733726.6463248902739582552751124458200932457478382051405342386268580522904970359445691270400616688397785461354102430654585447254179298187734229816958885465860649856035775575461230874017408278210913458573234917032372809601771023124106586462804978225545230624829909562026170155135854824023292153899644296
25152010032723.2250844744273975169062317862243045790996952313337125475367396155517331489325214621489495896149071355874290157993011456143184865236701487966818701301194390816149872542275427185358428714541864051092078071995954088055829597559961278526410471831364477007675357223119063120166906168429492955756574632
-24484065310981.917973084337690135744048511960533512050989442179021782234869108796526959028328414903921655703687142721589948082281449855179728655256509852419182636333238662006798623120484869026934252227843006982428816421711101838673099540311017679889723386298494706428146340685403018119390509937978387562132654
20148076584309.0844017789679178249473329421184928390924243105636439491303304576875703145668534900508542786931201298011228909037650362925749809613863124722585978487262362695352827703313915427244230486485363580239443171658143046024637249317101297833334932913223741324958252474255499311868857949154645595350382575
-12466486725727.2344143565894085700088453355504783719182789127683198513647181172504960806353620988343121269994589523694303408889329444498020763757581830608668072085717384679418381672771724477886362476198997435302428022492374496930846249720800542668993405192702204881151490236951175936868700316139012080545908539
4352636666078.73293491054598364537785673247352847207313271456391050243813722768647537420860451395104201644446870963271331412434541117120337356695297799288046087431169361602712773210865209797335388706675166918379198957238918659328262608471554149719125883326698879828158344987516714999257897405965747726363395262
