19 1
12405129399267.8595461498558290660121061945004809733515062332958222353683711694103173535836294704255044209334305561126398144878320438903457563848099954227484539672867327568218346881297642114702116769444899764936994771311033481658988993534290910029193972592781077810341814345353383443376336536604524955759663961
-18785188538341.2351839523555170259192008154829732566660817800657268434761690574714136849589817169854454794032824937111872613531441048584530250835307522078189872966328467588540372546116876536981112681091666355027605972475284109420313938795704586290547064521882939532727967044585356583415417353725478245322391003
11488356012915.3876872697061373124517101457616099560850458562995152787915851751448774282683462997160459294960112856316591243385924462698357291263786194169261374999158836215763031498257169060469329412288056266643696709909743798241927620414895655491280626981171553598313101609150077158865513639627397346926891213
-9819498441536.75050939760076258821235012084478411373139771601271844318574834508091996207413883973582898695517502271784611272152813224745534588387835573924685518384415608850122881748999241808754698585353009380863425527225190005430777875421945955202295386759047188622964954126643634994958303432828495371004292759
9432167900521.54867272057221941772738301060338166304329698602639352733662644833517207136143944340492894319389401987492119239894709412615128054924722428295231148482765222675501784613854166425585353678469054171689980661615315061068634663618483542077217746585352434564806716534533303387412697393891340796866027468
-9743153783641.81599708769439952886665721230287903579351168431707845214447899847777097954409487641631848023879788688990836098702492076267377592721332632038056916251364766826950371775007656796889832273799608109430341762964335141639267488014239451386776172874190050049741092980831194647866878657454086284549243846
10619045267013.8164681180607244049236465273212837985933815830043658562683028936860334221159936960804871422675382796075753547160127688052492679859163220862854218445869570427684802119695265661287471799428849918215588424048223213144770096103241224273643027110119470480445023277878988609612030422405483198118117365
-12066208986389.7655892687498637084045774392174362446882980045657987208791130390861403484447597064127354032140121873783268166117778055100430651171439528520140879869955447455620664044354251390353998165073054042804223613636084173287944349225993723629160755122847929383730895828092037037410795747842921450365568379
14155047445129.1613559921646013658291505454300876947496063323604303795208759166171358319670470763511437992972310810871751919215768724443702886102685368208897963375371803879408284162381503917811017875757448656058143629509649063516679977338478399957429903598347485116938673657251167983726784581014418173389317429
-16980760700093.4198346917299386897182785283074831187298946008349970771419519735269947370536073378803651018965156181370019943931506763419971124545570639350978010731642725086823756504775236047685798699021766082469254710658219630037826543253554379620573321869688753075573719311056611798821363341014072075734345483
20613528187236.6143567486977743952350336334902714027404366823399720116977922051673771184754426931344992036700232290327213163910284508362446130319185604707910440941802206279586350877542271876593536781739131301740974640725186395304380197679436484941571150023804275018355707872225760178075275975823740044262210956
-25009756750089.5413500399053800225538743831322515613332606750615384313071119002646727705746262649384718231974254452529869320337750095288921005091771048417819787050379557385221404025829166045512272101412543709841613612616932779679089313796178936453661368306709488921817485972368025842960186989987644447825004385
29861549903360.1626532310361588477347826455407834753433263101050956125011937438111752498530116215301719090277214628766363001339659024463494016348421000067552348382452664943123107468908745980196503229864949445279389884370802330074897360395296756877299498398670240198865851652568350525394898423717254245138992851
-34387280105059.361594727274294184906101319261289080785790775061874448848548728058290803608910434765779428029521802659518734476154240067997162343211952027328355250112938648106769732453134983138048007315276210805009499299455944362650865336534288822932380376624917294257621063309497191974025975338361038805041078
37150418428994.9500853622103658992574757360746182148465970817911656441030125796616674162106920504770749577730331092743944076458318516952411289533210353232134702911524634092053685645885594575458031367512357918973352163320064893667469959799349168354217096505339151193493870386269436083426116752988215212723726641
-36169041391778.7979096787558908278531325025173123475359036507331001618543488145540363131587307641793338101038927621618018654432072472598882277992159783887779090743433824928644749297143909077996320604699011575168936089362363883881940755723105222615543364597004880060572216712075347285502957115133872333605392184
29768553973751.1168158208241149339936313437940073989848642343174111348768513743590566321310286849393745904790813406994390319224861810335934602180083976951545021112031292840294282473229841100125798136887169763108110202079983845283454847083446407032786983186828263567936988390629142253777809832234167936993397913
-18422510889986.2891207788078472552461847293545150680382105493246041523462157246726932871808906353716812633289019416060335201052999002256291417653610075859513184725958106174587556981460981101571225718932434009437027283380616469142569482001869943287741696598103113598392444873503358529808346426418339465856129591
6433547151348.13949775965714966900845402865207556088769837990755189142869744578710153183210593915778252601217000840595600247810158880700837273671287454772447216891210560274892658604156357078681531134508502558369352525538962248040132493761541372117327153705098682352788231068819339845699458576548489888821905348
