19 1
8362246094460.67260440750576864822884430713067685469388226281975194475161026711153728192634765292352322133742116064336679061443202501733268863582522219313475778501377750539967002503724348928727919644637539840367409827418238340568865781079910499296787346704928367665236605599099912947405255451591615550887990485
-12662992484855.1864481087513256450953289989941134025677940190822577866693472768239487562375154481215568692346720540266192304800134126855664762246293804948079488214972183667465012772285102097296435475930961153647241517353891214619793663746986672221478698581934768505258631660941093557750016610341790760987518792
7744162012794.37700598005214845193907920750437499378749614104087227593632294751777263383408725774236019020532750072817690624889739814692180494697472945305895413726333944691246546120293601610545564728038948896452402553125469235009302988419519218703600944315726512803367657854080230692522634304136336982838830944
-6619088139884.61245832535498201095602713484485248133221927986751187373108624155844019835543730035887765303653199757280812548710827955461220258391953553385671969132450976344406115958736007526305030603118486117737263110837224830722719620726680077442370180714887750949185540123356189862291826024712929786681482475
6357834821184.66367504601506027001920749656194547776591973289666411958738733447405313165220233559667914851391906029021291794237886197550785024426793332290655579191433265551823703479208167516183470531381403272462111565606275494136801909333818962368895303088145429618954430712579484452527681564048551434992551888
-6567235479154.86280095735845627159932496977585437354322938840485760133387896176326177236569816210953935941740131611507334797219970898594890104864596334176224310471765211820614192422799598117866214335142104806549818282157558653770582322178537914512784624423342186932406353550941460173583095622268842057956264928
7157316066180.22999812273455782679107748241110926210988311465011512028307540764270946389287984607592863811116080607775198692886508929566184381570117334795313177406593352717829804647030300990333553411479269014384295067041872267082063491003572163314910563467414048598720731399748975689368960980019548864252282162
-8132302279774.9901816284375943617536797097004636414634942456082776749755398333242516233764104972831192242826947355983004062298641474002289427525734326921420734642975718737945228431232290098323185683374989476284530623932915460847468744229225712406946507749754605218967632014365418816644260629665432036415830695
9539553375118.33889741743886403835326223621792446563279315971504591174791530289858438573671624251462899707391466115783948398542109764996283803520399780240529044269052921296526785467792873117777622483735801925932641728081332354614201616207121327696443804607963590163073273349669883693534242069018914356072633905
-11443102827124.9197806877126007295544878508509327603949850969365551683478560501960580958027815916279902314443773814408521170231276243583092235151661801966154306048359105710818608861065173130554558153936512149042028947132514653256167991699304373700640629500067908549283020950370546375056061917071737364873596653
13890074779512.1115698360769523245336264510699617214773674168473489372779412562328308556803307892645473260852074516959195556502960022214115862112983929589137669654668582117506879654479773755171504555736967912989998552823513820533331614997491928844121693707073582546195973944624954021507428414181275123590405373
-16850882298846.8954180607855655949369506768395015022493488134241362082386094138458784676124019406033615739597935986112284767369855685231757376490755320601829034524100980064933510345929504900439599842334363691768109888713573678439515541543550957414888286706179673325733749433169370626450662662438540547820342638
20117840918491.4537750368360422851982587132316193703155368985310041714678913279731553380919121804298449685950096047881244742378845600788102050711077198109425635686547510864075347368905036989174949309240255241153025422352817997859349521911696463717316821701522696068807023003423783631072702096668132947487606799
-23164188746290.2950833019026623752369367016778324868422551748387746320110603759142704617711379273886711320736503459375555528508844573436770897174255543213863714037677128421709277476171471309392534312124203955874890537104346618201680011825531483771264258443793797783930025889421330676588396884319031227428042064
25022282936081.1595937970301896001682180091269345405775763387944854097292743728674669600114650243454178967718474199423413903863011378719139834332956711156635185799608389027586429401713975230988363161134452555688670176549990787541434879006069181229987101137659484711527397348505988944073587404288298908523116916
-24357738472737.7132514162545362591821335103195947780932750973821750450857796963602398602607957379064694332536610809777052268389888412163396312839663467020023011002991209682984805664522107555765152830207075592386310840706555750947089973754949799130820258575873536363952697748751692602429029163772704290125041437
20044073257172.0116603967035941978018300515269474927046221243368897289549818563940099388104537726849017400657389806094020618921039522291105815679772586568098373223035752742715551369614513092908348509834602483111935067063273443218658667426376351525635490051930020428421936004313507852843353585269012815169675375
-12402095964386.1570134936716082989062922190475760157409612043563368349917230070842921868835286941330407178909783557116510510597689467913799017344763391398538605779467975110315981304648974017343127040749354700377874875820173887330346832476348877314471897261984662390507830524851801827470453099010471007741792453
4330136258962.57824034756419181312928016407434570547173519374873919661724527106110771811058530070154533600904084444918000803990860611850927758149163319261709007012348509973678413647756094189008264634474757317478065832205321905810968900768726522802340179358935950444491378019848343033449128979171165981051996919
