19 1
8362139633337.62439838965247879215557133319378021851063101776804751436884661953845179842142257549820241222419707775841362195478490876582536301473165574782999015523768163347639380501552906496655708416562926263889539564836007890526466816809453624599040449510843147216823093925885711202360765116970195924975646963
-12662831270539.2677538704699242697281516670254443671558336417448960774908046225510097786355417656027174481897170931463177978990826193338533383070284313306980617252929984342012940249850769428933453900934203711306437751157213737307584755840255015288661076648972851377173667361421688740388314098369024264041385765
7744063422235.48924393341238384241848966970241004413823038026282814300023481348894513443852996780788263420753395694201657700356960631042416032927357413143538884609693666384943902766228771895625409801312986227966014075388649537731538429796124279512389332355693521074650493742687341295618336633790915974418040601
-6619003874504.50821996864806655241318868354094623967039654184623031426995965469413346736772711635543225534220185792908754631855926811961857795047421759521547911488136982836228883507535744791564296465706048088487416055016344185513501765435368581223246341434374773590183794237708819676646128286598012680784584611
6357753884696.7470558617003255591943584794043975701090458082190160638596502764601842679094512495554709178030545224129903238010853997803070499053895046856411921001764039862195448030163400295140565968496099176161098396334457956146469489190270359253064231374440200204125740846855357725015239413801044506999639855
-6567151880864.40641332317449235207107854323781523196910039820524451379717939369151661325499539474020636549907816888038091310689092056725876572560603981480277489317658628423771714237893650203939679762794630985419423209314831654603422962603829530209353792507693055949592346774554935824466362798166632194777386146
7157224961946.9575590058490491937779728045054806109950625009786831642059658425192656978128196574403816775945720853014060163107444190614762411993804690476745036972463062103640590705600815679434770061742749685306466358987154644603485401196420055613424190857385403324954295930007457708955508458572230979233448033
-8132198772814.24327744043793228722911714686270295601061708988749176235594351105928436175252130543912392497645185240954891935176511480785026918250424467552709039701080196991425990717270535966230606342921146329744427106601589353778740754906378907965256456411985880028170035099974486793737818991726201742276758733
9539431967803.84323353512502305161649627922866165665889002467676239692814017288643080648222088884214477063514590486737021044667024497421145784563624787954657109196885807372791354236078820849746651020040345300304579182628536764981348666371699080557570254793182970656880146403654350058695685819802156806385843615
-11442957209554.6315019813435444473244185550378602638043420787575011602387821360117116678116194997931485201194066113023573699564471614184269844089452872531690185990894328125448911139003827794513311393265261171784400825371506338164892351154309358329001240015068061370691370054975784821978393864045669487820972246
13889898045971.5902296648150833571975014780440167108469460810972736571439186121069321542258518097351565429867862712413173114865181686162896724866531223771409870356583947654055769732375460883487788041410639465543947444626032251755958900914292064580133721999333179576226137001154211499783164762341724926932363611
-16850667925173.4086406689402931237824113263305230966248075264288163547132838265078460487766623727086501121083183349323291664212782657517142582384424604924889068476145046371636518842289756434833391222543365141692334664583814618232634895253276234184088726803828776565471051620337438163233355186134034612749349799
20117585028706.5077841879635533218905730934223541403080179993243168888783421222120498234214014761666064333266839252296660916603634418638115047161777056038320936096670452879285212440614229706983590650183215228459562244540066630769518487498159158289461286366168605687711992392919496912948580934917553001138699739
-23163894169955.1210650159805263474991645033896119311237919659895760860054204113885896276200316866750448014677423093278234522925084686876967398725286299010520837695868072304494512530819516370178660727480610381460285202951780420469390750065975794702736968045826138375437370878074670397878246781871348703976691475
25021964808896.2346306430726129076172806555770714355745177743974110349355343551464988406130192973354938977268867265254905811961425800172534631333378959465844326830358604886260227205545104027229966248889703091124945822437691868566145010130496805015969041131275732784889128674947825801642904453894150472519771008
-24357428884366.5677498194587341921211482444499073544146111809397242153217755406785222439022354510279961336544831450132712201119202736151728419434897293685061017347953012945169174721962579551848951521208759854718424817301670529543622068337394352083840776547291792189192599935186296951686071304730694005936187563
20043818583544.384977630377808297619182491077264511992481191418426831325088708366906899236374105176534370740568307731823504945182941718646881132477930357000535204526791238352000436228533097103740870438904855077563752912469975869473300650164389117041527862330842476723744306754180985456708545019851752361490188
-12401938452244.4112077901536042609724254538914222516821937922109322082279387700066168766118902609879522771042053456643899487711869554470696263641591233139726046571878262505296799139537818323115792764392353567293368140443988540252240207898855543562725649429233082754607089215382574144761633316900373254993765022
4330081291821.15770173122303552309368899803589801156098866444517892268935642936644361427916197022184046169987399064949684970916882263011703324054104314018635756903450119197884092581383737319857123801639559945307652738688321363003968124319957001975711929870824561888884866368907528202539624262996522470220271683
