19 1
8362098401290.79808451046662690968229977662754213900128408862069680423338859392464747186698377512159284827786726710679231251948623100972867588352923904695416900063742211208168159597913521057967019303319330714461751936814933888305803345490450881662833187200296754196480067136520409810250637376385186177233468624
-12662768832758.7761031599131260585485923822309861723994659288668992763066430202476364518635443158394242917387937126592085907355201908454340014211231414710520093710870068761278374803096448578183993327423970150873080992085837079614164677849637399397947136182341066043424018088946063822381291386042829685857649078
7744025238431.57625362064329826512265570538703575192090335801506306816460945099415491001658532851185032974021902508775981412364579527590188576646888497589317568509526505552336292304300844167227797196595843719319715361793255840147238651518597149480591659050635788482237842679258545891905761598617687478638136049
-6618971238794.77989132957818769030544114972947458203034001744530223401302171078139328784710550348388137438722719753927425929780598159969322163607832921146802281757934624922296909650830631414852654128671465756429295428712992145379911091676313483896120247978140638459383632292183809700220271607653423590018264613
6357722538254.73468379251310634971592699999157471826116837346359005613692859462295959769498751746539800693283250353442745799306491472294194042193664939161825116740641083168962802251604659634886446149170263493086086854422217986411860381738371218403516009202802285946348408797886848925934499942041279076998975307
-6567119503512.95061513333162527689069755781888064488737811205002315029204858141682086106185583275179554499070599661095584973457603882931087935606804451031870773354300698269889279419639105760636071553693707586746717508824490589461226015366137150736330357745763962061975171048127831385626025107630142959407264648
7157189677565.89801920113212612171919793486312129747423760979200103284153288203633330076955321132285791767469992947933337680623292773139425014114455925593988809367851251093531374604402533747261789571038770181326877082500804570266234330409344325925225203677749247185625389726500525182177823253152876526369783211
-8132158684894.16404410086255504697814372059954880486767015604802617513315072905467398444214535962186900465388253834194015724753323953010152668450007436748419976423375181439380778196876094707311146293828558437244198414314817924572993989023878798993770706900087479194480369396548151038949963117962555943127516031
9539384947131.84749170429070479286038224303059196064666688711668048270305973778508892530963085996959228152350356870314727466886765846547774175444899083696339870770167408387575866157668421258607111264853454650602824904060284769740833785778759747167534562526125635688093256807862014891466942175346702811017058719
-11442900812326.8028022834378583287731668360225963719119716583460850101343561855245024338274298745002865179070723063316735455622394174845091029839849127333877949455288573999560165806309843004534680975769942925876727658454238636767220042815662239651106350773511021442811984874255644090594677633743223280928742271
13889829597630.0486903730468698121430604618067066306735325854064315777226374928111461236034798553779549139296712417864850204306759083446634485463550152032797797979428224873853967651623793335800432565891705831127143833730120174943488888720088423475473189500543460218065988595015289028964433413002400571029391495
-16850584898938.0280159386364968523112924145414297062346049798995654266342805228126507144819405094934826557957522615560526237127988384477020280844180337107206077482485800457012175250287523904533926480981151525190487776744874020455945618794403858614456193526003388908898895097486230014333287496263193735342433957
20117485923437.203671916799719084712628795560693192784047209808231935264412386010578804132881667790546374454183608063154960008152641967881628802634922221053489051221958947163535409150222965077698952837139825190311640470619560803419170627725313404437233468437380717777859495141263777564983745332870731443138477
-23163780081554.2819092972837637011931242498200188405309923300627714283853278511104797837672297448247277311645758195509611302597486696209237748813035572874190150002603979177184678259646391717589631963029843639351844539782828359227815758661167152607995964537451832342593435784606603263043114238272592250120358894
25021841599400.0372937465151683133647358495409944707012129891460401672880588810747993824896904572066685611546248169619241650078120097547300906793682114877531937475846201793757460546487851338568629106084981027487546733264937472002879413819829290797408168217171022861015571230322800268849658100124715686532166996
-24357308982017.2703629996628991289909131125167367537086144938407025822524457826823636974103281506307167271715639804853220620118999463888026673334314810328008131463207785270667059979410085425938701896408835483784060281449813808194203582665265694189683199506314568806758951728424708279395157840387301371119336764
20043719949569.3687455129233291231564798173009117335649591490346283384722250553784263180171523883304928698869867220729364172582898933028584291628718357648401655007808943678780738671657583182837988242701554211326759530291408017506539889115442972714079767888770627897483793522851191027185581965012680643511755548
-12401877448582.6793741992038219066849594768703188798979603967611882808580010652177660520730107612671375186835323419277313997952549189241703487621203411734499674569848067261321899793132016480221138548157088900140563466490325896385847953724021059709186860405945426063242820380925887702216942271515216625011221136
4330060003371.76792990103107219658487169499480947562650785902241033061843246698038983140641320384370942195879257512787090049779836358719474024657497937259839483584580961728674534797568865701639438501556560956338107502147467211092179884798343846489612401065882354617563050309129618921772742097721683265893398293
