19 1
6.10232466761005423624793875431630828843078771686630958611248732020525394085294088137791838484823084784198308772735985217934527769380107832214698084986376415464152397057066180103893734793854834739677614400210297422264883578359525709831513783184196520934883776022503833995519923793562594746165203785837261898318e-27
-9.24040190807199449898007352379036975504804803750719433400550768291193017140925082306596849789191598409680020953513556705199907955718045657056765589789236867182771808901167100534081764605105401843819095087202135770707075659831755090454335284537806840036384541690393580224261656368373711700397862489858582271285e-27
5.64988414972268395353041641962648387283187716835478265859783234160732900493907968128842423255320162711872401595035322499145480005577084641969601990536947873137862254455308380638108914125950512579871014443259573456496171283257189882925632696908320199581806522327463601936059425424264493612496595320985769914452e-27
-4.82727409543129065797450300394270307741677476063337856615000686036190948378857573748362544068085028392804529484263672488410730657454462064009285487071235414522370657558519311372912532424292781380732910049406954083370910510008845304484542071284692673090538709077925331124512265134780470873989924093930388761402e-27
4.63424586828061936434753544626983710408757639378934820049346614121944407228448515332489059861970080917928455722016933171331169679240710539456075723153753878237657596228796642467490783656038986520188522321496339920297631205979354609214808819456143319230624954031188849954676071610767702568645927288890339963871e-27
-4.78348903906900333179095909179417508747100927758342502084380854626785576245455777194292440421678256072631509447086757797610975486833928517931555070180767109871593539020115977830950101826993018102095589286597770792886982190826265490768376371755343620228261531228324446194101855885674954789257942873289292131468e-27
5.20870416405097387986350264395637127827385530732165136606008877685348944959440470540140878950506552986201895625248933176895007810235870071001562344749883708578437143746359276694320353491672220723046901283107338915433925231362300440194704563608035074712799215689107171121685534185099986466904291687506264053059e-27
-5.91198714019989732593170087925916827508446073678307339846549961419407448795015626768951426154013166320756839861199104890135424878814525353712973302179276388545123583085214470345015222891205695835041574816875538118234184954569200959773450862360113408719213060520017604954265073410058184736708469067014550535728e-27
6.92643064374153965775700225462046172299204750888267258209317543573203754905063923253696437077252138764897031599368806518175476640114565931967063383253063042360003010337680433137701840231202226873893167580226462567095604858469700457765384175921943538224055373878275540487177600618895262672400066413941989029956e-27
-8.2966947330376055380070704179273616810609507171805997540938716537522549532014849077792265865277178050299199101549504948128469432614293060902084269593178088747932858850856633960743637543093028985037552346840274706229592971132577623887482169544558841683607007808880642120305600172994870660751244445005981431376e-27
1.00545126645443541754355067122197252600507780355298740897723961550410326162718370053308155140916328485317792192249769796846206504594534304365089479285042009400849425806522954166811310607952522065885742552789057834816463255520869992465541396115248673902923876805746900599044567242449871082927343416955513449683e-26
-1.21754715406438734172044234075885146176010079374060598210811319845586907956420668853817194108876166175116418063815948825320301138571526473146373135827403410137879531090812215358555745792085796991079557783438068431042141514006105417969803275331868691578860941204945291940833129415281969565288795581412764313844e-26
1.45063596011707050080438796707818596473611086048740361260893201700187666107745612892394136920423414123574820148176473451993558251006668214513124104883302166594149406811496823923873761487453217840537557696318282422020272796156155853278635518548880871265913763328741515365736261790841876216202779592154567436275e-26
-1.66651863431527903793360107994624963809518885533930046537264185066704242404792391021628564408406591864227147323711199586525722237554167806703374516500157953426029386057869291317688154092412607620868609811741309406053077337887190695743115493874216841310026002564373335661464163989414626445309893054731909909219e-26
1.7956927636560710469907548433143152580818088110113122263670312500358531971541354052525294884424958336376848879470610743996186447108045091891953507604944842450342789211435495167328447500319406494992411246088465916506646805830498039332023937423913318418396967548892785607768281223245154623140509859331173394337e-26
-1.74318253685811364255740261919446856893001699976934338470982083944400133600235105806697050688147489098387413868004795556346781254586459636839700717108600554791509531461637287713521438001291934905398939295360397488658812098594087176656389837522488458513601702125048119557416017584377717696239870528016259970694e-26
1.43012091649220875410967494686306212109316757271059761610866764744281423465967675106319657561122818397379789724712107525607147049003398529463436924796836189288313118236799753280226803419807945832373575513632640335803625773802647001419931635275116687443095556126985297166009170404303667896906357663779081461511e-26
-8.81926018672245825724126122346806117643793419564778456371526120143368534362109760857141239829800968228365039768146060565658608495510438945812185996090372330029195745988910371938539539388886249646596093832396162994512038090680576519279414915183108236777166834163064986009752867987106069252323377337453057391845e-27
3.06792615352496751744491027547568462826679407608384848029456348516390872519196963274213867856110043944525662316544337002157337429876731029977819043185394955308322214479949024605918027331379770880419208134757276099739759538899260121307198837793497258779959005596686522433279174013590862817211868886351295875419e-27
