19 1
9.09195361063214277932091194756309558319745055263837836949145177759155168699388731543961346202412572169020958974057947260830261344424574306051121520864566031965213568226325803568173817976448221309708940189289092416254992346326220675853907561570736150245749160581923619182592190363301789076312447190612538855528e-27
-1.37674040050208093857674555875509693383747533454521051559294878893452188075860353204971966632573188872911757815756260183970995588339897890526946112926369621874130383052827112025930492230817488534964492898327498682724570000954539607976691535808240899982525155977063702633742868338603651322258619284328565150027e-26
8.41777304225243315197193871628693955562030623099536840138984090951835918312615827820393254955947854586322600734839898574607874601769499460970472409331442961280463815780433808065938323759410470165367183869551655214009993358264867736694475595302363769674363870744794309673624179430292506598630396466835927392496e-27
-7.19205963498816556635778230869061436344397371722285814911014985622352158804723274888475971585980856423166420228821910394824273670233564709622683278721964528152890628663246570592856033224640079364608207382234445610419453038564387466728960210229720098704153682876375747601028975308605076931187894236114326020963e-27
6.90432488690487932958072971611602399406990589355164638903519031047884269429350735634781859104738120160368146284266747994528806612105210865041469858797768936013691248185924133099145860785583140791215925238500062592049012318389464251095011263461304352758099272213530760537853636166131876710442586161464800407673e-27
-7.12647770048815435610635253872705573475894098831460325508465176247993662194109488760634817887858507255410168375788254732061189810305176544691891847633622068391428452630502623821097743317211067411561676773181380439601647630091246154086017320517230065124860536566398587392141814749402793918585970463358423240663e-27
7.75970136333890337947817315614119249825384393884539215509974894453938121831369167333681257786833546412710605041891929452181958109606338740631889902874794903856244662861699063778811610278908832752515424352143591812487604943424496148927800085920305724218495993194668698649916403440966443546450136339196636819372e-27
-8.80706352308373497520655315306095700521233940061780430880566876122961000116399197917789382371492116178404767399647727585080900243068492452004363387718246710158605004788383816919634479143865713519376245707426770046700891563050694024395107123499912229007209736451274053847528797874983372151250704455790417559981e-27
1.03177886739684806218853061998384585280678831821577314621731480023800231402287553473611670588305880546581655481989503635451349712274028972373130282384799002541544808307215229360912765035979150195658007260746173709903514369206736902784460625870141135721343237780416321036747682636216598583749308818139299612099e-26
-1.23583045024617757058448355490885574002590557909419741048723142338129119821665548348090792718770490474634968985404741628536007197724706979280577445758774382140797497163904749030036502246297653761594227873678258482658596128028586421505350407800985844992896432580406060097909849622697778695620550548204792973002e-26
1.49757503726342894300218003603215831964736217566591465319539987126622609601220670192162989096426325914106689462104145755421767288101491397491905390133320836782598307933382492123461479610689713447686014781486322881405735027757837208470846512470885049252868337925507024955851580853977448434422031348656384987437e-26
-1.81336102935111796711691106357191953806784506875064886909037911493946813777191118673392518613421072657617689947371397758143096179629452933925711991551598621447250364349895263352134800251159073683501974810058703928519795993253857241000372635974452764564197598082135870296234181837122387527735714237475584273314e-26
2.16035426510914050325003578844618899486243441229891010670911585296325558713233475120213692225357316417041835456086896078698948625040082538532822572087903749833809675229384589615190587109813537072958590744330281775180536976119940305984927484332260672039864170073277144231506187052565233202477989928934506875408e-26
-2.48165766728007384872448995645955781511870442825219660908563840595754975121363111184080546203685866548046928221694326925590331835294162006955316727523193852884521928113361368325134635048733701541603315991153127527305644731024461246776491813568907340376115322589123149995174101735179272097754776038309393559956e-26
2.67378201451823900056687024425067378576260781463654756245973771710959506482587695119331147595024643493949183095599938730574393988551573725917610680095098314885004219779077802491170173516242081320126791472049457968878594605605885156244922548431390437459759456830115968066566898348930428757304438345566638309815e-26
-2.59535153238818048369406216749195743570029379787419358034324805388983639326520686358553984382337935837024328625691423135251506460408150398190629941579707536973411516104286829182707229001337826451931030250877895136810602462971429964223339565041809802713687310749151733850214175098770515742635366414464051491994e-26
2.12903361588038879536309454973374295773385836201706690138739254123898127133578931879850589200587739571709190874101224726944209193191631123394850971258717557802525363961273059426654857323587104623119401777991775444468189319120737003805565660503653893836376617757525216153315068343378768679761297313111085420559e-26
-1.31279047198720441226312630961193986937850224304140346916149879304087308668596225570896653725928670470211621004043796820835010725452896115250485030490179387282852164132649845102931112008515547623764305160134018449309575132371753403165569482026109840151457728496033095205194547818022230656608937377106240781497e-26
4.56623976018021308465979753019358040669927625552426855650000568390099397621130538418546851376734135834670890322671530536873758906430358230972757268933985084552544336116268539386819193986414059870983524972936258600132802318694591171561438242709105208943989471614652686501737824576188221320667580418965171084569e-27
