19 1
8361480307206.10701366226949236907198349928594129005978768621940577086820573435553190020414809973546509669172470010823225254438282546933436078367736607133278889257678513689392390698385776895545234791266996616164058230465403281505396344223183163031818048101048897196116694521913042592090622931641496528879207457
-12661832851500.8281330762006387902484826714528248204582651630578642301098572380599445079085776173861337202296816603806341709224277117291268928607431984274722639905388710867808749113877974280926559767142560791804524443991467449427972329069583786845012293616934447609832174438764592971317366819301760559852203834
7743452839356.63035502851905314894029214465860169655786263384647651623248064340623055666866112455508611071017813410963647545177391817077392104865365933011009509210487930600853614803930959577705445860968741012603264106336238950741872605412033745620259781068854110388907961286657867687537727460322424207851664754
-6618482009056.57413733978688185451104333409540293615352552368710607685091752103940288465598893786430819145287402217986305641975686572645779244881791243971023008744554595168377363427066034475301841544751764420783148978695682631689160959928853313669147787408615884903415036895211276489466077611771448622071744495
6357252635367.52083754991699204503902185427528168870397771640393803319520570671746478446660809031542972751183082715768546225625765985218346342107557186628071404644115573351572508725181925228122452009415304964899323018223227738449211825310410152584628608722515942124543166405677222099988678788954738104252695891
-6566634146541.71593232869529317136503729221643453233683515284705251373296898602222539322628793582109966576709365501226670317008022546543469690194030937753925559985687811591984395391822669654681464504159874111294945483608781119195106015684706085258193585309508643272936917273360512793341183342492611675912613325
7156660742271.99589041735676558568076834284547273746293406877318167864231151192617842021743979885450068992449743007414203916494613437278832948702973530197755059216527112309670152249353005045835049941056527748962618459489058229231396862925878188843953802940845825552714288158005645937820759926986647350585249726
-8131557741372.94499344149605393408103915043249880566451531260365352793014027111925733342029006064011319057343448196204361366194140102961448920077530277941516923621774254539762204913904991970769015356334902423802813455911485059581886241719816569920994955840392803188601404467670653588837141676920449453897896173
9538680077121.73467686561765753663774732710945394757112421635170562733982484558226496147042015839778618769432915317437999357912458744485781436859899623509552896712534521712018496639218228521821197420357356241431264990616001462694831027149160436756288135774254674114055802790027062745380167669410126426117161884
-11442055381669.071583592955079246496361728284929100080393008449960353038779994526952855040619952119147079843179709159179157110384951647543183195291433050258879864927981685555446258482891021405581928918978402134600473769568707161350823181820769024664173679710552413721232684077669438098868766957756991239974248
13888803513099.5183635396069966446484138717496452378373785273656323021087576582615159727590286186338438466630464769207968108773906647922013905455468352390152044663106528223758561355955303878111783521557652044336279483861502070613671764904046398125453260070816823005623855130794087862389908891228532376026718443
-16849340282744.7965390010071415372471804160449764059701797642646576914439349290137401118984296025681490221810641056797978273592242781651046415031897459657742157715155100871737096398460622951341144042195537715762116148972080104920766298468729234562483148361327519280365930009386379578154369677099454717487355996
20116000273061.4318256630310054425612725449368965214223967065504994600002167468370019199760541537881924870265245125780560005572324027561208144064883035278508256975643008192920385307299498078219490440354494698828734967996949413041648774181893509189107898366101069086053987853339864041265527945014342872789175834
-23162069826154.1742068181871284892284477417618311524115083950387298723449840730414648633783172585179636800787444804597651830729175957129745439986548570424479067761721329217083990052203100221228142208153023858738309754570333619459615937687106927815082475133585068018546278426919832992028435133809851653963819739
25019994615784.7009563895036195244547486140900087713283266327886043855493733311151195106515825746408246736902605973352377202232584661868435621195196198464316646441744467629333922331931996457056400441477085051787250525163361874154510367260117667638610376999075397167969890393706430835904745601714021225013371337
-24355511578300.8973412232340914578297954998153515675974107864527932232339991967849079678929771170524635472250581509585958581564881922370185146196529992359887189184540290886858287576314265147221726838948971872637642103805533717267319140398176997487185795418350877570514046867759754883245503965739515486135909316
20042241375285.8571726870865026130607874183769790569520316898422602375171437602026772496118984631701997727877359510450510191058083445514873462852655373675893685603062610785166414053614466662211780350857883092673620358948308287262291640414978686152411895066892862974327382371724410292221711874813624458021389379
-12400962976157.7178113142275984409292919262497608734933910059433002848084575090832142941235445193518622773664461807482072664672011196651925709895983537968572007778848121544175780461789464332994521719552861065260446930189332428442462231913353965750638677971252914834690886657651448011497209511881254995767437101
4329740881923.21383736908120767005135593784573929662430254861008232536904942206858780404919289720180731058490058422113017467671995708311245242023808823794428336471411930775582770404997187984418623637381512635972886521780491929085868798641511127209202779276513844679380164120866669537764856449727397526167855518
