84 1
-437856221931207160018717537759220283100558842.057891598078523478974987652922265516569658194114558029705038984572411708400461217781995597975015990758106180120577332417715213175197362642414880373717744905477119109008332673345399621783147000102173877045950738819533367212875688072872635105827664949786715403561674
853643181145156874538031820559908298398030423.630185026940261342424486381371108501288994228624158684475277096273148874278390055428714325646514967700394383047104499497167947686802237029592801005969984063305726929256656046272483590626146787688323436309016307154612742217938144791595660698793061676077450498895125
609159624136300502870308980502599237494808180.584187144146317506916447790888401001903718600660557579587159922332839888204686359357738822035387836198158510431035216666571146541205749274873502708447991420467873005491535265280053991744021288754328810356283497478418127406434478933260869321415156882322101429050472
950754414778755976301039644751892535595593198.796708216828726013248459334060384288905840110875795111680422102715285135792989106256614765860911962925876248123533302925428613972596865767034400222097777257182743299347924821338358883945738175921254106046132566083376112569277857917047408645517052101689295358481577
631031287324636504968062313122467602642105737.093022288209245165132494332822211691585624718866270261720658713454337383309476026018982000544149579261580484262471340733930567978243681716045029516414747820050556558226779649293726201804126091799545931667222631047766035253293678231824506742432607460882341049579183
940073461164954227367157855087543614191434006.519911014879693571942725934918354456649885702864239595364564865185951087328706138737115389225008585586058146939918101624341760806937578872874255508295708236133989653449178578414641524357928858369004421067837849005648726844312265831612692764274023481741224150418055
327191254125135362861172380309279024113619777.756441288502925529539405374985436490000779234568110486981245890140233191908752764387340395038596429299473684898539160573487314484309287104434667751250402859118885437098755291544414040746924281278648472081549634086064282085246015625772934456363193239125854110529756
1050063960180761480007309756109669307304918841.19530312231569458257409825849559904041024741800251873241938197616206925707699909984720784945087054213681460493159182987369380276998838016977724017598530641180232633508378697268804616133840028239026006914988377333497645933835337853639768334542302338226252973260633
-159824772539324829400344134951649598372520665.328903261842103806447928851182351213860173656561318506456626573621013962646854712476373796724581182154328782046377727557487332867541902726528045882855880831235974182232824507373371611817315338412526386970823773764282620302831935779699364175964825710821719530630808
1459681210306251913344942981569239868602199289.66477742687034528640234184482889725302433968441959875052655889379120630202894403920599129622014839226083634857393342531993755599866443882400280109900197674363215136049506660758864328119508870561223689134214929824256540262704388679937578364968243443646309420078871
-911167848224315868593220914566909647297051361.035752070206967141641490154973005574494393529407843890675942102002491329850693564191760820182788601420947527879515118734994047385935258323202954936338867242945132842701950979799575449886737004279717757088267190098726020960310311186782172499923326426422328895515323
2085699626158820119265987451753199217810878005.05997417977811870499449081017485204188957158726497066672841338431854710881179644403886888422613016332138736921972312109539699601563616546109160018806459650899756407875986221405274601943032866411073985372739443813807794219211720120712804806136552928844343671077447
-1405831953787213871529683402639185791607723775.29441093642174127643789789868900064903418145781892773214932739652573016030723342002005717684259604048813470474828704515786793605867092812894495556802302572118614953391236795556703782164567777484815845956288228141589323271987907883958843414647972170128609252302318
1661785640015480910667576809788189286274041302.61193847573090497077940279675092282040435959812796779990822640813024985489510580354513742691111822880835519483863577163790318359973108944812981687012071484431577158297356721063438396776922320523284283330585923306049721156907230614954175621285008034465864718217278
0
0
0
0
0
0
0
0
0
0
0
0
0
0
-61286487516516789682934092230860317526874957482.6348030861330864644052113617232113331127509295905168251337259496255235263082867690968044792459455912315946727949788425177565327223166279599359827560803680917586362582094020995243927739232361611176466848773344767404159174891734820173575459592860355457488661031931
93062857498551591706466891688091964027827509248.8959872716518515777395628037256912676619010370722603652911564030818789640609680132145113794405751742144341804676307111422904161269654434296613605602267017300688258563108909704915356399934492132355990052785723243429999059244164129532588892853480956446970305006175
-57684677144487381357668430733392927140106095487.9552674611513846838887839407364876604095546257780032881778304639149613119401790710088186895103170671219919350076071684544153125039643553561505174352478445266427252608752142107376381602799020169488609534225653482608969404425853706911919962245579007350928331658477
50440964681306393392300246416001381187012907539.5047192926311609358523790036581248343471286153994168164318724231447610074446754245721308903107231352622603986885002858503562390316503615172111610037617005974859015702066993722014446193414518530034884663673859956134808943243533004989630455043357359309266753625127
-49902068500867874657711448544928144843592664839.995412204274078436404056976180846752550883310263261061942160368055043256191932291849586230248457488339444857657521576029953178277310045887352079175344476001935520892211506966367172504479636811733321205800981831011088461462523803663341593679108332494713268497516
53231308747941398157938344464288582243683236574.4566373569946233627249615304408732739851376942669381245105945019143942401299628599972496311416122107191452981699665894661255400892681026934144408279209952486894335441672402485013585391936421573238705489632760780328280820923665225258403217470079960575959597328844
-59710112603024817475963335852677050192257608496.6528402560955275857538052403427702542781301720282003902726064279373241978345843942564437595334655002003558974439784497499906727787369339966011421657468901772192792066085997792866999326619037067253294261027752391097197754959394203093102516136408089662778662451837
68989360897878488145581561211979413017383033271.9427705069120268334195175716787647177769642290190963123744152395512592517048334448501370199541327017930179557845950370738546726484153038274092701413827427223682224255390024781634697459572794151789473286727248681360152370160124413667520791252065671557198688305911
-80281276953588234869741529284897710196133708817.4863634356967461844336601016842627018570682897825850406108289918337031206270885154604046636164226697964351360092871699416872024407785012559564887639660867175695314538974724305426192208783875917118314809468514127585502311443348787815429417399498615029056496691863
91438189438685429671274287234557077611036879860.6798596195158022912554203988248578619188531552159949210675175136775210496547386581735827168831416190606091733010789186445979791164630494712100103491101821557440657134048641893886540825281137711600935605487163541636826609933161192788277462608535937687931450753795
-97885984484892112622298381300901265164114725919.749150821848205213626447786660879510027328423922058905832353776252789976783881971934029740091617784833944514346170028478704303967436704945908734536669099176339539345183335021964357942483781870199193200311040125036631989643696478328809117440403581908994296600701
92395717791512681892698314770573131003456016543.8268807223327849812695426146089617208265000824793516779380984422969522684755415115221409847370938235724690392619463732112016339212836308736667849396758286243301710198690377496500991581447568846924166297384999258035657226340643900232365828190683659665587504237453
-68413154484940172833516405279379764482510216680.7463412065610600055639798277122511577422670802624753360621619798083339899122799240080440962178225888658711958809717844372691368111430760961659174186698585290656910370298793877291067767194148642048498307589653850034345547430299971149282218795390006784449272463418
29830180638872264223154436062447732691825568713.5509478687807018048483756014667555239057797112193155216412464698334263427602106749763156503898587056234398130181832372369771165921068563941643489690114692346383386783104051893208951326562815423161558886831531726345205658963888876400286304001908216790754582890169
0
0
0
0
0
0
0
0
0
0
0
0
0
0
0
0
0
0
0
0
0
0
0
0
0
0
0
0
-437856221931207160018717537759220283100558842.057891598078523478974987652922265516569658194114558029705038984572411708400461217781995597975015990758106180120577332417715213175197362642414880373717744905477119109008332673345399621783147000102173877045950738819533367212875688072872635105827664949786715403561674
853643181145156874538031820559908298398030423.630185026940261342424486381371108501288994228624158684475277096273148874278390055428714325646514967700394383047104499497167947686802237029592801005969984063305726929256656046272483590626146787688323436309016307154612742217938144791595660698793061676077450498895125
609159624136300502870308980502599237494808180.584187144146317506916447790888401001903718600660557579587159922332839888204686359357738822035387836198158510431035216666571146541205749274873502708447991420467873005491535265280053991744021288754328810356283497478418127406434478933260869321415156882322101429050472
950754414778755976301039644751892535595593198.796708216828726013248459334060384288905840110875795111680422102715285135792989106256614765860911962925876248123533302925428613972596865767034400222097777257182743299347924821338358883945738175921254106046132566083376112569277857917047408645517052101689295358481577
631031287324636504968062313122467602642105737.093022288209245165132494332822211691585624718866270261720658713454337383309476026018982000544149579261580484262471340733930567978243681716045029516414747820050556558226779649293726201804126091799545931667222631047766035253293678231824506742432607460882341049579183
940073461164954227367157855087543614191434006.519911014879693571942725934918354456649885702864239595364564865185951087328706138737115389225008585586058146939918101624341760806937578872874255508295708236133989653449178578414641524357928858369004421067837849005648726844312265831612692764274023481741224150418055
327191254125135362861172380309279024113619777.756441288502925529539405374985436490000779234568110486981245890140233191908752764387340395038596429299473684898539160573487314484309287104434667751250402859118885437098755291544414040746924281278648472081549634086064282085246015625772934456363193239125854110529756
1050063960180761480007309756109669307304918841.19530312231569458257409825849559904041024741800251873241938197616206925707699909984720784945087054213681460493159182987369380276998838016977724017598530641180232633508378697268804616133840028239026006914988377333497645933835337853639768334542302338226252973260633
-159824772539324829400344134951649598372520665.328903261842103806447928851182351213860173656561318506456626573621013962646854712476373796724581182154328782046377727557487332867541902726528045882855880831235974182232824507373371611817315338412526386970823773764282620302831935779699364175964825710821719530630808
1459681210306251913344942981569239868602199289.66477742687034528640234184482889725302433968441959875052655889379120630202894403920599129622014839226083634857393342531993755599866443882400280109900197674363215136049506660758864328119508870561223689134214929824256540262704388679937578364968243443646309420078871
-911167848224315868593220914566909647297051361.035752070206967141641490154973005574494393529407843890675942102002491329850693564191760820182788601420947527879515118734994047385935258323202954936338867242945132842701950979799575449886737004279717757088267190098726020960310311186782172499923326426422328895515323
2085699626158820119265987451753199217810878005.05997417977811870499449081017485204188957158726497066672841338431854710881179644403886888422613016332138736921972312109539699601563616546109160018806459650899756407875986221405274601943032866411073985372739443813807794219211720120712804806136552928844343671077447
-1405831953787213871529683402639185791607723775.29441093642174127643789789868900064903418145781892773214932739652573016030723342002005717684259604048813470474828704515786793605867092812894495556802302572118614953391236795556703782164567777484815845956288228141589323271987907883958843414647972170128609252302318
1661785640015480910667576809788189286274041302.61193847573090497077940279675092282040435959812796779990822640813024985489510580354513742691111822880835519483863577163790318359973108944812981687012071484431577158297356721063438396776922320523284283330585923306049721156907230614954175621285008034465864718217278
