318 1
559200041697000458736.650727743451776546920494197928579408751874486034686714897948269171952046010083451610560602419717388627146815544533672800310504240459233873766404740010470981823602694645030495848276067379109756407334609215771359310206038097883003961133205255285978677519084302180306769977307864801734365608
-838935219790410242379.04305044276801670550025683995230656685111628244902169547652937316258130995476072028249247991258044497818836244083914830521500887350764380992202166955602040160369090037233182750667206949482381000671362170038558717145725807582029124008167544696738624469588785073551872511025824880822957228
513600115624792256732.481060285072956545174335822350037046478176945406207575704625367335315993106322206265756108869326413680368214602675806697459390066334620685019544653000931743955916234734385949467669054327434862952320403868464909528138593726703172907524912286050729311541797415716270144973785327145327070336
-391042842380489531458.619333478080474628076097239485750755156979791539355028237097189601224699600327193502320249472970776910682651072122938141967759767893716278481629593646720869849913192489002458353016812004945014353539412986135499579929421502702139864781662941123703134609270040835297455677055209093738965384
394901005172364320134.018299224609329008139482861011409299193643348518940517618727833095023099659954889138770364450153461478303422857005524942105997791921602328670514146181231239579658283132867958933885519644580082732057854680603125327838454786666692852788887769982543803700117482702649007120463838867786155794
-322523777542415418539.390905861491197980755022031151930862569850692954995406687692365065235041737332449473048656387946208613880400931002678172433442778068555933157717429559602686746108063846178780892940487543207078398224942975894736969587706652318835504826682846325891787806941150624926231126083048733796754978
372047404686220129703.85210808645246999029436504278503986741202046448559241886672937018141684311180472378782100384299229137700736372868228422486979954991775275654654245538961390450578824322542807811670179153399625228724986368857704007224604924864385163105277506409611702738048291458459081117232086042344332664
-320021356475697047997.162289940901822270474153322013883931232793060732367452379961230213803356047589150151720123173661830399175388513056375685238326287945185060109452864208967222057735960108271969102762548147864306637865408224632233803768758754494286558363994074579838099551549411913052317866678161759250445678
387900387082352777257.693644276788519545393964382339432817068642374904406762271738149918527443425549766377964247718844103275686740040977599865977633455860629879666525069695898063657903131937664746498792283696183602407049962038850960178951078726759981924622752715186730908552474300188230218714267685313459371983
-356820588948165519612.957136640283322632359032925476730085792663335139625467971069200757398760603031188646794939988525746931064822880021809773816147137637271680829094965969965823337452502889997439606684652171084546163814858957456217075733522246250677707754706135126007956518919012012953192447033049099438236359
438736033604503341026.346146430295964448378737733440793813235387225602518516547644435941586784041773851084717483920888464206468791505024668070252841589975457710279979258095146976787960192499722475772554076003825212311669894531838184039090729051176722959116810747690426949099043634139261116769045194353150344716
-433657555949239984702.836728014892606345081934238534578327757967283028907010840379194020716943782665131374923400029980412223552078020446477494632628494960049145283389179953100794749661555635079167030778988205878174320171845056624491046927459566561343055465064213590768103371998385539707671435682840703067535711
534233943601406398295.701785182182157086120326847193204520178336544233667979780190020496418667229604259889673232486941713774413304937526325667785152790756541795891530149854511491678782034106709978129266273382096545166671152697153062936783756272203747203086344091780892041970723448289143277432150824751581795412
-564694500431931930801.989879084545223249906969588089284047752935890462106086842927261510060607542271118646353766393156768454874931934284619939168453889429658025921916218037935974617156656021073411242686132660171116142822208174203050241867781131921722860848602699741757822701384153210151478010493658137450184715
696476034297532274466.045324627331711731506233097056258689851905814060144629160891159336064811914464300905001447107281339242443204430780188569073914168927634838265179241303002228828642775957316868531112303741126131887999490460922190811296378145880026598358461408068525535541092974133327905064889270386113163809
-779816435699631667048.864297988819250281892784126220725403215473476113760027332143118195740497060395906541638623710030710660475846477315454642880353335555138208393798617730201187548088862610896908286903689135955431435194572891283110681603277029884769184064708731252337899738287811557230143726525866202858396819
966740880290615146230.038478999930877596390610605151042222215142130939391729865945117323583490734680535320841721060965885891032395042900735919084537847433526334212573606695437347223974149305424064875312241394995819474218160425598356482427719739487423130137261096711680764303066246264279466113442572271753192475
-1134156799410616327507.47156061515835483609152076300768264374787129695873806277767341309312121175645310888215942732390545674393049259274942301321085107366693518325880204607872452686116734282242021650714925264909421189876156302908471417299724742842552210674764773417936950016034595163020435884872765966183965075
1419646119169478367168.09433411109596899291923605539101616293562328047888009726920055457260095115594095039838784437522184000451458954329256862540466648280925166948347656668995158789278211412459914638217609314317204946149276691327502886212312099704962464007519290850944511857905346366692354450305206922164991212
-1727750043223722875413.65008435744863206717705366071623894160061323426156543128194587902859906388340996216499574046864334840117687084285589771110396315025191375537319125554783875274379162580957865620545498528809327742973874384951090884542596143243908430435705769963178393589594212708963225972926962788409306088
2189969328499914223472.74733667002467087910555578461359837260159663269350858225992494988078819677986556202204089079612814107185454234493347407282715863921484859256620929564711772189013699371551401410965101340167034860297930771551481341939051929542342863430858671010658006382041093975402265523227128764893035783
-2742102729939190635478.95949168944758417561719124604431682908947191325123484959045594277025506099117849278886024028777166957870011575204413790134835395632811545048260246598982616793852711966510547310027059675254315609455420483011211601610906951438736807097005597652138553458434177374835274861892362672119335808
3522189423541580255201.41263936294795487440008689202909314475958580748906165612624381150053145067987787977493782202283989419530703655532291988282423106300530049773151547161187623450068546146837001118409361746356084519187273712436368413608453831016497387332124208008330793572127625063820606983894229908482299493
-4506626794183284544109.11528311045021438412224326075783861772473308393437856920948011499060590309309106931810470468936331587483652118081110836844128609339571933568827797639843841971040990069789379499689026938870535660171939039378132434133121486878452589938881365282747888171856582195960690415165053227980390313
5859157216204492031025.08156386374833159680254929359956210159535243289623897398101015259201414716032771152339721291921118916536566106022223084357135438858829612134547798197884641791948649683642724148799546671164455931197309495830658014342176334279797748307182410654173987120943148597027664278969392189220116235
-7615386520157899090730.59549484744849594291675543130680415460040136008115798858826459979007028396035911218607721802349616518892901972732604559386815295378178301376255870846737276841168715136406673283938618720048209528623277984468384795177793540352035165052352116708334107917666474867256590330731783006099365037
9993825848223029926936.77570663010338705700653152641290258429073851735874679836653642786255430309586345582062449811624564779663038844529326118984184003872525315592068146005510660087735622849598661370513931827051287329067002426762104649909881916884461172299439036337110119389723011253249632471200299894401319501
-13120321212696024845704.3541756939033033287342848079606808148114758382970185471881362632305877750589981327317359232580413760103240798672268195570374566194014549916941905581611845235689562842981059923307022166054463665201997020263761463527934359583447007458028765703318756947994454423236387342006048042386710121
17308929688121395467704.7932913251473995521620071324943550416544735318377755452017948421052065038093874906107937631653036158117736305873989541962653588217216394960059011396436708533004672283763146413022391827592252464173865873849563536177456800841055935977985033009846708588190219377630402670983923251479915379
-22817580301798257591885.1987255645680966674265372952226588510485911148113464380263206169193813655727841213063431882417224781556075882721285393700077568132019662009109248696461735246877491005284897068301974025238303385524682849862266572560483201845987464893451687239143765217757121858607968059246102460173046324
30100648628208973168791.8974555771541230221472442057673158929715440955468473180177731219804458248589877502148752546777676559466645055670338648726737761030916280083276456919924890306963106674149722580321350261347354275937949385069252037476765676034053027492693606872729109099804618795112356311434051170402891686
-39582002869864665234015.2693056673172178081564617927741150605013205881300837568094234772251496898655293598513224898092725726653332467820217153453193337348574183700514047139814016383665961828492525761899845623763371065976912694928187728675773837517210939592790748243657031405168625463043724298529557372811904869
51869321279546063798734.4522657677028257928707447838740290513420041608243330492820771378505015936447621613143504820385203744499326723930471293554666180174514094543948256790264402095021765015786689174017765431088281237686902583133390888372692561507325243237586047047717557414237651071762584200619125752654465594
-67517298814844818106552.5229147033470069107729906225200569570353751428140102477616563169806674780750641519616394340198230829131528112328005135218699350212998554382479745766029522677480953726407643481558919893627296455010102124767604818272999483698052484267886632195788232060188063778627572680084980232803141128
87174241305098284201343.7108789017461665403116283721118231503000074524103067956900079429264351743461274773688577579781044005192598257414096422496869017283957579311536567121040596141966091276097943931366252314593696068111311668554341842386894248964981997721809379397041967142719344312890692133338539169676083159
-111289399512975177622500.868544168237511215640924682091324135063957085477516248283459477537203974027067258172237332334968056859367567761666294079735496538584013778079718359165156604528630296293466180535067246150256273061438406101276818550359249046894645774977191890347572570603795538459147787285893453302021023
140146975928990685624889.774675507879012471105330980268262825147773880519060439654860533725905196361621001905983750074268643661898447967938165544996095857703782147427774694731508715484223789094599165322952083681789930063734049742596676612444785156519841880392254768838696078859956710579627358792681861315359127
-173474980710772938942130.462726669844683403882615045321992215690825296842438558360217449477385156512766115980986983289508027469550587631369315344890276354566263213936726756805890831158248350920233620418321310221871108760104010704181749957401903626693346238628339176466166533210497720997048157832669843162345682
210360506148822669393682.096660163295099663602956327956090382239122486356688314150212671627399501683971829512082469473103721330948264312288155097164370585197440227438170886382080898141184762231236603055742561642636914583202900664973295815123599156950706083793152931770705106205811929616572653433980348808997455
-248818547855215659138051.077672517289246003877456586296820685886361682866939825529561235086307634908214701500662662522085865130245176986247166235981577556970640710754413024255366750212605374092471304205849858177688279890918071263054281169235615561656642102788891134138432557405132263616011163427755048871621252
285766040788562182439343.036918883460109671957203430978784138919242604760899486879583968293350449028477942605189028518530297123015346575598119994059480635341137569286115927989205883184664767199107471978165978887292361832250276540928059479372857679802466685185596001390565440987269954620322530002896136480722104
-316879445683947642188686.567734001573630684317643352468502625026236883036814025676538532963623860508740865235738190978937073525581253098740526474171308338234180366423618844480063189257579178623358700946196629009442293384529361493483343051763508386644171541940070730984706598933556656183462232964995215562404804
337113817888745022669656.865693964545708341145760366566606158835152878277702955516333495861341469189872764594088296046369428053591473206252031720660894906219189405216895205027369287677781180202481395786223008092856760840906213008129569104493014697102310174405462652813814335303435573650663353137179089177847664
-341397368248097882376590.370390639058718285150680709452181117066555929012097070881449173955374301615012420803097033826443049074288961063244174975510478251612484033703833520667025275077035263755438265894039349176789735407769498811312222962722945705947410023709741825848883402977017092130550923626032720805745342
326084826412515174221630.311735055797569324561279896550747984354860084049272990396103819539726643226722619474960346067005885651658056000966542118348746435263665849706900527829565900313473289513272368389716589179882650236177638271134585984619935897990195376107287863990455785512117664939151651338732467830463505
-290350950325223527626543.462343836850362455184094840048216139425123297010947799234542165788635039549102444998833591626807470288518354700417671339940315196081808365222070772220433543967059973209738136634844778510809111814068646114952646241424661906616643734750550272183337408492964494008115082771000480492080715
237530306128163123183081.691911173608721091445744017015878221679702938134111395828662508565350610165399432969375176104414752479634880667397388812600072175367879766824612365375545195635819765714576520052525385809807718314927018244810544853189444734500234589196789880710004849285941645198597609781608069427780062
-175114957987556551844261.161057712531780400076698939771634209745074980571349026338937471750449584452739085603434427562307768446271808101571734537727127987921003124796848243716454427877651224342651619342779079805186582039076141169810218835126493974662612751703967670767795726538871086573734110465130854305202041
113345418605349290456194.404858081034699654718758703003068708727242514981585221300199863834452800127280922018564356518823752369497178343573308884066410137976305792314703027170704950151914833071800521776251604191917689786615694686786586135036467942544693960201032332547427674982363834578114339659154711144965249
-61988580644080053865509.9424521369105415532109386986801820181848163713772242359151271192431119519955350631129896689977313186930501807846876315934841760463013101070177000849500984228914913775099363761822045040004061744982048277740458723157509851436994930294415375408577973803270541722026319845086889032131683544
26978442715350157344203.5571590478051877020587314060829729447278536452309463508118250054208054525022014454978790289949605167500482542558970622004397038807576411154194536765873466100812272922669407640956251397855664890569665108549326801351669867658867554076626086079988218425482207053071993388657148601977724086
-8356756714188623415583.287264664279637720050361492931724797758533899370269546356639010947848911561182340949754062727637067961288434920203781329417580300455047467432332258167162491498537995690921085726412036072646504176731245532314639139078399679587622276567703599380647005865905320549239622602786093801246016
1409696566141288188058.02444696500043257412573914011883489610879073275071054397095474676170585431212148078253669991453728991476303812034798036139367205734222024106185354177078009666756355339264526657801119663163617961819616366603598059226632007508226412878957025972538189652722484179112541097360248442857857329
0
0
0
0
0
0
0
0
0
0
0
0
0
0
0
0
0
0
0
0
0
0
0
0
0
0
0
0
0
0
0
0
0
0
0
0
0
0
0
0
0
0
0
0
0
0
0
0
0
0
0
0
0
624598880941720407592.183842072392177451680463093280022961327236912282869284261496702447133667411415934809536297205433188445538029591105437310618247133995946446817652487055241422589885094250619159100671018033289796873141489297125962633363614032262319207613883127431965647734473878931693620891741541955274487455
-937450785273247303861.272578088443165749801006744602219234161739580590740143668953285326725992991286186108804001986154357865668845958628304840065924384046648635477397009722422990654759456344078268726940561231741038108282743646614173628618837885296250052144171934993582485827960939446532253585736924077576111264
552199186057867671669.224115310733196628460154994416122017823331839456511001164803210000964276975870566946290155105193740631862430767812027178357363495239114045489412390612008250896428927068162088665701215620658134451755788580178391161450014176229976211527521440240711310582650330091289664010260598220383877966
-448747923627701200270.913196224742429190034436936140969223774058405426516188796466063805784717532754122508923609607818566071300676736869601725794182674090786162633392041810081604181532545335343355741093418373634412225965835048849197596772252720743239585701088005051900644902018062201315715327035266090698969173
397943456825776590444.161776392744084755567835396052636079607439562743655745941937388895095394531687470565377275371509370227519713208158001253987637010566130905999635369056782530559724012018172559521125354105011130564426014122956867763139041856289180082304206359183402669800118343229426130839033474872243575005
-377105710488475500461.792126878095837424088927870861085479508682586628517407151497420532068665876735357203247232592894842374237331108384674164093792007896018719034862737789839435999081697539920414506012161981647940266536590229413034293602818100222992290017705528149542728097680822757756084380926639172338713282
369485029240190238560.757171915161764395303257381418166721662107897357402199081085849312770994782247890268278235157597263785860955835744419470843351438087290203948388075332613263396158629799006871526025009720249204713904816246817693834117046724688203425995517361857663475417140499063681368269426386103125388151
-373585517926121459139.990677667826004881065713926138480367320493317740827328738023000938236976359245796506649534696831712669177939320343151079468907315858028505608401840648536289328440493332044374490032884879053404280168102617091815375429058010998469724579581485117914214480426745780742742035505739227767421665
385800860500912196502.670344814987826508855279561118841964989190152545020589538353871474687441876588753422501630566326636832800375884555290921250961484176365122294429464483381087891912067660823112590617500468292428915697925272959530155353229583534516491032880035737570803552220618610112249282019667184888196904
-412226132464981227346.378600252935051345698699608272201514756961887467476948944246471425553805113279853089365657519464595139112321346997808301952229934197168185439836550567959449939099923088378159854421807510554895576537091697443726042675797226475763009046088381563670008170646891499810072295654005889502292717
441844455204504415300.316115419827224776711685578390298461762847687830676046243438873435522940953452527700238981543195209322419870805148862177548227908004410242333508389954388244789204406715195631255046272627328395867997968626095399771678964892384514631319118221317062899885070469181183148371042425898099387605
-491098512144098471188.048489481078631985972594331749210836485232148735461655116191357203227531089872859491908450509303574732787970033250940805733506983506161709162445666538530978749093023044121295813417588349139063813897982580103181127221137252706043325982014718101485661320549288714964551816196312843616242775
549216460023079584543.083455807162402186169414793249936571336645981509532277933673398523822606413885450902724779011627196980461788115805095115708518624747980969925255029108978023044411395817763035100145047765870881192896439951515505143747366097986164443300430309052102300058292393693041846779410381630452254934
-626274133422053803192.069314992926166331971563799123063521766166203030522594769581544828486618891405381851138241242161258366666038382645938132797545119674871930843073573484004408066317938513169126547271539002830819618141874003526105222051957974804965818483479697136186795254540956724574719002213791898473115378
731162059724654869416.192011445461774608787038163517766416426569001872734788509613121143448648756243113005173384017296840691322698830642575407674634777897384039720100639171186111518512601799222498928552594253114751404894943059086281972587430071460648942943711027937463412902811330202298877252525313654880680169
-849444974650277042767.046849960720352886398626691699615765395378250263069182768844178873188133008114463579098599624412070570665998821235420146960800496112568503379210247773253295953566908513035653596094765414776344281002593656263312566352351486327265371726530424875161625249916338249400265986188451351706091542
1031423716343086101828.79690090250518323394885112191131305551882333072005326643120325573148302860522322628764484922953059151703354245014910450851011503129312765980599161368134104514827611477036223532295434410625838239526074318835652090579881322013980209751491323988343116021273301975044000670294879094050709817
-1223883028005823661840.66149096247801382817902164462035887424418514694767697546623555580150248122779244360160873487001280967233635103865940556212780052867845154752310266168041956623044810498766999883495088775390683183506329466562268304717967979681634306836271770404979936643270022067028122520542428971839927747
1525145823747741784911.07613950057238794964702971230883803663581942443589480540188151010198650205297677188620851876132433957529273488141342419603934839574433009781668918343695615768970212778027643140728650847869458584155290174821389347703813342013721332611465701689943355708556880510309800774664593624680487791
-1860961282433326819991.2017499534206168628985300680114094428453724023858122074538607576982599371015194235380917385229492841121754215321742490652588316085131666310332733055663467147242850114740924524293472998265911487454798127154553058086769694136323055879629220078906656126358088728504562979582862706731725536
2357069576234267124470.03736470815090086376734859998830701177646883261664759571540410210224556105485744143297723678929277642708580046136652008410572375569764848700655918740803163571120339324290026416250089771487003940328574591632035138167959060328821405419256038813747622709188498797092340055751475584853158665
-2953521068989409969417.55526415768285094858534426445154581761318422560525628378279765543652511880190458257478958532609273586552770432965845828596262294351870865738075907468272528769209412454147903481341689288311750828720410194461639767587242826390655262713357246635074861747314464528018673064790942791189203462
3792516937591837709460.30183209435226125192206543920000347253520223471579768785289219735810221843586827884448232950002625690412343778923271929475078907343199734629777271437518678240198382095086958854461126982590976886604444017645101845045004701206751670734264210137797023661434793045151253360747116722524154769
-4853572806382375746455.27473108233659675795768104861245533717053367742321335113672085743519702193358433197301116532120084583641325114237353553404217765803417215520928987302285070386247828478970755302397223516651177174639964084723061663474555594181339087451588504483850294619405645357247470592006643393744462216
6308003624122602884506.62103772076906956452162676223011948345306028754126364019485354403646916778258133631615798311128064872800085436778318421724228614607648404467608928325212144105274565532319423982610580686577288504685781452491977483212256438904336427547677142099026752092890979694187786251333687521523645773
-8198014624155904958049.34109168953622868054991675850154896967229929423610591362479379998608421154567431361330312652909172672259548239465286133036876604457153103634118975766411732520253600635826836153378919046664426924847583034845458979930131937914455894835540284284498305426905030840069676223150381830155078048
10753743782083928346392.0993365548211134088348221836597252268314071968980116256417755597760199862186990743652423517772782732556827405769527358580369402750265075037470898677689783143292424030933846360672914816607190900578889350666076259450042822205263452375263979723731767183213156859046205211757178045363861484
-14113330317345306715721.8439017233730799942808383324223195106583670438544180208576175412253628982109136556522727178664187708734021744598739869639260570101411652816719941666411664338312002280249878450570293530306304907733925328015088759250663355206958850433057499927113083782629080199802116976917775205048074004
18608876778580770799565.1951293899074908539435953148599072227173789751809585392528748171938244982935956367476341808213753352450963542451449285742502636383048990451245303429606575755853127828476505271849310352771942975985645999989718458685615129768669642679663544274652881649208525748385372911111994904918632161
-24518512218119195350221.7850250967223111374344593034310481843550347424222259612482475256902123974945169512836712776797346150690675655666509749018417872032507084117819609036935083449732332719938235159766835166222757338761941509396158412941035946478983398288796994127989996518958381617597076598903676339916040069
32322762680561471881803.2867416237976681006396530516590086512692669170398414488052529064810650689536087521074280508833292469054639278689199216743981354678244127227476838310764125636330402979036800132390930969303078586717717923824408585846496838595436538007098159932810069130779841560975176748726689764737129952
-42475404930434159908880.3648299031429294592743420370368203852738138244329362095987247825045766127037385563929596219525690533023110576046165616167113729090969754735487820128428146919306691666845884977811962737366373128353744082394993419510234532241997096653330225242026028419417420267733493923217252381472107746
55614673978569077782104.4352259869272476599527484940088400293611508247749805453029125587855244110555971392599878311007537039495741039839273801048622425492943428460491485898483003696505474555539398372609896331122584380134788438303470631518810287207179525352060255803267343382961438319830743127093902159465087277
-72334061176158794658128.8560559150759386592252350257832873566715022557923617980797842102237936631126567523583981345236245016891741276236561528207005871656878374031072746416333738812307827661603443907873790017286413359361690330945557245965695216757124410786108947286725855467614001209079112929283908129613389341
93299584267321169306440.0218337115141917835613815135286380521276747196597252140757961393006393920018350927735007052080867414461879283962861599479240818060780402368716058865270626187835906078833837936546999554453041479249299297805475396034383747391959208706322725960327261435966963731844112105972466820348784682
-118995140162175190665644.432667060398143791519895802638457808978696566673804228748054427855968698622064921650923062361083208734300365967534520644926283667212174447697430969086698505487849269060268193679551604418705204954905267090757302847636168367714737384275681980122144100299210178235804348423152723554158607
149675473118626694468307.989369051670742482005223136108220863368402590963463809549479270158741638964997022258745552123735545134721409352981301000449565233937588842345624070018995442393647779120862834117993811346454613870087888715377871587388678168596249820514674941821240244021525296935284400322124202874603824
-185057178024358127061969.566717095759665477881239790251552329275911738876304313773218378772893537429040940097087056041928729577501006977102416847120867869034088455948702945571897173625679436465351571762812334919862501023182367242206046765822273611578076184957708850555217597170905293603861915872121739188783446
224104460873564506883619.461927953630681174486046906543076929278849747169806058853130891089875899911620049940313113421715910272115629857691774393491302659776103076781295537147062080557222822616882049912990682389305559553546366616398610596932797985429258526781893254696392218862974389608673954316972804671862397
-264714863491850587703638.274587333249680760315395845071280526049217200513425958486248534525505919812202893111876924814432729506609658525446177685208438406447909872319591185547104625388154840286204944357216351933026571228386468827379053769547723153241768556589164129642664102910232043393646366594760556639539565
303556085506398327096333.042284538422970415161331713501707951248342459226629820608970851636535551004392618253157176812430222787846309958343228987402459920535734894792662425129803662706623965724462435769218128108823087834996317221657958192915223514645266941493761334410056832434690380864896265031889980711008587
-336070288137818664056050.756565427263927385198413491875032819754779638701400655555195671662712768162382570381162068887189763253103176648334402023431286114769840786335484660913099425811241467349786534646587062725990162084521023627576644741112024867224807175681361262005589932529333109785949843812681957817851895
356901034180828471932895.952837743430362455711692426925010958158709352461669272353746311257678417471905367665611808624718979099805550836143735366319098970226291765507249537421361001534827152368381290695294488920552217774555566681275741928983199365905925027134031645350751889985223432775908424887176727807562691
-360766651828197006525615.619016587499872062191723473794482002718797668964105055999348280853068360844411733889232730759041265502369786808303892541482250220650852762131122489620856088340034324469349979200977822435554158471808287992029544978959022021939099972422822310885843005432253543084495570163858944018677575
343889736219184758226556.025638478176209918561328222454802635215044338240484917408470198647662767667516619756327701908307747003536846608118370652810294494772468066034975930458584929392396158419350373449154823283926860219606903176133736100467755732187460444664908680777038516693731512540291470812164711513250819
-305546976522104872350764.459402709262473635047055006216073715501209515876865838562259260381842308066570795712364722063514128623206200987039813051224568829005533785338925690489609094446447653094066012083357584635515449623250324762983821791387919557919265912593327421227102643434993034643748159754716419385128965
249380174458306508614778.273382751900737813821472704373250737492492864533654757654868521752257391002190530704010945223857158223812312895690122402369491076310677144023130300384369626605752368223948966720442723002966439804958134547095237310222926433459182583322064835231052663522818848415012422777578023884489259
-183391520317608521012293.31808480925656232010691749572817038304355820716291459618846558115440085283593284268847123696479938297469306046075883298763199854541823099164706498491669820503086251296508150265788026309973714527224634958998109591542288724234228275321098131405210231279432540701965048328212439496969564
118380660364560923722144.945689283919583487349868551953088318981038687544303255355994454361879720871470703477472129387002411246200443253185994296387331296446890665339533029405914575183459780929225118036451713541993871063491764918998884214083467599523246458805761394700675669359419114104174782208872157199000232
-64552015013509689620830.2981195432782892901751030323942971706660239941948736160868036960637155335299636387086739019759126575438706352341558642294831882625659189470467609929459458405833757623629962389769247793372763204895810045765615989224285466542620982422152835956769009965397309551981395216918563143084081415
28003488258336921879236.1821468972709814199660597487424029913580879172248914951905150691018975279000059642635598236521768530737613773650182864144503729042926132458075285719731304930696852297997536264321813470066909490306932765104602162449601689992928267199587724609644829288011237945591649734471274775829009424
-8643416907393114738160.464342109025512439417454708663499822066608285478172141943783223993523188319545250033174344420872910037897710528546616280410215272532422395238995353654625671876009201305558409230540636998241444733836963644669549844754743508558574373930145321332697132000356660846696048934161804948567874
1452022701252713492187.81004496009919089249816984025049265513876111798503311861594394486172475857796385949935560190267098541843646035865808356635423297988114021865662196584089531094969517191211675246916150219055293366989430044729373157889974183354128583835008161643019943811421043900820083053808722749961398008
0
0
0
0
0
0
0
0
0
0
0
0
0
0
0
0
0
0
0
0
0
0
0
0
0
0
0
0
0
0
0
0
0
0
0
0
0
0
0
0
0
0
0
0
0
0
0
0
0
0
0
0
0
0
0
0
0
0
0
0
0
0
0
0
0
0
0
0
0
0
0
0
0
0
0
0
0
0
0
0
0
0
0
0
0
0
0
0
0
0
0
0
0
0
0
0
0
0
0
0
0
0
0
0
0
0
559200041697000458736.650727743451776546920494197928579408751874486034686714897948269171952046010083451610560602419717388627146815544533672800310504240459233873766404740010470981823602694645030495848276067379109756407334609215771359310206038097883003961133205255285978677519084302180306769977307864801734365608
-838935219790410242379.04305044276801670550025683995230656685111628244902169547652937316258130995476072028249247991258044497818836244083914830521500887350764380992202166955602040160369090037233182750667206949482381000671362170038558717145725807582029124008167544696738624469588785073551872511025824880822957228
513600115624792256732.481060285072956545174335822350037046478176945406207575704625367335315993106322206265756108869326413680368214602675806697459390066334620685019544653000931743955916234734385949467669054327434862952320403868464909528138593726703172907524912286050729311541797415716270144973785327145327070336
-391042842380489531458.619333478080474628076097239485750755156979791539355028237097189601224699600327193502320249472970776910682651072122938141967759767893716278481629593646720869849913192489002458353016812004945014353539412986135499579929421502702139864781662941123703134609270040835297455677055209093738965384
394901005172364320134.018299224609329008139482861011409299193643348518940517618727833095023099659954889138770364450153461478303422857005524942105997791921602328670514146181231239579658283132867958933885519644580082732057854680603125327838454786666692852788887769982543803700117482702649007120463838867786155794
-322523777542415418539.390905861491197980755022031151930862569850692954995406687692365065235041737332449473048656387946208613880400931002678172433442778068555933157717429559602686746108063846178780892940487543207078398224942975894736969587706652318835504826682846325891787806941150624926231126083048733796754978
372047404686220129703.85210808645246999029436504278503986741202046448559241886672937018141684311180472378782100384299229137700736372868228422486979954991775275654654245538961390450578824322542807811670179153399625228724986368857704007224604924864385163105277506409611702738048291458459081117232086042344332664
-320021356475697047997.162289940901822270474153322013883931232793060732367452379961230213803356047589150151720123173661830399175388513056375685238326287945185060109452864208967222057735960108271969102762548147864306637865408224632233803768758754494286558363994074579838099551549411913052317866678161759250445678
387900387082352777257.693644276788519545393964382339432817068642374904406762271738149918527443425549766377964247718844103275686740040977599865977633455860629879666525069695898063657903131937664746498792283696183602407049962038850960178951078726759981924622752715186730908552474300188230218714267685313459371983
-356820588948165519612.957136640283322632359032925476730085792663335139625467971069200757398760603031188646794939988525746931064822880021809773816147137637271680829094965969965823337452502889997439606684652171084546163814858957456217075733522246250677707754706135126007956518919012012953192447033049099438236359
438736033604503341026.346146430295964448378737733440793813235387225602518516547644435941586784041773851084717483920888464206468791505024668070252841589975457710279979258095146976787960192499722475772554076003825212311669894531838184039090729051176722959116810747690426949099043634139261116769045194353150344716
-433657555949239984702.836728014892606345081934238534578327757967283028907010840379194020716943782665131374923400029980412223552078020446477494632628494960049145283389179953100794749661555635079167030778988205878174320171845056624491046927459566561343055465064213590768103371998385539707671435682840703067535711
534233943601406398295.701785182182157086120326847193204520178336544233667979780190020496418667229604259889673232486941713774413304937526325667785152790756541795891530149854511491678782034106709978129266273382096545166671152697153062936783756272203747203086344091780892041970723448289143277432150824751581795412
-564694500431931930801.989879084545223249906969588089284047752935890462106086842927261510060607542271118646353766393156768454874931934284619939168453889429658025921916218037935974617156656021073411242686132660171116142822208174203050241867781131921722860848602699741757822701384153210151478010493658137450184715
696476034297532274466.045324627331711731506233097056258689851905814060144629160891159336064811914464300905001447107281339242443204430780188569073914168927634838265179241303002228828642775957316868531112303741126131887999490460922190811296378145880026598358461408068525535541092974133327905064889270386113163809
-779816435699631667048.864297988819250281892784126220725403215473476113760027332143118195740497060395906541638623710030710660475846477315454642880353335555138208393798617730201187548088862610896908286903689135955431435194572891283110681603277029884769184064708731252337899738287811557230143726525866202858396819
966740880290615146230.038478999930877596390610605151042222215142130939391729865945117323583490734680535320841721060965885891032395042900735919084537847433526334212573606695437347223974149305424064875312241394995819474218160425598356482427719739487423130137261096711680764303066246264279466113442572271753192475
-1134156799410616327507.47156061515835483609152076300768264374787129695873806277767341309312121175645310888215942732390545674393049259274942301321085107366693518325880204607872452686116734282242021650714925264909421189876156302908471417299724742842552210674764773417936950016034595163020435884872765966183965075
1419646119169478367168.09433411109596899291923605539101616293562328047888009726920055457260095115594095039838784437522184000451458954329256862540466648280925166948347656668995158789278211412459914638217609314317204946149276691327502886212312099704962464007519290850944511857905346366692354450305206922164991212
-1727750043223722875413.65008435744863206717705366071623894160061323426156543128194587902859906388340996216499574046864334840117687084285589771110396315025191375537319125554783875274379162580957865620545498528809327742973874384951090884542596143243908430435705769963178393589594212708963225972926962788409306088
2189969328499914223472.74733667002467087910555578461359837260159663269350858225992494988078819677986556202204089079612814107185454234493347407282715863921484859256620929564711772189013699371551401410965101340167034860297930771551481341939051929542342863430858671010658006382041093975402265523227128764893035783
-2742102729939190635478.95949168944758417561719124604431682908947191325123484959045594277025506099117849278886024028777166957870011575204413790134835395632811545048260246598982616793852711966510547310027059675254315609455420483011211601610906951438736807097005597652138553458434177374835274861892362672119335808
3522189423541580255201.41263936294795487440008689202909314475958580748906165612624381150053145067987787977493782202283989419530703655532291988282423106300530049773151547161187623450068546146837001118409361746356084519187273712436368413608453831016497387332124208008330793572127625063820606983894229908482299493
-4506626794183284544109.11528311045021438412224326075783861772473308393437856920948011499060590309309106931810470468936331587483652118081110836844128609339571933568827797639843841971040990069789379499689026938870535660171939039378132434133121486878452589938881365282747888171856582195960690415165053227980390313
5859157216204492031025.08156386374833159680254929359956210159535243289623897398101015259201414716032771152339721291921118916536566106022223084357135438858829612134547798197884641791948649683642724148799546671164455931197309495830658014342176334279797748307182410654173987120943148597027664278969392189220116235
-7615386520157899090730.59549484744849594291675543130680415460040136008115798858826459979007028396035911218607721802349616518892901972732604559386815295378178301376255870846737276841168715136406673283938618720048209528623277984468384795177793540352035165052352116708334107917666474867256590330731783006099365037
9993825848223029926936.77570663010338705700653152641290258429073851735874679836653642786255430309586345582062449811624564779663038844529326118984184003872525315592068146005510660087735622849598661370513931827051287329067002426762104649909881916884461172299439036337110119389723011253249632471200299894401319501
-13120321212696024845704.3541756939033033287342848079606808148114758382970185471881362632305877750589981327317359232580413760103240798672268195570374566194014549916941905581611845235689562842981059923307022166054463665201997020263761463527934359583447007458028765703318756947994454423236387342006048042386710121
17308929688121395467704.7932913251473995521620071324943550416544735318377755452017948421052065038093874906107937631653036158117736305873989541962653588217216394960059011396436708533004672283763146413022391827592252464173865873849563536177456800841055935977985033009846708588190219377630402670983923251479915379
-22817580301798257591885.1987255645680966674265372952226588510485911148113464380263206169193813655727841213063431882417224781556075882721285393700077568132019662009109248696461735246877491005284897068301974025238303385524682849862266572560483201845987464893451687239143765217757121858607968059246102460173046324
30100648628208973168791.8974555771541230221472442057673158929715440955468473180177731219804458248589877502148752546777676559466645055670338648726737761030916280083276456919924890306963106674149722580321350261347354275937949385069252037476765676034053027492693606872729109099804618795112356311434051170402891686
-39582002869864665234015.2693056673172178081564617927741150605013205881300837568094234772251496898655293598513224898092725726653332467820217153453193337348574183700514047139814016383665961828492525761899845623763371065976912694928187728675773837517210939592790748243657031405168625463043724298529557372811904869
51869321279546063798734.4522657677028257928707447838740290513420041608243330492820771378505015936447621613143504820385203744499326723930471293554666180174514094543948256790264402095021765015786689174017765431088281237686902583133390888372692561507325243237586047047717557414237651071762584200619125752654465594
-67517298814844818106552.5229147033470069107729906225200569570353751428140102477616563169806674780750641519616394340198230829131528112328005135218699350212998554382479745766029522677480953726407643481558919893627296455010102124767604818272999483698052484267886632195788232060188063778627572680084980232803141128
87174241305098284201343.7108789017461665403116283721118231503000074524103067956900079429264351743461274773688577579781044005192598257414096422496869017283957579311536567121040596141966091276097943931366252314593696068111311668554341842386894248964981997721809379397041967142719344312890692133338539169676083159
-111289399512975177622500.868544168237511215640924682091324135063957085477516248283459477537203974027067258172237332334968056859367567761666294079735496538584013778079718359165156604528630296293466180535067246150256273061438406101276818550359249046894645774977191890347572570603795538459147787285893453302021023
140146975928990685624889.774675507879012471105330980268262825147773880519060439654860533725905196361621001905983750074268643661898447967938165544996095857703782147427774694731508715484223789094599165322952083681789930063734049742596676612444785156519841880392254768838696078859956710579627358792681861315359127
-173474980710772938942130.462726669844683403882615045321992215690825296842438558360217449477385156512766115980986983289508027469550587631369315344890276354566263213936726756805890831158248350920233620418321310221871108760104010704181749957401903626693346238628339176466166533210497720997048157832669843162345682
210360506148822669393682.096660163295099663602956327956090382239122486356688314150212671627399501683971829512082469473103721330948264312288155097164370585197440227438170886382080898141184762231236603055742561642636914583202900664973295815123599156950706083793152931770705106205811929616572653433980348808997455
-248818547855215659138051.077672517289246003877456586296820685886361682866939825529561235086307634908214701500662662522085865130245176986247166235981577556970640710754413024255366750212605374092471304205849858177688279890918071263054281169235615561656642102788891134138432557405132263616011163427755048871621252
285766040788562182439343.036918883460109671957203430978784138919242604760899486879583968293350449028477942605189028518530297123015346575598119994059480635341137569286115927989205883184664767199107471978165978887292361832250276540928059479372857679802466685185596001390565440987269954620322530002896136480722104
-316879445683947642188686.567734001573630684317643352468502625026236883036814025676538532963623860508740865235738190978937073525581253098740526474171308338234180366423618844480063189257579178623358700946196629009442293384529361493483343051763508386644171541940070730984706598933556656183462232964995215562404804
337113817888745022669656.865693964545708341145760366566606158835152878277702955516333495861341469189872764594088296046369428053591473206252031720660894906219189405216895205027369287677781180202481395786223008092856760840906213008129569104493014697102310174405462652813814335303435573650663353137179089177847664
-341397368248097882376590.370390639058718285150680709452181117066555929012097070881449173955374301615012420803097033826443049074288961063244174975510478251612484033703833520667025275077035263755438265894039349176789735407769498811312222962722945705947410023709741825848883402977017092130550923626032720805745342
326084826412515174221630.311735055797569324561279896550747984354860084049272990396103819539726643226722619474960346067005885651658056000966542118348746435263665849706900527829565900313473289513272368389716589179882650236177638271134585984619935897990195376107287863990455785512117664939151651338732467830463505
-290350950325223527626543.462343836850362455184094840048216139425123297010947799234542165788635039549102444998833591626807470288518354700417671339940315196081808365222070772220433543967059973209738136634844778510809111814068646114952646241424661906616643734750550272183337408492964494008115082771000480492080715
237530306128163123183081.691911173608721091445744017015878221679702938134111395828662508565350610165399432969375176104414752479634880667397388812600072175367879766824612365375545195635819765714576520052525385809807718314927018244810544853189444734500234589196789880710004849285941645198597609781608069427780062
-175114957987556551844261.161057712531780400076698939771634209745074980571349026338937471750449584452739085603434427562307768446271808101571734537727127987921003124796848243716454427877651224342651619342779079805186582039076141169810218835126493974662612751703967670767795726538871086573734110465130854305202041
113345418605349290456194.404858081034699654718758703003068708727242514981585221300199863834452800127280922018564356518823752369497178343573308884066410137976305792314703027170704950151914833071800521776251604191917689786615694686786586135036467942544693960201032332547427674982363834578114339659154711144965249
-61988580644080053865509.9424521369105415532109386986801820181848163713772242359151271192431119519955350631129896689977313186930501807846876315934841760463013101070177000849500984228914913775099363761822045040004061744982048277740458723157509851436994930294415375408577973803270541722026319845086889032131683544
26978442715350157344203.5571590478051877020587314060829729447278536452309463508118250054208054525022014454978790289949605167500482542558970622004397038807576411154194536765873466100812272922669407640956251397855664890569665108549326801351669867658867554076626086079988218425482207053071993388657148601977724086
-8356756714188623415583.287264664279637720050361492931724797758533899370269546356639010947848911561182340949754062727637067961288434920203781329417580300455047467432332258167162491498537995690921085726412036072646504176731245532314639139078399679587622276567703599380647005865905320549239622602786093801246016
1409696566141288188058.02444696500043257412573914011883489610879073275071054397095474676170585431212148078253669991453728991476303812034798036139367205734222024106185354177078009666756355339264526657801119663163617961819616366603598059226632007508226412878957025972538189652722484179112541097360248442857857329
