465 1
1.35427842629110394055640175509192565189351986460282434886581236483424976278774397031150185700752233016964458941479211602909877639885497618265884895089585192906832290018041602348684852583494904234443444792487474805859062080765318078083350992750802014656475565544199015460186769017865537242776619587606639622059e-10
0
2722952.16969521556045335919466892631420543570370567683131459189675373279795322656577836942547846778358039546211450570943171744880898366229438842080843512646907623694158005616730003628927254239104556518993269911507592880152630073010843608323953948021747518133334029452795022943951891002661399206859532201517887
2370485.13621175330854835959895728796657499983845865769413919196304869319371902827962424947486068754693882604921331691286896953910522912868457488552120316418947128659806715597933956973383391366473666027519293133751667736083076979194965088203005934629697243961138250040107399659098346832224787479100096018053911
0
42693317460045059701206.053934212521969819866879158009928638457325574115758670105339199686266164043444286565588231021129241712682346665909483923856275628802106413909139470601729965832128626323042566667393337119334904120302900280463998697743759143443363517686089099906380346454751406976134171313419990238133856
0
0
0
15487898894191918895988.1373145867663954712473250410738185428331000648426212951156550954177854079167147365703846391156650499366407701544176488155321858465725452188379971788972712762212706672540280281854491774300039348945341357762834205576481757365510821053490169905984132487829952504067538960929669857856904901
0
0
0
0
1439253.58266502630007346861535722860307375103337695610077739895825519862503979713784472545989227770764097220140061915230294008120428318873682053618550082823884267253519692254049147902338561790959382359161309733072067658569120325830773201917266083778432357825823107391482697481524056975406446035808044988231562
0
0
0
0
0
15487898894191918895988.1373145867663954712473250410738185428331000648426212951156550954177854079167147365703846391156650499366407701544176488155321858465725452188379971788972712762212706672540280281854491774300039348945341357762834205576481757365510821053490169905984132487829952504067538960929669857856904901
0
0
0
0
0
0
1.10074080099404734337635978532741181684997625597914918323185494580519361230632191152427345870560617233462532998360239770541928717568531472970713122425619511909536506847130827769146398686577818322820716610332177470849870880147663532004790292672418724187810884555767981173386506823236647260723113922524143632492e-09
0
0
0
0
0
0
0
2634814.92942393498934331432778884373338977823085288398077694512840834226885029375640047760756838888564017783337166397487937390893793156338296603328114223059260309012099993915693089194717543279048257930408713724810920335394750521695217300068716049400404677767511958657527922476686476953381817818240742284279621
0
0
0
0
0
0
2518925.72352446964557402684430828798737620667795227417312277061575391919989824979939264387632721482490926561250351378894898289071041104074777900800717624097408239372054506136737812158137641972061222037278190079870423663209138525356930062743647849005216154978912326936108166699613483372888749300387367354598974
0
41733301442925249597478.5113830826820617353642270871764964612884566938452526257409693448136287957829705217704900502294302098000213864366026583399621327101996545177974839634103995773626010505417964531376294226845575572217931597560468426585960519107940630091690872170128551527025737039709404840913265553384996091
0
0
0
0
0
0
0
0
0
15487898894191918895988.1373145867663954712473250410738185428331000648426212951156550954177854079167147365703846391156650499366407701544176488155321858465725452188379971788972712762212706672540280281854491774300039348945341357762834205576481757365510821053490169905984132487829952504067538960929669857856904901
0
0
0
0
0
0
0
0
0
0
364919.008339606879592110443754399963152006435556245659547107841646090917378021537893229918598248340377936494272633874992705791717364716320926026633140840447268502007804294384368453307274249014437656004678074355909425244134087561362707905814636934173777844981219326110444222301307382753925201491840262456977103
0
0
0
0
0
0
0
0
0
0
0
15487898894191918895988.1373145867663954712473250410738185428331000648426212951156550954177854079167147365703846391156650499366407701544176488155321858465725452188379971788972712762212706672540280281854491774300039348945341357762834205576481757365510821053490169905984132487829952504067538960929669857856904901
0
0
0
0
0
0
0
0
0
0
0
0
2.88509178570481416413986824492466147299121437487412712174319900157476122705818319488524881250315806466902138707129508526736169827510897800838606150476959709197415349129019943400734065198398035551211523589702137830654310232091087171582512445344761734153671665350337061382097356301712216023279768530784013308062e-09
0
0
0
0
0
0
0
0
0
0
0
0
0
198896.254458765577842855062035024665673459205600898944364666246092096872955222600187702818995285695451904651399016187574887807872231372132260462908280509940001271620779897345217868825111108766191617323890391675726326241436758069936765835598149137747032741669180876888032682360094807779882219780522597378623453
0
0
0
0
0
0
0
0
0
0
0
0
-329678.112575124962750659707533218139064692146517854928030700044012062825350615298186446177235525214230755443778763113749382188482993158767688845867098764866820376414562067718523011597931929479261715943284279723914242947921456401557691681953547074435303633410829452859250768960461517876462587240560898177894341
0
2995063813587317166547.05134881584405423197043430644171062407944687460736318692117038704702864209961945938632544133910864948822059756479392871210861821040804575700795408217335535011290649240831609105940691134374341475796878011782400565558527541307357882975323377318885634892289956023186791467934528666133796655
0
0
0
0
0
0
0
0
0
0
0
0
0
0
0
15487898894191918895988.1373145867663954712473250410738185428331000648426212951156550954177854079167147365703846391156650499366407701544176488155321858465725452188379971788972712762212706672540280281854491774300039348945341357762834205576481757365510821053490169905984132487829952504067538960929669857856904901
0
0
0
0
0
0
0
0
0
0
0
0
0
0
0
0
8855.21649564437084305789460423693453416806322419783155111124384398564343350541022633156276508581589239860141929440102378134077104848005849016076274088090231642144902961623622212460659573257269408987304043104981057683139824353402515247848425703767043749295864171004593152559062939916184077395376487420454027309
0
0
0
0
0
0
0
0
0
0
0
0
0
0
0
0
0
15487898894191918895988.1373145867663954712473250410738185428331000648426212951156550954177854079167147365703846391156650499366407701544176488155321858465725452188379971788972712762212706672540280281854491774300039348945341357762834205576481757365510821053490169905984132487829952504067538960929669857856904901
0
0
0
0
0
0
0
0
0
0
0
0
0
0
0
0
0
0
3.36787515666015287423952922200611263788948063509859771961695321772916087303048595739672610170044248011653939737234871029321050821535922369421582551430523536594902872634580120169444151019009965318134244870197014960252696665791185545682434320677610853179149805067944516038709070681986250924627410400643018084218e-11
0
0
0
0
0
0
0
0
0
0
0
0
0
0
0
0
0
0
0
2234.91617918581383043395150948204772328764896018852459646578376928133190850242217797012510337007940949586692673511036924158986312687361927853103412443600874826715294129107422332268046115022551394829900394956275613935286026654023029804398192761556114892965076765277221539701485679260413666554870504137703130315
0
0
0
0
0
0
0
0
0
0
0
0
0
0
0
0
0
0
7038.109016411543404125765247593970945184867351469092344583628605652245946259835622991149894623079683262456401236852186543299026289389610439244259648736051281093160101075624208511911212281975335783818527128705169249118293042153142510093056110613974528039559789238125124306537499936369055386859363684239856322
0
127048029885039917344.056867864380310413724097199423237397589228710861179959222374920067256059789072642719382033565319021588692617792731204751166468413111730220848381343558177429341454872937539406730723081123489598875651065518855009949335015138163440435453058389536223339188666251647289924047690492287809741516
0
0
0
0
0
0
0
0
0
0
0
0
0
0
0
0
0
0
0
0
0
15487898894191918895988.1373145867663954712473250410738185428331000648426212951156550954177854079167147365703846391156650499366407701544176488155321858465725452188379971788972712762212706672540280281854491774300039348945341357762834205576481757365510821053490169905984132487829952504067538960929669857856904901
0
0
0
0
0
0
0
0
0
0
0
0
0
0
0
0
0
0
0
0
0
0
484.593541599906048988693727934201432399159296138601390085413984545479350653658701232526646170497722873964018346344718988154275186167176310005305696642819979193287889875232176237115514564034175851000484936553591979126441722696106918817874660200989163624919181354111769126397161103025092316060103064023989863197
0
0
0
0
0
0
0
0
0
0
0
0
0
0
0
0
0
0
0
0
0
0
0
15487898894191918895988.1373145867663954712473250410738185428331000648426212951156550954177854079167147365703846391156650499366407701544176488155321858465725452188379971788972712762212706672540280281854491774300039348945341357762834205576481757365510821053490169905984132487829952504067538960929669857856904901
0
0
0
0
0
0
0
0
0
0
0
0
0
0
0
0
0
0
0
0
0
0
0
0
4.74143200690353328063090467358088301573692573796041661221865254435337755749102861611729684930418609719447332411785217402930556945278961495234630248370364429562759860256787950581217015142659871679473103412707619358697121044176332008408577377784575887307559902621933655795897961156832941038817470815359287875612e-11
0
0
0
0
0
0
0
0
0
0
0
0
0
0
0
0
0
0
0
0
0
0
0
0
0
207.311434586538372182052447143199534395220301922660139769529471479437434685567515082673654223770718967410278395837241775396281716764261063259185796038314528921374071061866157248673042956571111787959242445548828002587047740975032519932764587232419781849313944632137755247527792234838721222435137880410033891431
0
0
0
0
0
0
0
0
0
0
0
0
0
0
0
0
0
0
0
0
0
0
0
0
3046.46533865409713246939268028461454467618155291537127535175870656048072755558091179102269600932528680076042755314675045084990588591252732507667954398111518501008793545227021881470714264196067875223982134046789624828206243736952369710252943871450994302688707089863276856300680726829232834018386238454889979781
0
6105628375523360436.66549956015761864296361964667168282757929245205651206271848440764801252365857725077087532004621012503073589378166100387388462573039214594795693877084479935443675136773193513478056750632587811040360837140226446184732152904437632039830421485488695938768848529966581828954347256807774883911911
0
0
0
0
0
0
0
0
0
0
0
0
0
0
0
0
0
0
0
0
0
0
0
0
0
0
0
15487898894191918895988.1373145867663954712473250410738185428331000648426212951156550954177854079167147365703846391156650499366407701544176488155321858465725452188379971788972712762212706672540280281854491774300039348945341357762834205576481757365510821053490169905984132487829952504067538960929669857856904901
0
0
0
0
0
0
0
0
0
0
0
0
0
0
0
0
0
0
0
0
0
0
0
0
0
0
0
0
94.57807374184369905183618009890555504890949804820768978878879003911679258995324942405435401806082373462052361604082708470968253326480315997650730248024971609595640998407399330395334162153235166328610806484357762151826072118950828728332084781776102661879380523740640052632868634932168519956780369568189438706
0
0
0
0
0
0
0
0
0
0
0
0
0
0
0
0
0
0
0
0
0
0
0
0
0
0
0
0
0
15487898894191918895988.1373145867663954712473250410738185428331000648426212951156550954177854079167147365703846391156650499366407701544176488155321858465725452188379971788972712762212706672540280281854491774300039348945341357762834205576481757365510821053490169905984132487829952504067538960929669857856904901
