465 1
1.96996540358711965592256020785262546759512986519846552177060229289682316837625485975958913043687684352307511346343014030903757635273862841345382303932903069966223099064520363499624542576922527386012155246854088219680705064272602958818311699914302484408415509792590993099267603045256519241466555077247483373283e-10
0
1847693.46165560693607332364186451327690699757428042764945107211307423259476280855410611026715402989451417197549112133198414513813413232845135777461935112100037909241692131088211566443361383769520499892384338603090051623685162050797413161888409051399855119075173186505224704547747458150685724759709463669245791
5312645.44074574912952492782961997395825500579375944437016081645239996070129016438417187191368439269684844777137171463985762640874429380613410279208532021957361034280825890827942523496583454048582503262530644781691923015165597071108346953440473776394059716440038514336012392328825899719146620031349561255980795
0
83662815807098264914047.3701920854060916260418345142654994667139651642711427436741005353575564102832319643501639699661452334164799165341411977217336226252857471000492753374416724426335469139777167156190341498635446784508145160276066278747236523449117966209917437429038736219999673858856908108534042224642765386
0
0
0
15487898894191918895988.1373145867663954712473250410738185428331000648426212951156550954177854079167147365703846391156650499366407701544176488155321858465725452188379971788972712762212706672540280281854491774300039348945341357762834205576481757365510821053490169905984132487829952504067538960929669857856904901
0
0
0
0
1491609.81320026048487317493046695958989087781482045743243419479710000190313317836538757905769023530744766938120214819068678560209184779463616557522497153246654460551337425194221686037659616054230716901005163623503621674214260118148371345539855178555876388168759317143306578228525361059564403090599403754879697
0
0
0
0
0
15487898894191918895988.1373145867663954712473250410738185428331000648426212951156550954177854079167147365703846391156650499366407701544176488155321858465725452188379971788972712762212706672540280281854491774300039348945341357762834205576481757365510821053490169905984132487829952504067538960929669857856904901
0
0
0
0
0
0
1.94753059286426548065834845559903984467152390427666463408042341296273924747486410052745573377541340105860687132886957430900323473521364851474007276881540615937570394850807794546804437650949024384385810290868030442387606176302114276745181516380316156320919827793149567958323556559414707591128660300905741123553e-09
0
0
0
0
0
0
0
1642018.88343423750509649111957059796797634224474129076644077354828848490924175251317986570676711602907127016896681047625702420686465046056078205706339461499215437527835883545992003005566185030556456153439652713472687546389805297921560009387960358647661702218399356166121798500299367296905862559018995497302155
0
0
0
0
0
0
4290609.61755840553779132695996587632674063651329108162862868869844162051830615698938370943896249141556796643964549522954881842745221236393643011872591675859841465034866121260506431213754409990341292814040615873189678541029035972682442589022565288945122236562366687970370024393861269827762549433141797064037621
0
68553455016161352181808.1123781450017288137301763679816096515320433139471007252642018632634088255749752725916022466041908236176589570663461493370701526570464961506475939288417302768287020691825312549084912387413731407976036186071134673788334437866485029916651734591178556678157839085257927009745900072077166941
0
0
0
0
0
0
0
0
0
15487898894191918895988.1373145867663954712473250410738185428331000648426212951156550954177854079167147365703846391156650499366407701544176488155321858465725452188379971788972712762212706672540280281854491774300039348945341357762834205576481757365510821053490169905984132487829952504067538960929669857856904901
0
0
0
0
0
0
0
0
0
0
297198.217116392536090275472809606163630744174240944525232825572426016524735699994534083841088340874527532948839733249697404710435161784002310388411630188397211512276592554558798613735740002416806316332363533136232596571877106329765599326127972718739035526160521716006193994681946885569190818816993036659060041
0
0
0
0
0
0
0
0
0
0
0
15487898894191918895988.1373145867663954712473250410738185428331000648426212951156550954177854079167147365703846391156650499366407701544176488155321858465725452188379971788972712762212706672540280281854491774300039348945341357762834205576481757365510821053490169905984132487829952504067538960929669857856904901
0
0
0
0
0
0
0
0
0
0
0
0
8.36600206385471531032228456890028406631310074754456596846863606510865258954946154458025479368423199573595491113037039886935518895513781883883936471927399890190048973295478318068856481780235103700953137826234135081482890414011071632601778599343779907113375182620629900425873782913210250974232749639446839562274e-10
0
0
0
0
0
0
0
0
0
0
0
0
0
172117.912605954079050193011914418448735893299093487618825731950548438032021298263448722839878631270250622973974236508862336630434008089725878217282092728042292998987174487937281765910684175969026652039638835523751220235546872751068802561579860261605703408524310269229742233151546171538770924198722260489527887
0
0
0
0
0
0
0
0
0
0
0
0
-284020.651985421073836059306343672130441626968981229522047841034670115133486118585554034887740928583815899645808397154188745679272557120168146816641825635004234882351272689979412003189236573869259657215013709256784399785966469440229242323446150810885660884550062727445745040371995711151022938808260593480727658
0
2546377717655483951257.32541050687451201239222848006652124958329540291399510049262902955798801136864010950370375777621731471802441300026439915116155175362818611115735992758619887583791277212112745206348160135888583609392560230288481702187171529424382554921560839079363291107504597483071220060715588263058070794
0
0
0
0
0
0
0
0
0
0
0
0
0
0
0
15487898894191918895988.1373145867663954712473250410738185428331000648426212951156550954177854079167147365703846391156650499366407701544176488155321858465725452188379971788972712762212706672540280281854491774300039348945341357762834205576481757365510821053490169905984132487829952504067538960929669857856904901
0
0
0
0
0
0
0
0
0
0
0
0
0
0
0
0
6220.90766539322977307744801592097986703509828495130665645645177068436859176046123708958317599789124391357816040058194005959181059847444499692489382190502143840601397640468131043805303101722190777305702864771123002996983722121459133396519132812295570822992065092034313515840182992029609725287592945488961742644
0
0
0
0
0
0
0
0
0
0
0
0
0
0
0
0
0
15487898894191918895988.1373145867663954712473250410738185428331000648426212951156550954177854079167147365703846391156650499366407701544176488155321858465725452188379971788972712762212706672540280281854491774300039348945341357762834205576481757365510821053490169905984132487829952504067538960929669857856904901
0
0
0
0
0
0
0
0
0
0
0
0
0
0
0
0
0
0
2.55070632098496462614290958091609056597335405987264121484638569103672825088683982923331427936932496982101778889679239000437075086211145390735548470493672113554628291608424325899147167639429605321333342731583779651926472243549338232386537656406000352667853258548669693656088636931493312411830829158782558506106e-11
0
0
0
0
0
0
0
0
0
0
0
0
0
0
0
0
0
0
0
1552.36051240654975311897931954486977477990588162190291199517998277438952624754366572346061250078984659012104321017920851824745068208607176856071532409732070270581885575146192796814561615252934177269307498031730920297551361501403604272520977925241782678633922344903709338556785684540012531141125849143234861989
0
0
0
0
0
0
0
0
0
0
0
0
0
0
0
0
0
0
5638.43698530253038089926932462108417226729028081119706251446351618156270343826813014789755185322722232017344198881589380012879018134226839035899143384768092784302267488594350009233393244412182995946757614523716857661822960934391651475143114127392993275919923297600169503564488101132216333519029330635311914945
0
85288470723406569347.1398186212701597064833521574320407034872343244833697408111289196303295867929999837015406600969931543090011536757520673731867336903825351313249962814576590488209468156456730257084070518189272438513869547145093245044318672506011375089962623970527377687084041218899919287224677627257035805001
0
0
0
0
0
0
0
0
0
0
0
0
0
0
0
0
0
0
0
0
0
15487898894191918895988.1373145867663954712473250410738185428331000648426212951156550954177854079167147365703846391156650499366407701544176488155321858465725452188379971788972712762212706672540280281854491774300039348945341357762834205576481757365510821053490169905984132487829952504067538960929669857856904901
0
0
0
0
0
0
0
0
0
0
0
0
0
0
0
0
0
0
0
0
0
0
335.135756952671688039703175282807955003308733786879947419902287732873395183217781489013863375894046765388125063455600678658667530926491250647775605941705397889220396117179825375729016360280078329600924789194098020027227892852118764514501852838388575671891732261381638167425922575178131734834295313177312715316
0
0
0
0
0
0
0
0
0
0
0
0
0
0
0
0
0
0
0
0
0
0
0
15487898894191918895988.1373145867663954712473250410738185428331000648426212951156550954177854079167147365703846391156650499366407701544176488155321858465725452188379971788972712762212706672540280281854491774300039348945341357762834205576481757365510821053490169905984132487829952504067538960929669857856904901
0
0
0
0
0
0
0
0
0
0
0
0
0
0
0
0
0
0
0
0
0
0
0
0
7.37718643550266147647697578080767663478618350864431966672505440354511954857023635568771858311003172556397485982267340981916049196537753419571281434729103925588348217106952294352838696951267075310986552567435824796400806093367070947419602986648578767208242607522984270906985830669672364277017028280283605259268e-11
0
0
0
0
0
0
0
0
0
0
0
0
0
0
0
0
0
0
0
0
0
0
0
0
0
144.308943542931612786368803021040038930719404424985133406457573297172271666969633427829636033908644586096426707231807372368632310110592860801805551510869281050157960361490954749999271893064436322516327810390865449391064857600127040796559229330065767785514223627073631824050981274131563994872408027796332987065
0
0
0
0
0
0
0
0
0
0
0
0
0
0
0
0
0
0
0
0
0
0
0
0
2225.22395855062844108215079918922256269094730692897790164528006410782653322108034958338180521521096455992861243991420084964569522975083821723182955812744517268295193066231781793369586387395522576636606011819530107778729297116488178614061543449224789263193903312135938200626892224233244586265619975383628430976
0
4020196566348083600.17181372850446249826767901014998020150145715042884945798924848491937298061156956733689960472501498678629571280068352101712232586725091666328327946001932913422581590716771630725447769086342671875261495704980632703506575528237854655206748190380074578176932098269620591936612298822548122181507
0
0
0
0
0
0
0
0
0
0
0
0
0
0
0
0
0
0
0
0
0
0
0
0
0
0
0
15487898894191918895988.1373145867663954712473250410738185428331000648426212951156550954177854079167147365703846391156650499366407701544176488155321858465725452188379971788972712762212706672540280281854491774300039348945341357762834205576481757365510821053490169905984132487829952504067538960929669857856904901
0
0
0
0
0
0
0
0
0
0
0
0
0
0
0
0
0
0
0
0
0
0
0
0
0
0
0
0
68.7841773193028720091252887495734454394073315994494166540126084643350063438104949008177505625576824588673427267535129503085598703271919053091559238152413795106677304591028242823331875574503027847827353959074808771572947513122942067366272754284701275986703600149400164254388710133308375924549246681943620444691
0
0
0
0
0
0
0
0
0
0
0
0
0
0
0
0
0
0
0
0
0
0
0
0
0
0
0
0
0
15487898894191918895988.1373145867663954712473250410738185428331000648426212951156550954177854079167147365703846391156650499366407701544176488155321858465725452188379971788972712762212706672540280281854491774300039348945341357762834205576481757365510821053490169905984132487829952504067538960929669857856904901
