465 1
1.61557956924977644189918790479157522615687873359905611014715758551177581778685354048035489554221283455913245788134586854948104519376976214849519912108642915302550067017873779685481583010911558482925070227359640266727540963155334735818488467268119461383797207330141759177678693744360569716749630463011327013736e-10
0
2108258.04848145534934088824383897450515055855520572097993023614505533308804721994321956251651454610611335443664951260174890805418522026214592133647397380148479872518338909691845138891098769295224565309138486186915418993024238432612430074749200057824687739947928236364622809255259434562306947093017594309255103
3782751.25551334409001691727904427810981399237980044578078897639112877927306481222131990145562557127673857388470346007504442623681048523399818539001561469138748985431142703152081169015447044522408350050983064256234557713329837839903386169025112190361561984333131173938732916324392577688880783049513253820913347
0
62380996743434438967871.8248735987121497748090875102181977421936436076551781367847921292285761205837403252743168164278972445898663267975702495501924266074275365444189417758976968066871080918421731507326507150449609399447979046655691717629831778148150177873710379172014947148795596022806797819213704079580864519
0
0
0
15487898894191918895988.1373145867663954712473250410738185428331000648426212951156550954177854079167147365703846391156650499366407701544176488155321858465725452188379971788972712762212706672540280281854491774300039348945341357762834205576481757365510821053490169905984132487829952504067538960929669857856904901
0
0
0
0
1458839.22002245240333058832514921293793595360668543145171039791677324305899262969545680057452333819955499180470564224820101039892582039968096215716054732709955668724894246028229863019047696881122168379430471506973859163890862080379386879544948398071621061109027613628108789800800484816769567431182546842876067
0
0
0
0
0
15487898894191918895988.1373145867663954712473250410738185428331000648426212951156550954177854079167147365703846391156650499366407701544176488155321858465725452188379971788972712762212706672540280281854491774300039348945341357762834205576481757365510821053490169905984132487829952504067538960929669857856904901
0
0
0
0
0
0
1.50046946457551104357574131869137804816343081631029951635536907014946971447783690719406293576283744776491024217525893173217360504070205192851014530265413113968622634654545356326738136015336507263028528329485120515461385215156549234825201349116194240464923495187945571585107359777159149907959739356847329733171e-09
0
0
0
0
0
0
0
1925078.31332472183039948231007054803498164095403901624451266414336649609674103031727504511982497324870706729553841257948488569047040267778603762267403741395668437043912887301930157415140979381778553043821584113502441692148390916732930147974688814574260317256058801969840193765697393874555306359695594563864729
0
0
0
0
0
0
3446127.53729339165479996128302671577547217722923321065878475470333950647874553656072745859750735001616106585940509889186666066929274482791726166703558280693398275398301262441119486587745770951984837691804157481107817927044323251264301660404301739927917077079496372820476655509557527095172732279497265832060637
0
55689308694206599834478.6279164933022711195976607295895737278390885397561846105654553489358559740897711592001674899393025051557246510349142263738340172172230532507392073760912313131449561993907260108966230954808382171125779659308602331160264381293837280046163532345952530454058858263080472057972065368802261538
0
0
0
0
0
0
0
0
0
15487898894191918895988.1373145867663954712473250410738185428331000648426212951156550954177854079167147365703846391156650499366407701544176488155321858465725452188379971788972712762212706672540280281854491774300039348945341357762834205576481757365510821053490169905984132487829952504067538960929669857856904901
0
0
0
0
0
0
0
0
0
0
318571.68119296677426819657840887508098498961053595185654896737824040458812290132239587535550478948215819702015017030802943941955500996563272437382534244560127458424302799700401415587025201941086250704065786182112701441136275466555844562273503652831030775996284020964765661308662917279560399012766375253148203
0
0
0
0
0
0
0
0
0
0
0
15487898894191918895988.1373145867663954712473250410738185428331000648426212951156550954177854079167147365703846391156650499366407701544176488155321858465725452188379971788972712762212706672540280281854491774300039348945341357762834205576481757365510821053490169905984132487829952504067538960929669857856904901
0
0
0
0
0
0
0
0
0
0
0
0
1.16439993941935595660826261151499651088393465829398204173908934797845019756565794422220314103251038357661647297909229158443166354109958405164513473785790882137363565279541305833034283102580316343991431945092189430495521222710579877307327134174323058276492954229173150952200897026730547372723138767617351802135e-09
0
0
0
0
0
0
0
0
0
0
0
0
0
179905.501422424592175244601003935780949230162946829102371099930307134060493759447120737551846113756904242749321996790914835186074265435376281027062868164252187641626481355179321826714089711788534663614751288042560910289184145404615431658696062817638204253846554041797757507650518959536488352582075300372901336
0
0
0
0
0
0
0
0
0
0
0
0
-298363.983420735486052211014238231737401954331619028054144518660071607518528394635426831289415763317586929605157949399234537345918804554391498256651740680914382106839341204907097870408375535937417198472388587807661209548133683565189310512556601907664887464300824443321654701848113883561568806413932638343862656
0
2690213486977116975794.46651925937619115744856061887048337786451138040283112804268088207691367061507476943182034398805015845766498641867806176771826730900389431990073017604287776156440656339902265259372469613424076453827280818374848329920522244980391521508803405718398176978696281891794132778885260272432217758
0
0
0
0
0
0
0
0
0
0
0
0
0
0
0
15487898894191918895988.1373145867663954712473250410738185428331000648426212951156550954177854079167147365703846391156650499366407701544176488155321858465725452188379971788972712762212706672540280281854491774300039348945341357762834205576481757365510821053490169905984132487829952504067538960929669857856904901
0
0
0
0
0
0
0
0
0
0
0
0
0
0
0
0
7015.61588579355400773870835992302258091350290900901642862426929177490310973420850646488221289522857815479804797284536072983688165271217548857929339836901626248070880920987678175842017778156141471290789298667590343431614122279538274398156497755980749361338947116810604924526836777280790607751375699699644625617
0
0
0
0
0
0
0
0
0
0
0
0
0
0
0
0
0
15487898894191918895988.1373145867663954712473250410738185428331000648426212951156550954177854079167147365703846391156650499366407701544176488155321858465725452188379971788972712762212706672540280281854491774300039348945341357762834205576481757365510821053490169905984132487829952504067538960929669857856904901
0
0
0
0
0
0
0
0
0
0
0
0
0
0
0
0
0
0
2.79998006471593137850264064195356286933989480766432533186168770882135988892462541974255897554427107135412708015286877026652640200401580597977589005810635753859335237816632939762588723240909143968374232645321607235923219809526925770563581923086593134476433113321957566800884420596183471214942571674430583740039e-11
0
0
0
0
0
0
0
0
0
0
0
0
0
0
0
0
0
0
0
1757.13927149323369376567722361702495199692868398941002337209392229785288108071729243161365391476388651155623440712383591514570447181321176396523051284450431097068013106240326340878106242834132848618467181042144445818654410771882046078594959026025474819382632100991776203779347454752579599829683159994495968218
0
0
0
0
0
0
0
0
0
0
0
0
0
0
0
0
0
0
6067.22594960633022141434716407592517977844080714506461702597297227359116051409259239736646466143449347430563522239015346042866234044712088789546750214073846598630722185720749769148713388386588227623017938673233627383913713817472811285944219025388313985937300371065262390505565371682425530912579823252749712478
0
97633722986964171112.022275736067791378672902071760856354696745605610834986935480318589944277359687625439310028127351557206498056548108009177470534493380816735171674377498834704112891790726058980610233478413737794000925399941850790572135924280146881859993409109320843648842449821985523820727910821102374424413
0
0
0
0
0
0
0
0
0
0
0
0
0
0
0
0
0
0
0
0
0
15487898894191918895988.1373145867663954712473250410738185428331000648426212951156550954177854079167147365703846391156650499366407701544176488155321858465725452188379971788972712762212706672540280281854491774300039348945341357762834205576481757365510821053490169905984132487829952504067538960929669857856904901
0
0
0
0
0
0
0
0
0
0
0
0
0
0
0
0
0
0
0
0
0
0
379.849562427004827175462233298074449527976525096902995526700803534588325166043295181077091426709506443475534406591160542847005518292906814363629731246153859228505520496780388055512581511702971056347599882619823733705159544456749332695411294135972100433568968219327043592995796816893113034857330658338815086631
0
0
0
0
0
0
0
0
0
0
0
0
0
0
0
0
0
0
0
0
0
0
0
15487898894191918895988.1373145867663954712473250410738185428331000648426212951156550954177854079167147365703846391156650499366407701544176488155321858465725452188379971788972712762212706672540280281854491774300039348945341357762834205576481757365510821053490169905984132487829952504067538960929669857856904901
0
0
0
0
0
0
0
0
0
0
0
0
0
0
0
0
0
0
0
0
0
0
0
0
5.91524642869750128824071217609788247434592233632077807400874876161643519539715956713275704921321244745195875810925958083213849749905318041968650615223488139046980368149912110597985868488894098360492906256585173020514935312991248785838005070505645578695685952230193847029997080307349198723031134705730420273307e-11
0
0
0
0
0
0
0
0
0
0
0
0
0
0
0
0
0
0
0
0
0
0
0
0
0
163.180708990398769960513222518694318213464343633257404630874481553476809694621533825902312030505428391312714224320448156218055824373896475999100663836326383846229299684143256046124571965129439764396804948736344920609621054853870015668406625712860928981778433820294424549681597066333457451362719115652466745782
0
0
0
0
0
0
0
0
0
0
0
0
0
0
0
0
0
0
0
0
0
0
0
0
2476.15367458616286228913483745633941842549261667930545660233672485767503499082984704844561736092732635105640374439653317787810300292293996714468630720411316850286555159916765389523570137303911488499741221077318803690785675395883023718764372227063590617516363714223675561582332289119717112431712031024342504863
0
4634256379095305548.7497101420526315607942288431584337497621462966358708513359860802016731915328387115781382744921734542519099775543336892811092542167498343810021389159727256877343018229379704454665883116686495678176108783206257285019768163306782470203035924351296577736312483192960938919686059575884620181616
0
0
0
0
0
0
0
0
0
0
0
0
0
0
0
0
0
0
0
0
0
0
0
0
0
0
0
15487898894191918895988.1373145867663954712473250410738185428331000648426212951156550954177854079167147365703846391156650499366407701544176488155321858465725452188379971788972712762212706672540280281854491774300039348945341357762834205576481757365510821053490169905984132487829952504067538960929669857856904901
0
0
0
0
0
0
0
0
0
0
0
0
0
0
0
0
0
0
0
0
0
0
0
0
0
0
0
0
76.5668094654044759853366177393972439798959074876042241094851842244481856215180282973075626196128577974435359489732803214814644803465752399442239167136642588298766603340639472226438189543403126867379680353475896112373300004371849625750312896302846809112737486974715146914706148856592431057051135905744203474032
0
0
0
0
0
0
0
0
0
0
0
0
0
0
0
0
0
0
0
0
0
0
0
0
0
0
0
0
0
15487898894191918895988.1373145867663954712473250410738185428331000648426212951156550954177854079167147365703846391156650499366407701544176488155321858465725452188379971788972712762212706672540280281854491774300039348945341357762834205576481757365510821053490169905984132487829952504067538960929669857856904901
