465 1
1.44203300308467962281738505703436854105625294684898345651140313210984286927530445900722456065392785443767976993324104092668039453509347179948808987213684917136016342203177502232793548410046434052742474939779922531142685752588998923141939065916108770790336327915049868168003098520663902926885550711704907795177e-10
0
2399084.54802459019425380340434594559569229325859277560909057586472754486384822997735595620362887693846255256722665900755112526638027831402591704037475545142430313846624783115981006509265590829027996579297003310837816914750606517205852526395978197444349996241946227071432007959883893346900140033221694463851418
2921641.01151628788594263407585972766132007657285164017770731704113119215965510775965706210420320301598024716578705107841397132288337047021937588360810428104456282139004271480971169102336925202492334003266014658574112907532605914006008988691899333222140616470696533739006110586759010193619707393919300463592238
0
50399565118646739176415.2178142563429151420673714975529112127261952594466922552604083538479977022815415852426164004631816588158162028856436328160778394068870701292748796456595007582495105737434765446398927358669186453407670085671941714163815607875396155546143623425766728075653935272136531407080142006107748654
0
0
0
15487898894191918895988.1373145867663954712473250410738185428331000648426212951156550954177854079167147365703846391156650499366407701544176488155321858465725452188379971788972712762212706672540280281854491774300039348945341357762834205576481757365510821053490169905984132487829952504067538960929669857856904901
0
0
0
0
1442807.26937438483364121749237707891192414423208107528013980622990505632284089364409704752885969371976467729340038851839605921493177358376931169139733625032942001600790772288306946802431083001982733818735640709177555700771360096663566334748167084368061127702996442453110638999281855073333682928179218077069318
0
0
0
0
0
15487898894191918895988.1373145867663954712473250410738185428331000648426212951156550954177854079167147365703846391156650499366407701544176488155321858465725452188379971788972712762212706672540280281854491774300039348945341357762834205576481757365510821053490169905984132487829952504067538960929669857856904901
0
0
0
0
0
0
1.25440073147980433758561903681355560676893039301841763286380859169755429996945199434225943387668128543013936320422409170268755707683792129508919702080956601967203063840058267735317256230374391635516293021518464897967304805960861041027974903890176214336842383805226559990714984478895022832025093858498497053993e-09
0
0
0
0
0
0
0
2253602.60760539267340685236133877776252805966281261075874985878572231598802881113958649690593377431521051170637438846547566269141537465009176219787106216023788804873023720445794000893771419776420685770991945862310075047309767551528993877310384822702213050068520284967692684628971868635587276025260722672485136
0
0
0
0
0
0
2900003.49332274585847172171827480512231825535492377944825752377210507444031040013003916154960515211870026399270687504683538675946031924606035774179767057680058950858248195748056795862780467500505240459253744353048357705876097630077488571412101305847863966013263416237345841924953473411763411212334555150908014
0
47445634249170141297965.7377519763320179430546615258590072998949078756028162051137473851346005154030459989526176094087494829714355881842253193608174670693454279281868081914179588138780399258164956685065231145167454400117971472326813712900450445618493847463922537447489208327723863656367459355352911380251550847
0
0
0
0
0
0
0
0
0
15487898894191918895988.1373145867663954712473250410738185428331000648426212951156550954177854079167147365703846391156650499366407701544176488155321858465725452188379971788972712762212706672540280281854491774300039348945341357762834205576481757365510821053490169905984132487829952504067538960929669857856904901
0
0
0
0
0
0
0
0
0
0
341133.95594403529316806028289768095963930827403711008506212497344272168573626000801587194122266033673255818571699165101628058009601639214223754004362466263228533192227855540985198359733866917958457770629835614150486204305696969905810890605662771708330127788916923671464972599574637319679271391608013014610371
0
0
0
0
0
0
0
0
0
0
0
15487898894191918895988.1373145867663954712473250410738185428331000648426212951156550954177854079167147365703846391156650499366407701544176488155321858465725452188379971788972712762212706672540280281854491774300039348945341357762834205576481757365510821053490169905984132487829952504067538960929669857856904901
0
0
0
0
0
0
0
0
0
0
0
0
1.72776728785692987495825526579332028511635176522709275108326616120729136922499151100882787404278353878321468733541493121430161803002476262921133194177680129527621055244750705987997157562937708678192657700435207591055574376995170190521943596638598880489198630506071620046155145844006181645920491855041745339521e-09
0
0
0
0
0
0
0
0
0
0
0
0
0
188847.151708443493370589358559109076064602613243574288676313257684752307551128252262151418157773305840498629772853627408650081649699917881849747299172755723366854156296936314489450718388652444328565577754734646808132821841916231355614718269944644553408502541596884028812143312400138714761989563994075519400913
0
0
0
0
0
0
0
0
0
0
0
0
-313597.856914527846956014768194001116143687474468401252217908620908886479016221283509493768103510155728043425803873389373919068276653807281343949862406233153305014136584905811273507389600030680884115408868336407484803524100392304461943435629795591488641309567443692303214403829653885593634567393873439910663321
0
2839897789993246555251.94426132477738659768196439346034068928178241112598440483845354444478114594470895173115858954998179057923662706665841594087767071308405725820432664329173595916239281049113020899661391591673914751396262116823338879148446099684271179820918630225854314840576633017864750983196332606963158728
0
0
0
0
0
0
0
0
0
0
0
0
0
0
0
15487898894191918895988.1373145867663954712473250410738185428331000648426212951156550954177854079167147365703846391156650499366407701544176488155321858465725452188379971788972712762212706672540280281854491774300039348945341357762834205576481757365510821053490169905984132487829952504067538960929669857856904901
0
0
0
0
0
0
0
0
0
0
0
0
0
0
0
0
7891.63717379957661392385024176421953517564361881773026730912447989972672598939996529448285688624516897412756028835612337274478432402815786456947989672848796145760554382681199954670519650462286041371174035017942513102017072179964014650761809574556577348629482833407411747664472140467758865324777297012889824777
0
0
0
0
0
0
0
0
0
0
0
0
0
0
0
0
0
15487898894191918895988.1373145867663954712473250410738185428331000648426212951156550954177854079167147365703846391156650499366407701544176488155321858465725452188379971788972712762212706672540280281854491774300039348945341357762834205576481757365510821053490169905984132487829952504067538960929669857856904901
0
0
0
0
0
0
0
0
0
0
0
0
0
0
0
0
0
0
3.07185291885077099096790101996102099864661805372790683254704240056522136316044941648070102094657742546067974106784955110758114275764741795745651930240027231590722039655339181967647619742119831527936281038838689393730429430424471009035587213907235565637748014699968711886458431757912473446067762607769299372268e-11
0
0
0
0
0
0
0
0
0
0
0
0
0
0
0
0
0
0
0
1984.03432254204305688927624332466344804522541574290562705939292514297727314528460351647458341594114889765221156523853409260475775421347359462191188376158253880884743114544564737499344426118538053181840797371964119175556350631734985753310750217115534084637777754091908709299548359242532963722781892374768485847
0
0
0
0
0
0
0
0
0
0
0
0
0
0
0
0
0
0
6532.68731800796318690743514558497824163451049838214383764418948844732070161601854175526343572232105193930656564644419374979350472327297227330535666535306116393927629554148343021292600072112354041823553700559507597880192008202040889458752014558879122193007032523129589153090433585520999862643459659818469975086
0
111504366691515708765.561840417765036858350821170347020375436202850771698430796507970070782470175203353214239780625453506401590710908261051571449967594039459827862536474850805653400485538323599186463337987199901043056557233710533286875137048727800494622874662551089411639668512193732254845903630997800367606293
0
0
0
0
0
0
0
0
0
0
0
0
0
0
0
0
0
0
0
0
0
15487898894191918895988.1373145867663954712473250410738185428331000648426212951156550954177854079167147365703846391156650499366407701544176488155321858465725452188379971788972712762212706672540280281854491774300039348945341357762834205576481757365510821053490169905984132487829952504067538960929669857856904901
0
0
0
0
0
0
0
0
0
0
0
0
0
0
0
0
0
0
0
0
0
0
429.522359851925843108093268509141244792898976069838425397704073509572891481688924315040925474184414594298883554796714683476092423746573510990984595322316056161451971958610303707737392047789000224962068703599309805140200494543236459539590880334470260990799937986665151820564120731891682354385506126248106640536
0
0
0
0
0
0
0
0
0
0
0
0
0
0
0
0
0
0
0
0
0
0
0
15487898894191918895988.1373145867663954712473250410738185428331000648426212951156550954177854079167147365703846391156650499366407701544176488155321858465725452188379971788972712762212706672540280281854491774300039348945341357762834205576481757365510821053490169905984132487829952504067538960929669857856904901
0
0
0
0
0
0
0
0
0
0
0
0
0
0
0
0
0
0
0
0
0
0
0
0
5.16593441719324256750034853121609641021047250032367496998465754304302223358855596980526917622055918844047717277993733464207450426301647829846702898179960528932825011287037844054849886746632428536419062204533766260450820591439408584670737251875770784598313280204982470411757629290707199377130044344262078340582e-11
0
0
0
0
0
0
0
0
0
0
0
0
0
0
0
0
0
0
0
0
0
0
0
0
0
184.121167283351318861465125317757378991285250655434260738530244883226995743663929899791238123534033538600555728229880810332925280450108642180075211951224450436674901841763192632185892569683538549107278785153621906183752750298230001242576874724863894296279102686852923987642210772025966927583121823220700828843
0
0
0
0
0
0
0
0
0
0
0
0
0
0
0
0
0
0
0
0
0
0
0
0
2749.33176269044627511802434189327469897695157620800557320771810516674062447262780965700029086195011833169076348203712882964176066613422606610598718046422246033108547735113529006635359102399819260417826318867339953088162221921457778078376790529103972163607174654993793990314069377157078987552495107077300580489
0
5326706851901191586.01597713807310960496269600999760032139287968356232398718340932562090499405809757044562229892209837517011670948988030716317125808880839356601620881110933690390155444756661164119185326994603581114490813212509661764436284188165435838395411414633762832772639564157858723139802864117086231558653
0
0
0
0
0
0
0
0
0
0
0
0
0
0
0
0
0
0
0
0
0
0
0
0
0
0
0
15487898894191918895988.1373145867663954712473250410738185428331000648426212951156550954177854079167147365703846391156650499366407701544176488155321858465725452188379971788972712762212706672540280281854491774300039348945341357762834205576481757365510821053490169905984132487829952504067538960929669857856904901
0
0
0
0
0
0
0
0
0
0
0
0
0
0
0
0
0
0
0
0
0
0
0
0
0
0
0
0
85.1425954593027306584777466986714374253732595313985731288383136064161184554294750729874208144122977775585459751138443437986916490787681033017521850598603188816025621087149727283304725416867666971270629286084793949854695441219407570994990402523280554750572597839427461048221280015110262403328214176936498044642
0
0
0
0
0
0
0
0
0
0
0
0
0
0
0
0
0
0
0
0
0
0
0
0
0
0
0
0
0
15487898894191918895988.1373145867663954712473250410738185428331000648426212951156550954177854079167147365703846391156650499366407701544176488155321858465725452188379971788972712762212706672540280281854491774300039348945341357762834205576481757365510821053490169905984132487829952504067538960929669857856904901
