19 1
1.96030059475654809233807716446265290369315616702301369107446141336687042869768927128246048352160663639656859442300455273011727509349694151446187535353579833161044489964589831279560869091169243371916235929238354906809665745427819193167493394901750196565290042976636507301877998412923267447984129865159608707015e-15
-2.96835588551481129381192510501245758657645360954256521867451053080317975198130249276726193126033393543719897721036579306156310051491633980176373206161315367592494279663255944161927195965977431254955488761776562134964811958337546776430669353760567840976325022475193909626892547871584281327808604103579510109266e-15
1.8149028360398510282483496006943946947825770724742626958392497167018815051658110062914270876953391322716186183949738459188143385923884235772772386798719779660675121998455505660908362971207261179797742033195484778723350107029412844428690085819639117498474919406039376126048739995247287557019004130784409540404e-15
-1.55058473647583598434795708416753278423377510290908148588107376321900555312743533588188780826153115081029691581102173840985604367424401761530663002184361962623438888023102995291517960627913426167891156265162231206960826572333098715253534792998413695693800795838611391623107378042546827870301411332105261421619e-15
1.48848101784245983779073489785868958873397203426425007617030931528141249242059245233065406162907117263437927497089267245507348611982321709600281141439068529305593871696298458685249752009060032109423689407905181775286357928532874688687204312934661318870154207259156631697018871964651881128991474144173105220483e-15
-1.53628101145049050222329915184349382556180182259738620985143214769345179011540046521560170468469812826306238926408966640913149452762150853992458878829093100612110934583094705617512591537790967013823169915502539672323341341613763845561378826456438750947214207311949580691827261189090993437736626109958007441456e-15
1.67266195162618363700644062824378170346968118624062268120139963480102412461998130097305436816016389859217704227960075681763810174937725144724618773667230043549328287378569883912434795966722441341911416567820220311196376716486085402913419855349390143418354617183713855993524784818693025509065120678400270513644e-15
-1.89825921786342015047131283887698174276047463029712613281882910270399408095325639126715218773784279116847279345897457143984339514676085204473536372296242192459188546415700230151139414066405269366304775072384436143437343810557478856730413555784549622301638814878141792056018235120072177452050549251305019906026e-15
2.22364782296472065782354670886756491673721834492664102562966313814016323231286790706762252428663158564066172771077850031067639201578190241771204664872667415516323061630003055135955864917837501856629726124271476296588015710663569105442030105005572237179454415539939582574483899096336920262104636189295728557194e-15
-2.66309719230004674007250823354911508006494693212300437567916955339588355768671011296347608560801906679852020261151552361826000399829800868213030457444223952156400369714041761743455102076122255606083304933805168976620888186529166335115787036790561218405538938245139999807999792588255221937014506616323825101749e-15
3.22670462742766138169174068016683700106122140058373607388070827346724545962688782180867896459324335035022892294811842851642668799398156021361997251150024972689226510484852141508129058249308326759748185919936882870450401715294451792508671463471457719533505579584815298796854350356791083251566744933852673378553e-15
-3.90652965365195898375345540958272276952273292708542865681543682365117769354385505308305896602779536411718127578307158494282731633964018653201696276557091409710409334687556424741836879356295708784472515926872253658537023992469612414768182589629295477089907024486134365545371734242684649174131621382464502396465e-15
4.65330765126218063365687094248729650099054148589590888478424722030801461120632991040720712540579970924218343162673100349786454361668347289948419539733570087087573326476736284233951015077395291758291654149370891879148613371838501288374252898467234782564308955252961033672143490513198753888734375932851324106955e-15
-5.34444127644094065269358863857158287111791834819149809527736884998287234526281706679093779614963227473804490268311468545884968021752229400149682437695213054443906127557195734527875862843483956898939884923234547438848089185402060705762070906951191278906193669351886524316720207096594379877083672604960214842329e-15
5.75709984156970404900433847682772575639356716954932064842638447208977044640057605354972902099910689536954928898772173761800630656446904485220894390008275225822266760857718133561707484456573760195083389859656332465336040990980749136423951064230901353482238190987445592562344292618292083434876426471904875447008e-15
-5.58708066133108573084599295234803043132742808412555027994544231173986073252527884435505112687340147797497914340933249977649606870190012538517794299078361307112114389783614524976260109457610899627377001267971606895663703409159070702198625978387768601603279456321370382316452034939785974678509162494832834899453e-15
4.5822195848431011029325007971571269557547841865336552795949071046097348012758282542158371755954873406690272129330049774291728384011840098075689476153145531946507190762469092058973713923403294743177574555113953411098628300869793250377087068470659775152161330011424944844378360628668296005450153104993398506465e-15
-2.82479566243364552589148142353774819379178626685353325361151262839463245063907459657180566751424989790963114861962482661092683470817202960285444790267661247670091672587032291226044217849030721921140884758996349368151148839628195453345716327985785208663252841769693472161051876211619792801778273470942183231525e-15
9.82295528319701989836394649961697289796693650353027987672946390453693601008472298354844579367801753746007901274394389154269415761643289394898131185683348585605490310044753923567199011274941403501646138226303248983680989887100395751625186354151922142829665273161380364143038382877599370319858375695434289302117e-16
