19 1
610213106630050479195.029109390057996821579262960078927637435858147211376585766692475524869032652918699388087006231464338740104719765040733908682092006342236524274332716481390349395561216927325100513836378140101366865082668888920340964157779838695812081132485411466014902309351185572622855745396052350744717463
-918121769837551428942.439392841795109141193410805082516742482728143536863193743365460378545713625355176482043998710626926644914505030320522393403335916144609613347958884956990603239516219710075280501825104300725248608513785492077600520854168262837156571950995806286711086607290084200134210441585168520709531858
555221043706232855041.346264171112762447288287631987914166300791812449794633763854757447958777519644194530963450421161646357949115725534032047853849254290965446115749606483675060419255406665273394312274937844957311729660934099019792652174250836788148821383300880455340748991164653657315933680571282960979051863
-475889421067479163967.228993265714098363467566310088366180051285123083954337777588308382795954277794552681487690776678887076572536089776153592024236423367098101575555330027986917210635682185002246347285402488225617205977971524971551378533498858401016341965261230370079252731572981490725558227273596204291335965
455842771771365694231.27053022146756298464965619537607386466287808857537466316038561934483571952283114763052899981336405146583448717432030554842498018310967441231664032859104553042115716388249336285502166344809025214784048889676591726867793820802840317486290072104412203765679165810282974291829855203692923689
-476277955856086929954.632381570564934341096805745985498698082502494743715292732203256143837164199314899037408612749694509991030295117591030717689557604428301231385522918633100527255247408102755811996200862104696766611357585294125520814029500937941137636883629364418498522430076671430518288364626544341265517343
520471555015832370192.492244530983856922027209220779501537789065793127111403217508504861206546179712859305773639838897587812863463576126129705289948024535137726710188872534989653142848612854919942109946225514986380192460108260314073872360106293852955956559730464696313852966447949403946608341829022127743670107
-597902130533710633115.930301782875031417339062180234512830402416770052135855291043624413736578338009868840611072791656174047467642764052792955476058537338231413888257228980021937772259506090137042315312245892732520769089140954856138971197964219989438216573474716584007055166212716734327055726272642717299479136
704500580025863378452.896418335217639538896458551678373707357213805665990598401091403421806973696692429986423901803769945351967628878189407197021679171544677073313142957800483357401402944612455338836686257219143742889307397668952754434641899073721224658564797310272519860627526318869301479161780955697951487385
-854198322708716680018.980493976700489332075682271101339685115378948261730115581258975039386450263666277832730120619478795210329210811590330308647714957565355880273552858237452336985299967114432262790194239542009209667629626660163887117487232198989415402454041643056285439656803151207778558224862895129495600029
1045078542490479444697.01484526921989154867187213975151388188442359823196391161389925781538704669106443343948030911428127949197923658311002278139479952841628121237809045146170676670311595496802149869781111316990581704114688012008109437732059420373797896235237453809727094160730860604487578214567982622464100888
-1278540339559115060017.4906624118490134200124996478484783477032431344316182894467305733668815866641903699721983405982875123100831174945192718096558497104516203658576574003271531945320452447003481363101870103666306839601129233076208245585429593552505187112257856094932483001212878525475254189629914512669718707
1547480177364784699935.35288281974302960066542768906941066282432996729149862731447112890488774344534503581770263493402465061532266827866160990728649443126544755888127447591030416410026333517104623104512204645162589800410614407647727808971422124561773934377003085789125966894460080302330876122008291684920875071
-1789501183328841677860.55894444638571511661771996731687769727295026485615243163346572906025159167134976789183481690117428544250619879998436745766354648430621415015602150159675722053052660116087161153041090079125377013613384551293123452833550244896719694316204829723256427914455016352551589854047211464428459237
1978008791540569873853.64266887775057809871101243900019196302668475207447931447540805918177587650732302306231726312739131389447915063649111334047627830141942495177100117101633036510878472838695224011069361113837815645364344243945143405725779393623507223388660140350237975565595383866159641843403206456131705515
-1930229208935396754301.30445237566287878377203223959982883048479260922863300118081021126116130640071021007641288972315804355013961373827030697417724550499348001713412682978738053908711795343012990248683048892172644746276416692946747400551645479066552904260478627512552492887701071364454589340081142055672258783
1650885389341639685493.21238048695218238080843257831311233175440475459547113885743822611106085183140789580084516324344355491491818216705594001849123083561124534675083363097129920525834350901583831187438643354650699547923759903008962824760025449406117796285034857192689883496660802102308619869054806393629261653
-1037422284987672368703.84525679340509445886879232342122521362411346978156659062941612301062543419525094955007730788287221192051328701552310636207061091895015702760982741232149297096379471947162968875529577492946722958071052575144952950985246073500688092118360860370049527343391492771827840474931059070217522606
410461227044862715897.999687762447237577719725069770202123197059313421988024016878434733493428018022348406888549652520149762313308236682865646242155073396073884502322839820060230662188892979294894718275131961825479919906041613429589027139023539306232564567142463092396018778883231503764337245003377525809206093
