19 1
610184146257901117422.593792493502712840242263988482479711608252389865274231125566650633642705207315488882386390933236468151028333475832911423356277473365943343615603964441846584190406327392244422678930596716211332582716777929833472633255722630461417125404528172460500024939233380204353473256940587902229847676
-918076298013605843506.157928859320200110831286412300090794830673990842969703473722937789897941169986726231732259284200280600859877038509233922343688170275097160836180199600554759064282648622421731984635136826804329339896659347039856070122815338192025793655721432935526795996128375861041236874454926923845921344
555197759352917607318.719497303325642456978756108223081885090917329939555794005184651804621213369071715308171308465637460022574664667144267177177874090657560326014002260618720595636413463170985091352822013233392093007421915097103804807005981183989967191658022251006420694508257389181837060504866722935599705577
-475864218052947897348.774031301043814269809755806957562085356324062790793209696878924020141630124230844253854908678745947978625611561393403887645337567567879422451414311675178760447968382683576939819124984173084628287445223445267980420748032708388780841806496195276772476022476801864568870749786358815898665058
455825143455155514724.773483985437697268447377804871915458480204265598043024042808739452268706226865289839110335813235018279156246836703294768402087915494411725943300428654835601947011009707926069938314301893853281611304697181864437455715677331603333044763994075115648064705656078419243106098414444583224232802
-476253955799368035771.531552414532355585108161416792935553944784190299912207865111327994417399457806125711077433593662984170898936535012995426448578688938986737637235149892008548022839570139346932064552065828720040671494263567424204171389249316618618955821523253843687510294588073064781290930490060605070976366
520449656442998032230.89307991559553160969293376085273870417912337766383519925717507771014498606096652385616250881720476575102742400825539892496265656602773214123818447034602327502553846722966212129908620129045105760312585137440292785804204825200779675715797951745280818148828301893760408359482543550463391197
-597874082315888784326.615482247355395566741228158509432104329966529455114208766023551775661848878325236333662920384948126123912520921179135005336817830032584117060871606356566404486047559636975951838157497199950805117028136835076116014947823462925963799653513252243592096229756130261737880880033690492740135293
704470765045523734600.967983984288527895355119058102755366786499135110035490527259731081836418005348898709876282186281908956048040239976539495214924536283115723512119457631088133297200355016787559893501549429177575624467675123742206379421815495791173602724679495373648623205787617786314772251310313838841936485
-854159894460349501373.219061606542483869078025809817924368062308038528932465513163057366278457413229074598927190605721832974085454084050531975922320445638150309098414640564293182129641882047802019723133025912420974092043729898132627382658401934859930121581681697444393404484668450234435135125753900587069679586
1045034498894698871508.20838469336685057208230391414872692450007292761293297252399075247435425511370947732068794134052581970772748203858685780257543517076069955188367300116182637890482431471816010809217503614261480836097707733894378071081037926107482466703351931919938054404263985308990405614078243852569139954
-1278483775420036274289.07064828546294884242729134562891136673290780797860726144708898637701303852349739218909077499606297700462001917336942674928851387820418279334626511344048350258965390431580601557648984923275409520169300300322777306758197307964905128693521386641616446637707603387937522667889372927260949939
1547415222350530711385.33903326909174816779996559105479657856542254050954069379626919405527010683105639529895073977953475817098470472177375597436486609924251943650128103418791566242060103039069225842249475815169434630443634081045331925910049881872314430125140251338221430709504023675839711815783763260293953593
-1789422727350644448229.74579430232744757038941250694101038136506064966913891165993907533722550152058671783075609647096899296936858254902769862408143244609918839580765787874795704151281054573013009267762867966083170607270728988632585843250350450314501210308505181906336250808829277223775159688081147603179775091
1977925009098027770277.19680946450132178504209999974285712209861348512833339297598230158899021256517289236649326765969592770805031016663799436236720350268550320463844394463772614269196593358475941992463483542049961339008780068619499212981671870245889336819252029485501599592815861689612620231595818804779858993
-1930146181284691548446.58196599457388627667263938485321930220562443815213502133095364251528998512040558440082375773443788844106084178430138968627910612392424576416325078499362617777738959522014555074079646640633116299525320394797180998775806529464742823081000815255815342121166718249642854529317313904568390795
1650816581009436458186.66960050390259483540493276401502821161726677684795336403147955514253201842993334996088172635988592744165960118812368934601365583178001103408483632770662259418278891982057668687868096014050964996485256498599610353463235449205278642873092992299981886230397458623441653112185221396174235859
-1037379526505287647651.12445931340609182835962782514656092697098173331088905206370461758239931474865251030492650728462575974487397949050200381368500614500571297905099630256813558535618686639011967012204667443984223533089845473989726789535232634134862581790007179452450537475590955683683258326508640793588020732
410446045288054817836.942064427295563455959955670715081000312899265533618021288511566053004831127376086851493518628342534124478829642337281254251123660074562804190933635929537380714825899916424372760319616010024216098775157203983187801387069022393649708691020135249205042582334081993117075721594218586928626329
