19 1
610133807175616242080.168491773785426276389865736223736170110160021423807967685179762440061616751806540519038670089788814513406001628588992079066253647284802742045314299323045914369298295514984095083348338937070730193838392247278354476563588761924678943544729210261091394777011153277555420445635217863286047236
-917997254942938577825.717665782263732724636419330943551769567258846690670954905435227299626686355588703640114759896142431110574859487272082156347130303788731778240998854695411520465809854546934724087665974415541750739693317388959448155105389274294851692991317623625000819937586704583382138148393595155307624725
555157274862355397611.204733930128610439849158363861529705816876511599889855819390216226645419852844030338907309339300980074923418580166020223592516656456070998892842517395375808659460302893707856817774370379562181116525098531678231897946114523802632523597136204385076959608139433245447023937080673162116920593
-475820420981269886665.35933950519341102642423659754054667603369036853736164911274010940096476084517487856461694075591774064505542380348092589461908791936455550889516443018895497499522064615074306147064481316536820845370441008617600291437139293811901697456030155112041211763036222032109171025036545225924205976
455794454903207077141.207952951076757042795099663821400367317630424822090556931004646294074345573760849101167069522861349614913012457267667722999587330532706890936913560979233322175145172205710292446739701791807735578000702843228528445945484712823586576449138665511812099929646403676293058118071768327594593446
-476212257243265530638.15780357129440063083203689047782395262455139159795384917074830751067456868399104725716447451730349432358577072759370293369091409955686071920759304509215651754941145318579704765514650450833348152477055686317043283848674150430823967488871743611821775000044566819709918950478702858679806581
520411579078239646147.152909239013032740908097143978816111000451582178208017994776074464591675731667179887111077226667687023317590464486866071605902791530120755011878869010224320179103755681977092377841088647785555625873552904671607005287142577888053503156712488876786750599861311668775307391348787518413736543
-597825342579892044618.609629992177515114581477248915934548374415630505916102282656391849642557749244906158813253984230765572833398499275946510443135703061736941612671060425000376417009903886146871278467516924605018387864862782171848244281370236243849221458496479282433409761549221216713035463041156152880159523
704418947358323033056.455379780718661658690292616847997587450949616696534556507848973082729177762777974433203985331222513047711122570472970365130390940988984252959095897263916845497287631879078212300152052864496247477616575725395721912193716956919266851132234347995220189467155504753454442461311480408394215683
-854093119853377918284.281370286051150830938079484463122025180076537776579068489541077873656651360135887682566949299089694708811358805746317132839951947573648124496842231114397411205999790426891914188682644278801497995919157208653013352562907279173462738774324495237589420219807287335870732357065806036281002956
1044957959628055266975.11639737871533069063280444392540082584351789209590560838603397597267882744145510112964973563495951560597347815926937397075223763391811760002470459946981146875650572177916440417549926726665195497103588689417882192601201639775255809961462511602293242362461343587577697340491690503616348822
-1278385493039280074448.09959615579980490447931395422537151719169804025743373607984433600436920313866211080061215772951480333663074139012762724913680853964792921460949646479042697131274043403563620057405710948972415982247453227086551826790583683152857205438055377268348084607468758204119953918455203968876813066
1547302351578521866602.110308764527572845534412535164718014515844021220331969266900721245576378591265673112860381263651873729301816222470400038206766581581115760054471149807548357727789806714173107994122506977901556066630944111530142957854288090166528893547284553030438389933118896718410253051285762088557745
-1789286413198584646776.04900043246181811271827066764826398425122229191659899677436082791192443452867428386752439052525516050824368588614964975891297497748576660583870233835654906803202457390178998352503658158031434904880131135116819950249489181239441474631823505278484003629617426176902194269576958057815748475
1977779437182835646672.83834900006084809430449756335310336732044219288567147374651952410674089604007739905276325682195407308016357079740647474339803755202700071880865405512321129576373975195169183394351414918389401811496437335900119372924505058140487543385660833769241435714562768241040093112305111281392627222
-1930001927181061840362.54697389432219369670733977077600512909757026002359141160079004721197275099613719867417248028852849696883735695474603018609321228414273048643422454024504139973324562204669866771694620090453274933956298467613115813899817790076764783478536120474795775817756502781524828041333943130883489864
1650697034721340913419.68012671551112632840812131761254349142533470179272569714752533667228154219418677242451631471896911522352376860192190564341009598079073558013198104841123452282959823604986936238861746594956718465313766554012992687654067142285995604816736286124425425330520279389823177579622968855652769096
-1037305239889592429728.01681580712843293069742772911654107678374644338623968132258240189456260630203694290598360101589074332583707458113593461933483091450356050568764577808875563978063047234441523396347562821091356972402998058386454589249881372967970161737027075413098858534388692226689830853538557263206644876
410419670302245696373.590195397973343419500968212611545932761172347243785000805208156442054808213546087592290874735396473604250897709645682914286597219698309011472543604923604672605625523503747845556063613642981057615731156635128903882043702768857146470889880105851639135594025200597752555519136128079427874731
