19 1
1.95662533870821914293885881501020876722652317308862363449320791006334870669171303483509685221324434075167486812706984341835376282873391767747645897249963787933509506092110851615533536180316400142171296176281825449722559555849667885682215041098274707014420725891226944838591876983200238111757858504973513753202e-15
-2.96277927064033947108867989107340802374926860294418860438361183184838930917499820649344787009658958729314653462898425435543015716149149692511818660330189425468356985612288605871544779314641669947040090907721888435399406657352350951786721941564227784489779166856786737242982001626053595296359802737943756959101e-15
1.8114583071279743230039164448034105797317264866745042406743097412903635829886156079500034169773591563995816860762527983994952911380715145792704942394280438483224249884745832347938713955634069322065601057888265106123288021058143996603095048482077339201708037141901308916995422489611884412037562837534376650943e-15
-1.54758819703097285746373019544256391889687636691510876405910337556772594043578505288252121456099336366241085289111005824828100494723369672410865320441182007882107063071780535473185855569405321944310414706050819198504081345829328785560033806638582567043739102913104117279358844156732504354419095145666250818484e-15
1.48553007744224176762078164903594942769860529276111049386824788809457058139878228498663892324713772402327594077645913197799615659965468179407975778322758743409838323300484857411459271295194846057549569294743675380626320374821480023604622622951668347122321252784386678807755552326263464182763560978982434676802e-15
-1.53313485049173236231501470514571840013895293724482219777334599529702420618149088679989818757214577008835562214277818050348893968371224459568696121119801202394431809353570052085998205969048177069487692455160002638294530388855175494676888629908247811014912538947698101788882278115405562655107680882051732833816e-15
1.669101359541641768326627419920230260279491136151849031394016598917173326162588038965669178963452540281769410184917744704757060313841514473273733456207965962075798627503233779263512947481423563457562647797845052249081580599891224264780487449609323810758064006554272996780480963316645376045742489795822311696e-15
-1.89403578044010061798892140243599624600746983526261753763680440336355893035100019073997878545593214142817184470550369311818498940206514138614620062280098916864472745729757235820130109778674712255226906123784095388450106247888019003899862659801151988581304493686362809895147535992739526176867520341331788763923e-15
2.21845221194415285346496182967738408251473004894423047966887145154621537111103240244656904515515849078936756495438943604526768387966763752434934659103389172616435660429758009647069549804380284685327639904537134132056094987243615391924797768644074856594569920307652936269684150537710730555043059142069630329234e-15
-2.65653641501398708716137957881467652528059208413804987619160500556385937496651913514718732207830806713160937774239442463686186182538786139434491282472288309393848222454217363348132228560646933529065755399659214770411861730916387425832372342828704559733903014307223849594975797799542458117644670007120591405749e-15
3.21829549532380759691813489371450126765587329438485114258840922312632083629473346007132520703242489838709918421504831672479935758384669482619196116083475986853920338329482471393358972451219688655668285144085197941829747148706842946682332822187600413194411658041702257504414667161358975133251817828940571494711e-15
-3.89573164501148230989196916977349309215294747408887457290352872664055918625124009023861411546915681355246946703596435985054326014770436511447141044442255156268219074046076554307403206033067883597446594300022869331866555119528431963333067873030192605191249958348073763269196979551146270075275644791745311568264e-15
4.63963823528848159169882654165682815522708262434121464234684323647872503847376826827992997665482862231963593128093500073957906699018128859824179374073322867841303813228432038331874256876432312527685440686346735687495950091132160609453311288682629535799657013683214827768126345637723836318114175893301586877036e-15
-5.32773156383751621837441715218173447184621513586779073077980730066929916819121155224665312126893784495989953343118849196631986844403215916225205727196599358757205847324528083448861926973621159253899790382179447477885614246304616845857298879452313575084239720205666235896637288558927091286831315818638707487372e-15
5.73792245592209099954508435119559242949127583599130518453591808280873324362121247650566620918420703245266067398948678850283365920775576822704423050267668894095652539779669950960064497693759877393357139758686393666312238559567170665219411640150760333647760111965995003545519459912097274528379704759105512211362e-15
-5.56723998426458499247826051812018149340244984030401665968250985553117039685604587020670128583798330155353257940286857950299706414712653228026866209690501679873550674778315623690619374789644976224588041524524665711765629555270697077732236171199052389516936605674271364532413961712846193540093681766485663552373e-15
4.56486742690415316953434039506177532886520876303360416117658048029623869385749632831797571494182343905172897434222027751022674136853880609836003514647115180368692467474153190670245708887911744314939925730953680249623058586539138017341029358377583825064519301489671978800946309813355076045215215943061695392056e-15
-2.81338874611362610899971799988392509920425852331261343030164540102521967957657948410298529162576495826088347702675838469370776735159202143180207389432176462657192759924404111756644093370090382783837322183706429541402333818898833511274996020151674614147929870786237373733745029657548379393196197974381667374416e-15
9.78066666331651109520823276766534048794074853651744693318814391851808122845739595468723799395689620325948260988429208935160375798884158113408787892930290237617331035342662831487251995323191555771973616909380473208207081659312360812639327759911878464346805191846707951453983166938562497779284645845922998278908e-16
