19 1
1.95552944805351744658166862997650516867700519882118236489680014656156814529848231790381710788372090853621921097051366506525927185407238794071618529574235100505154643272601622342820938335471678665096333325943568898010557020342784242385507064765883613363873675384873010759818070739716214476819396471827763898543e-15
-2.9611211616132264948259160033690428700740181131161818208321620883410173877284404324651320804371730821724874061754983672308650753630796337387642731668479045919531073229290606288450810671341044927504593434854831624507935682360688186951175190762760470587338664222346706667615655524302732923400185729620562255406e-15
1.81044856817435415575872318222380288625706217911819551958355848332696726172191641763152245145479975347162674004118480481643152279235729724394186517865723826857553332643789993320604852930429896356926430504517489475041948429622930922900285710066362196514228191177297736679637543496219653056031714923441374853327e-15
-1.54673175304625221654577183513832842006148708830987835789194190607781964000854572862095615804807551509409695258907027437787579761655145755311497620710772352384825869200077280407541131335431150574409946288709687473920141686185129673053242368781078635013924331412424348263948778710065692815335388758706746824328e-15
1.48471658687610388824821268602421072537678718654651242678503501177799653066715830504119036063145630268861636205470257203945233316387226031573302711659615087911776641167533478623434272404048690190699779622668999240312253249084657304251780957730194470365024713762002873680310970724285951585355030934398273451004e-15
-1.53230691322748830270547455427162883909881458135214215208039522467998571678267905511313079482360405818547352233166914723661666996116626129940012130594975429082930796281858495585052667467801023293707341517494379066625629555685608819727770827179314647921577689045676300946193682786204506327706865383299892666883e-15
1.6682156297281262174197094323504674421904519475769645374279494281151915775990326028076489971014488446811167606041911392632851318110258848693787809877102190884571853319128793419466586772085004558297271925780316771886444931785174951212016872370027342037931323455406804957021590076109082378577375923802387729391e-15
-1.89305181093503042988700070580077814456364099849171163325474287009307884397918827622274091319960773200581989714105845563326902545640477902710182427931018331107356249521909426140798392590568693670587072232386146235634940874005868415110005905517036483440927824545258850792465327585173312626602955074682056011413e-15
2.21732841547190546935238292483308160763194615481394305313565686627749634039041392518688960905899139815633444539029050612216681422173859010211312159123825860006617746039966851404541246411073618218787737235839594450304525387419766551289951872511945650527563122020967282580426495299185634144678233144491944762364e-15
-2.65522983479680684571153035439501103553366423317764047758411675597791239663364218382466298100302961265786038237996047771240623888776016272247014429295810090150117132342433096864310761135084914538951588439408865287090872203617946495440037495081133850702205612111679778402306662663051671330588232784490073620798e-15
3.21676580077260178394164902938029231876684663037646551975139779381781637291836824664764682664078419959513787798919721277938865506946590616011142747989597020835618143969919273536798603489103742835724364961449902447639212060087476691930554851399221806250163829244990122300759508589984103753257753743145909172354e-15
-3.89395132023269242531953369645481474515894158227257734499602649202181061835992853301550511631389796079584719961082206288940237200522481745469748932683771367012185086636688717204799927990576452043466280235824254041860731305106338865595567877600784508172946003813869921809129289873784881374480523593929557162219e-15
4.63761127703473188606054068530880514391552754399884686242576307046171661773531801161887716551850352791542904139770491565842431775890403167199015674960309423442739502116845921696556904958189856684490093030551239099033060093826599043420881459077872918845729900129320491199622881558654930688000401150827457114125e-15
-5.32552074819763824924376102824239169646548362598905225249536918153030831539436789948557133864805385519965067544525210289614700133091938260418859652418050619430201349601934046357066503485979353869163264028769418138397576595357553737661389947704411182175573578601554047841822755291318465325134919412659581118461e-15
5.735677513631502716256145001506069063281518839449144693310602586388671020410176816060457310099023500342109755142517834558972251665802533355139923568909731716069150932573534934230008359516165949430559540879048426412730742673747764270564450926904493621422901245767498164514517361474680082738092134721555780164e-15
-5.56520391337729947026306943360779201932314233536998171702411211654095997844519404523623357099173970556272593093350044190951694093192494423780138741930901922536865400617469708769826203368805572586630051570838824741483569292493031702964854885151757845515752309766833420885259813996791815065006000138847337099083e-15
4.56332271489510960765351769621341337103980535328109881058187544097235099317830908405398164805534797357074312443071131871842201507386043020485499980817890794558712249882920110226259813911864861372816189674061810391743403538724948749914746521120810374954447523940941362385012782366904011939765760395125366882292e-15
-2.81251871576092051481145156295416695047601669480417517959009109219637010310631960189256939451423092428091431306067653304535073457533743214360006646032077972690176634537272335211154106069392238114683120775067405621017027978316860957569384399282481514784760671968816631077234031643715299440252093863238604827486e-15
9.77794485498699179843884590720142713795188971410403828905818896849137225492328658731159510196606368801924486574916665462971225744711069629451268494214379552883753126504521748636886320128078703186691528840167154548865889841016708871526409729569234366179400208872096935119565810833862763315394330531719812447578e-16
