19 1
610019953449039216915.206427154589105767868932147541187215181435884691155387934595176921119305428921819499787807833673492905389623982480393088197877575543932388689323118279667449135603084369505582358873074205063023506945113014096069349773509716429070978182169983678008044904282285483553569884049021508456276643
-917818465542300473848.552773670519994975798460229467857368098373340581870405639271723842618579331692759079718662281200125220642774073327353253657998322734876316673403826540430721230796731554909716012884682034127680596192827611386895552339125466948883925427561729585171629922183926638422612277199535688346361509
555065673855185278521.149908776152227355453240349303669225620292026756748356671825039888467213707691779789489552575763157184204445191338725199310873247589188723257433467693718021713249626278690487409333354334558995237081043879295919114660793867426722544589575663139291794447149919124987132634306317489243233467
-475721404929595483356.313788750623918680288255523236200517052138274632610149203278894780762650832749519205904481638023946499201477322568295782376601175202600970840576930257155913968320187761042016082390342902743570873259114461258274405306213418940147512358343953737702836175238793451820195716233887068307930281
455724869826396839784.52638866244971103038525001681730469945904294910543615985567341486448958368825349990832374492416167467104728922199563096522830386495633612834397382897517565161102856362054100004197764851026958320497642467725423819692282230513357985990373655417529276288562361695643344903139578948413798172
-476118019399332513948.64073640910147315171065990647949428991634210881242524477776072984750813420386835441207997420377924592236045408476908216470317777863708621191108408878947974929212217365029312430470519391152147530718570026554814120382141287448788330661482985788799346683660472112416069735932454027772454043
520325413017587540011.792369401570552097369577511885952777862429783904527560866158762104248391218831457546792020914837263104868073111252275210300706870414005475421699320759247229073802877872776549060711757529981305897480516041403472078334285714485284491115677528777671531585680430447472569371489863056543963964
-597715163713288324450.704571743389099325205866593592700985849774866774970632308975266098385857521305418677603706063721105892736632178436241019628404538522062285404579317540245888324763453912018391040326801866668911212114980486826198129951110978053586028456396489781639077358001745196612532226705596538479386371
704301782241082436624.215518813537510152231213247629362321496178446712897011610848287897843077948267620018192928467250868640269818005269134715143287169777230489142398542862911387940302533753120946286438272962337590887898162962814204061514858288724724621335927965993730913557716536001169043204795397734198592673
-853942184102590698813.010104065656185894058752513447723088008881664122224012300649686352552853460507349479177671780453219141091976766254697655633727920330512574499142508878039966725951085037359037377033194315255535474883477608206415485921267872386559192107440259717141480692263276621813469840229552677292822501
1044784924199714517502.44553072618366621440224610970633251110872345367657352623450474815045890925503948455597611900125434541980291340135927281067398888421808454081038747524203275152565992479560407384461388368157371663371605190345389811369643195089722600343480883348297423168831198942802647591717909441329202948
-1278163362323611073501.12501390928943777835327961584238433434581970065690878647545577531324432243219869425459701978549851948510019767173030419955027305964146955798838123150380258780653405411770063209570453773939385014390549560979731494156839466448722539574092246546027931918399475338653013908695878004536469665
1547047212799658885839.09793495971083752569639357140768425047247899365975317303145337908023760598364149687167284989874929531207167498395143006430317385847597147429707663529448733378535917258976565612347506827122313363852378946991833857818606665664086459766635346296456998635242456483580083537491992417094150532
-1788978351089348334199.99345921714884303743664621153998715819813297113376677847382052487846223388749413014674161550841171425038123244167224575833143181885811868091780983185229868575515260814912566666557181919923091070317692993632781865310573044019366541726171047415261784203722641746006944111753658559635092967
1977450439040885061498.76164737279803037934436634351697875707462461577745846719918813476636140006400832599928548972096620057381028027629349034008539120150159391779564723780662625760680152908664567464709843204820930017722893060845092492536875017612990291237576859041714833816072742714069369160529376048170258667
-1929675933791628114187.86052067461622375033263102388571105249471429832340265703909340467440057141996250912789899343415294040257406314790033606099437748891538073860890783635456752662113727734343312439025586739496850113139760779707029261336247028595234295930170338908354647099475380109638111500129999701077586845
1650426888892001852862.34041478250166946976380777745118938351362431952157934988772414398640331843814329347159250966603984545758765339114935266115457392913335459760070397378267983317018133233584391927541731285470906008351277273124368893667627190047617697210511639335991057256559773773902044218452317032152030567
-1037137374784167830066.64082646990959820198063691129736091937098259809758835726642949064364395060525767481113613007521759484982042819996229890301769772980510940239115729244572721040545160664524368393595789736295919981817536695585310912075232119714272682890469380906523799985614766940669782476199488770665428173
410360075377136198902.503412732417987859069742413054920674816243043521586460303777110985227132716210960637988717997078837662905078794624705366253745316305911862145368514265687619542035844136693723288632901349671564470234144979307968787194163920710659823641839572990241412420337649220721938373489410822578117067
