19 1
1.96801637834466697144176176118405872126557637972489921720809552134250030467076015333508390288093237668114934422942113522037142974690174350607647016512044872130917004429915183657906893521869598960473836263548269989698681502667209344890956370687213956194660700596860494576144544837296170530155065044605803726877e-15
-2.98002404075325428002060650955604229256668768227290154410946457961761825395769638646442812243338762511213054781538870797820982666051293631961335726875613323242562298894874652344994298686225730930857634842371251058901275471148163345274036461464781307183816943007930371931818524928066577844562178569904527332625e-15
1.82199000096166652640056916338231970241765842129609749786652997736842350976781263903254347214528968707246861914110045451529986245899656732232422890283015942018264192616023114816168261177055164033431361309274018804915931996865001254428567325459472391623487154815732513269826363748110139813640789916801363366759e-15
-1.55656755005268334639969244093873560457667512311156796331558108808979185324435329043564805715205490811079578688191382068049452023725229342431917751845921255580613132155446277967063869507956014833626901766887444519758351211264320492953757326111851427524468287804228601808678513558976481316629515370804463818846e-15
1.49412409735813957898349091255672173486066792271029054485141753123031039305887512253363050094595655445162962997099743144381732908830694478569560206156009688847742020984051252363798109536309344136557862620476070717178677097889647242655202461688840900529434849691178402658214665219260520713413888380683030652883e-15
-1.54197017385419596318957852417223365263297161934934693098867774152130468859798426401963103937079763673090035749590033260866761679454133051567782430085082794355721548948352191218194434427968122348214798705144003729833827672136769668456164446486635903155753536222745933673574852824918912815983121219473327832067e-15
1.67867438357132558393875550696021331204612727854814418409706086315112521786723849055570161270657252645589304186140954098353370947515813935132726408809915891387826216400823072687223878755616626282911743879118218070970602701390425474676533868689874999443938042570833226922903277810262912027968227358073867266731e-15
-1.9048369344023882754109316961621814277503587080311754601224876124882637443266638422206702183137727258593637399460954281199355618040760295557414087246945916582785953339991153809392845947138768950592998661695553839587013364079278093510158386750255327945782184046033691242568043356679407908060913579288107522994e-15
2.2310192103757555239438204967249006639414336841319716741742350069076998032239150863850055533689396373111755209944797788079559198056798406922739889308398632431863820608345663558104986340411710434239286495523261047779212080643711565369169329390142938625426481223104134843601014677007463209569934713885526881852e-15
-2.67147027808762719529579193698557939887729319305714227103608955655428715608090887207029711742321423663626642935213263427140486307513303160037769888446475897931493657365430512892966570219668951924986300770426428952042017222836446843525467762158184848784861751538586237898842193235191643853153604803168949024133e-15
3.2362313731995401536199219693225489253610767836042440788497007673301421091715414806799773107976992719395046451162562449733455729844315479712728940744106335314197154775759540530434238921260677008596882244051357926627538052467745141235873733150527544795221642316723423695798849142213327558552739183722692637325e-15
-3.91723370150211189974888525670130202574538749432821894291626569099739394984353738037026404063548952361890603334456510773272094642965086298379192516217788871718885141786348378609226078159300708307894897770660637085548650656536223181391758082078918693216194989311005455324804915161458587476351404626712760629235e-15
4.66497260443072176608725767526122008595567308123423095138377287002783456670526702232110359889947684860683569261845534904746348406689117402747195752328775714202682592016390846842363625776675907482698408910489299386540461885164638697688159652148824503727699025072076444089621826836791386705813521966098330863774e-15
-5.35648098785474268710226866355835052064063789783193432029227341051246655600771187897863278042673884584267214316685044875132367829859246891207991477915471384637291966899563113713982356693639778373916710203614385774202395344879475192847371652111070073977915259961163748334104566080997720036228785597017262835778e-15
5.76848653104128970029305969026537428423221020337722886937820358724076928101207915517842059258506814691783597998115115974836697572593099709411306432523845302200492630449920629078744589271655925191037232788043958474648923104704666595156461943699711334146513710301888304369271609360907714250500062061313212557786e-15
-5.59647855759604685668812722608976310196405571309447995952105117064652195298567361966422606074673642503667802193981782611715545259050648582391200560997814948473965176375644250589326776375345264021582561685429110905408289604713883565771265559723118741309253188971112901293168751286376826514047706129836069223194e-15
4.58847614984585511274856839017612823028353610856228580457967942038283670091799978704235124359421464637639568450181237159337913021884400586774753981691295042411115847897848656632726956056808281335434510505892640571937052357055417144959001191100476148877817002959225264743701844672671170509798126904354777514672e-15
-2.82769897221229132368223648275304294073533867750987429359400107622676782196123373668838345523510323687758254621734022805906141867297587880968248878507475760897596436297146787601172580092077156716128067768152216824983193342474269713263572999132971829818781590793619806605232427571157260715523899390753828554124e-15
9.82952907119411197426715425679695504101038347567208706873394612293451346851951899932929986552429755780646180834714384102147459689305113409760655252901724290900725807129855925563458933894697096200004304294681830092328506364717985300185563421991417108411729561732771083359832224375196577472137246413461425775532e-16
