19 1
609696841855278337988.389500473483612241440275210891088801533910358198218889834555166908575542505536469682088515453185038248042004313769986015677976424346254564068463450895290756600957168548228112016969780743068133281066202573057653230763999966077016166193556606358097047799391814454490326261975934367435671916
-917310979580907390208.628168391062038592826211216207701364505783445580389208306551367116177938846914328036323896567530180223627675415143762399929466424512870970535656201821392029686464277442743706881588124855369587650471486104758838817741607708806468553534736436368398275215209258525776141624430391072318212926
554805617277604115066.888757444678059432529061399577594545816875556384487246785063775324848631861129453640726590059971155923263996873250939271098589391717564360497340403125012998591708772916067521434075607083580414702485824476206078300685878230916967008485581295107190242420153627150597361748734227202234719484
-475440620115780797157.161343221237667373468310007633811932988130208497090157500617754642116333546980752541966746192318559187552445319192828242167450666194357868917960512669627897381028919935485809338327778088666509570130559290644827413546908222536065552592139179041040781968471713988687676085449771997715264921
455526480870645640330.790796221550085039639036421200822162917829283220774283853447636167545877579666813716904343733569509110364315126010230410919112482146531349921547890181964940059376145108098457173479794551691692388806804823204024238855496507060285368849268360858004082294566843887224269819069463514632811313
-475851006236168632998.584285761193298232648060734566362480311765103147854780601473315555628727711936078981221759294072766738350689395638121863546191166009853624999446168400860057330765773169184636248906700888493787665034446609717631741099925572542987141279597304241159630229469337002959430676772284134431025839
520080692389938330235.888764441680554153301493753652869495899166498327117784695917420802083911111386533391612048322623852273904072943243385277485230398086325105070677417906969089654877179704292597676136766281765684703367935335318490110305469253034975153545868998832671546083910114820981916044880106785618226449
-597402849415455951816.330705660026339610376564772579473951554997521774307245566146248597357542295498630756680324407739665521694710792489664485137827203494456442415009625780129830044308821707006195245792151548631778461661465316968570114851751370865527171790008689878749407265061300516738592796567204635110785123
703969527818016871360.011934699784052327138944754173201466883273272989919500478682021530692795488287686656002076458660245209436962490808131977250156499521689320791832394704156889614069552014845967945049207533116536590364136936331448586323482660348779860048589623995567654469097999958268758366391052982614013531
-853514426090821087518.898236923130710002980653656525381959347335399785232042580585632340561873606402020098394216137435947265380518926993111166644155799509722925190053697554457963946998075347447485837002093884507794223550175059045598420218610032913337148665908104536118734960460787474499914412849547613811753767
1044294378428634293144.69176311632990002271483432937862266426650425606359254328266958656101498557781022809488343772721617786693949934743689970946189057639306892976722911351596731647228180545824875569268392858501298856209383932178953534796567510410420003037283511451969895943936713501293437412972288108053055203
-1277533987661025071085.4626535240460506405800916121761269153306377214959992666141289249809166945314778432696922701504344311235788628425846668080440611572762273705202899406677651687121746972353579705606922874294419702167890749233471841294376966416824283902126915230696285243188237540838678529602524664192487966
1546324089742987559975.45754536155522461463237722748134185542474841767946729282449438222732055843671174502283469169090184018781970300004424805412747640295848584679160355227392165801722061761223584285833114956211351294622821036612640701194081901670196444423164312280871064865584383322638103436568962175946092818
-1788105659501024252928.72319395847005446013067341888145457550969516184728670140840718388047746770416098080188837445153891056408475671314858795523632443319526178292754832041992465211422707937186197878994982758620089952755846668566328496997832984267631547474192411380446413583715734552040053284502345019644174192
1976518344137663207597.636957393924720903808870628620017916753585295320513986278831001714286305676262475081404458700050317880969766974344769214093137938323232592328487543605416370094433458606545666365815461470209061058287648842381599278434873633391128706051170650916441451417742062439796789755515013417206192
-1928752519568083590902.1895650701282532640933472565086241018748397185992529821495446486409140035159182647071635487203965670915200701888334666991925796561381489643242220366800371242119283183357673329200373153837014985031066122166128463082925592652011397854074361552424841345503601818348347257050109688094813391
1649661738121950551370.09773379364067135245917457215088072494538442481983721475911431960897183450873134762942199538604619325790610808798113430004678328543920185688817231246704139521902943040589057110105952103307367057673497973525287848360486457035348329858181365368674901063659090108803970360983616229820501844
-1036661949645351033041.15584669754731953903636614406944891581551326941285217550521557169868301702433546604327174176682499539341241705658570602809762500270902240937972486583782518211623805829415348348379098355970975157181812911976935242097577309153494768313803190012822757391557403977881109745123571145992532002
410191319363331825329.265492034669526749878311353193622150563630852177220671449143514146705561573836259321716200906976847846386619900962286931878153711179489152706398838143522878561948659805394779583257127865419150219989565623325453713728807354700930000190487682166200038905039938940605019536031603570094609979
