19 1
609569187441320270482.852568359647710128760461095994903145538793806775174021488874866320333658424334812016348406984161783722748566489285440386425855878092735208398157229094482076454744935789534845009957825214479497595636605687554212371364177570355422995385709829974839378458994866917510235778397243835523077402
-917110451402135013676.120979624866304443207862474158571376537872451869628678562978677012333624246999262043436435492630922863874330830586311044725410417686568152087900022272453685904410801662159581034311695084168766398973171086461949447300348622488626222699668205788441151139819793778101364047927007889686878139
554702880124802066272.206394806656821029071556687482564598459273198502547944540443623427527754864872855779788943502986815475450446209492562840914637247507099749683100508520105135230512252064147366529410930787156841789985553239829619832093221869286015375707849716473189707937182558963207929609430751922042769806
-475329752575674391650.136105950860668908715215451241815531993489865596735818789075882528352963712688109158137454404257261265249831303667823108762147620273178659032833013047559203050499794470686713028913986899948933130155846914268583416425992565410290217716712860940533773161091647784271002004439988716501829048
455447838067239873641.302582303319827623220081944336768237716082977951667764263204673642888621440576707913027848488299350475023523458123564024720755937622820750051609329383782949532529364099959452481136472878649972983235641345702634945230141799457645227872015660311002357691545139807436265657517245256457626984
-475745658744067738888.00752916922484098367123490303834594364988958429081882579844834564650607878392464399892201869480103423567319236122893556061267642062349169028123273095169142692336347635345707978526050815501000520968758169689068174871722168673880350445973415279090084402643750559640740294077298071348822668
519983972780831464257.359328014135195958853965472071463060641930376206800515281029468024654020730376928297790552710633448281415892409830129182291145122292404310909778613908621001677003905906997104032413175638594680413523761840565847856616143927592204086856583496902589590419937036110360738799825697211711758265
-597279594471600450858.880902645696072737860173246149285393885487056846586837770122030446387293620691244001070987277087850079375968553505939529991095282823134761179045439146259503139546567623912097727857373768320902849295680393445628145775873327148875592170514757854372359286855315148506035554752315800217248425
703838367250577649027.11302749843806067142198416210986163285525886479324179908073814607325265492725620535661621203241535378655956683069018984223137057978560513979883769220589378872308080826292605003530011464096311997965527271753096362391291447166379882209650679516303911048176095234130647593868747766977010462
-853345645379563915726.283848240293872803780886681771504898910311558173178298889752731494790358646042187774955453458741096131380355703883507054325948599590383584100452016769562620260042726274096105111387853699444173287690342329263300983822563062951848585906647391899034528854989798175953683892741410189516235756
1044100773379062347632.40994651602088893647051944138107408234486912377019272877838589329938698501177670913024957450182787597022273600720295430986661993761261183127603024076122976244736384277318281381975221887572236154152234379394399985146546264815657426964669709168584528955438590565177712653747365202199795034
-1277285708996534020066.53718872312860769876750861455446706396536812129536984758820366003900566808408831851662150018443677898348670956375906175311697175570937560969053907460383932580657717570041006740725010551826391941944495810305372479935678135140620286122476776777160935194389118200275954494880327520300362246
1546038749829001908698.42685123936604522964626362131327555127586717628921185052670914344965251101439884523234183976460534238982756430741417009502252247072238492178269048743066468761338191011438407182342616220407238771413289856811330865736905746161100142869735001945169498165806378353770422105324944036623136928
-1787761451271166208944.8738456397168720561091338538757828262095659232921220916741704136113567730367992987314670165781307812439099558600453110559461382118870910845034492927401233281067307335122546777142422298243152614735776871985416463364553997353489122663807020251066194830981850135084584353199216407304076383
1976150670158389055921.0815041021632400644274089721078510310654605759146203884638234260188489541372939756731735582821836208038573803598527981063639457379118007631138076187491065361744058180107941991566658390473288019633284905700282900893576779002231095021886881660774052999273067577100213685382181905690020483
-1928388329937763835677.72510483317189976603016881933378568556473254795804958339774351537475352487808089204499635492356314662395482235746589204544275416959871528409025354658157950035617847016431223460082901318872197953172005565613263155431921898953420453089692785275294361381865421984082919544667617780941545492
1649359990164343998587.62169300333984503421623613489062669105776947675916370296256894185909959680131861462862027405434598817520345953017696313612250265304906508574795587674931096595427125603578627143526940689975202003295906029800908546917204308715005882548716548872839764108907701640078483431019989906095114826
-1036474469483600094874.3758328375420992987762673199732559346359924021160515177271146997843414068583514671265577975792861316870270395772859191352712656751952334668774044016895459315711747941545997030446507269649902017400558103704641703493532009721965683904848749088341947371058454044474475469782155270702628196
410124781538409141779.659719440978785755124582788130861061432439275523130486680066623408169292123641160145998940392446652794956868712845044687562503686041111683565884949537495619161153630441420974601881221476114210928517980498313643767004882735990077372255258876027000541939475224264761799537756082969079656042
