19 1
610326774319971605374.641186664411713906589544350288506036426895207434008015273829860940776600878121226288815190918167898627048886110337153271215129206870991511780971814464679488766252864982810238156113268859723598148543087452630752951939788775706646654001262239702443151805444071276342589736870194001206096131
-918300222911738893116.164876845194872325744169496590482214604956859783365638851526356389645803161023946670906745919707869292570293788939796219524983735446547524785186288090007352704816434569167575297216997403492811428831175144237657647382758266397262692768680395481039310925888637726375296293699712896945007267
555312344345657118791.232822023796404835719664820477943433617450694622301444511848929457161400472599681112234951402550366840740079576289617736537105748427508835910905263014672322778239009902365467044231076556437565005131430803951871354191250419613319941090012063538170654798243643370247678683554670706936944373
-475988409144305078188.642038505569205081503128627791288873275352656800092200454029371675490917776676893897252448101471727469883449267906908742721922154992669114797449103976263264771612647017584259406530867595321606414713632850325760997335935558448559330032849874740483673826230901998586227485682339896183629148
455911667342046168266.972758664126321732246789879263705447027966596936039096966928594701398805710622046382498644877223742519468145929893639714878831505537173333422065246717223518582702325793581179129679703270800276589140022522969032750093189516266431611900699269798713999589815042179573660863057066665561105071
-476372261196704316619.042306261371910036466672691276092621101881212042516169631834601901506599693789553224566210622540620446010349443934734099280438264795292390488620139569027360781103578268795720897175916186488556479405800111491985139619203658955243308579970132552739916220160951853893557624229934911077711831
520557413313912982982.575545788302711475828362521151929044558887258099321374356553829643928889628046224509550551613248272020920147242859316426376732894593731372334957407668960553648297206652416561267109412347882749644189674068249258023645424355812099145478957666668982725511764746087687049350845154451843527504
-598012291721900732360.302335183548415108102299600828423988287533546829621457658451041671219884016381978015180063764233754089462061046019158981943332383370039489923533770882266042347907807040545039860207811095163806363684901691238301632119912236823936752306661246865126996206288897181711091707579814945801674477
704617628751713271011.05036152009465655375265910131421929281541031069299635168426089211555229142032238147196920658598824588095717608320105763856058439424850313604847682957400327105068675079072136664193887073037464161565894070895403589572208804705800648234291763388847094261010782771291757984493491206873647489
-854349263807545550486.725084589658633167068122619078528637697884346762548953400860349768356345290424094821493441601626287557640529594490033023609739877661102951965694909818617892001378331526541547276647722973407320707917621492141715291354331811700508487673191781527346466727487125838572387407769049809499048641
1045251496957750527082.60740569688921321941252679830977130404121680750520298235823689628755595220353656743742515246829746071832823635939816303221941027158172944011696209225570006015068173014669050566132240728291783842285562400440536708565046537383497765415748004753259609343859294282893953096543024768878231134
-1278762548137607413730.88401516019196394516509991695584644605383514949506223955267136403746190729039555441256279263581372389815097444454498252772641487773912544639487079189782550790471778043143776779191169285879388655280227149732295245292477897483527135476753755922813140008566467888310479967540571000739422472
1547735300055567641746.2905271677928116524998643725920967598497245192283228195995546730223048862696889959915820640331549290912637752389104952442770061836387507679439346392726396053988401090861538815313479709319350305921196757334781839114547386005187802294965074455842886027840272942194284373722396149787689171
-1789809425809864274729.64472629922635564567373011850377670599674923307283714040651871240107766902902137152445884939108461010297762656274736021109389960060166837884926807983051830037187821172480863332136216578022013680596408300075289582663553983531647238503431978533230927226113854713502112301426619799467868183
1978337945048994915776.93407888041235022244803119950335234927212800454094692851303356355175319071791027477632210875238280148398095916445064555339807564058856792879496243178675566116439593639473310377672758113219680138708168194196032516558799625540991687899676271034693842013495641680340455703704527828394263043
-1930555430808065078907.11726168976149732287586702279489209270329375838418052463995922679822819262818768856566109654548054597744152201496250391649762013433882012494851966530626857156824750669327756386021381042295889782056619142585429900196200698250993709512713071937930855463721742910911613173548259816894725835
1651155758470410508554.72964258274268119517096201994955912366463026129514814650685720483190888106205139775980136081530983818683508394575213810539775666923919494889033166369455516017549002869856928463592048076928496738717379848454581284164472058102677594057002597479679413284235366482260024157722368105975214504
-1037590302500593122669.18431683566388395452290002521064888870698066838188716245026545823370194602819939225176275012016306884515336168883046725150970559049969273795879522847936475129238301566552382149996228311652234823744860069060823392145879360922540731949786071342526533556566027676597307950446778291605043008
410520889036460075915.510874132999504672295837756363427471929383008731363260669870765196124612273515428142737231921976065965365667334107108970625483686067039294263702568389533307210614232395516896227187501597089032918736806147244324259987272905083404563750272003286347919877597748293828676930160717332606441081
