19 1
609423961176678401373.744200668546639259383191466717606155894764266777431503972980043180303707425851823576801905743933520350370112797477965610649375644066127728496474305208563837635658539741835914701893135008492040859886591781844765478205353063811952290041789381404932641108248365125395682443314564592894123107
-916882300563550869891.691872198501278138631626140012032764512337077797726317628883466819218633327471886765823129975960737520761267880743388597391907557852862561113462672442611054472498625283308921041330828410418759802109155396968669494997520795690790986625016672643221774842119854554362839122972389087267318257
554586024997569179428.311462529639575414433240324143083058190927122621609478910032475769580459074057242315828542463404366417742871859435877311398046279259961527881241391266848781653684251588859588960817118436514595549275480228483990479665206038069292523540945573113581411367640834216727591952991059636082210298
-475203657582905723131.980014547472388602325363910099195373861289745881280855525754640342266670994024355681132775052278915255036230651592376195735828791003410706432491355642709870420358281214159674608526932861265145005329798477060343091033351447378091637639727499009876263302341899966554772230608939443412016178
455358235038655411583.771524881036279599914046340854930126967207997449485767319647018632131168276856069828319078059820871027640886058338451779648004639948331585566350018054734595982418632793092596537629989432549156585321945307064532959858402715403470647097505142470470605829706836870289990980021158378783583311
-475625895537427785560.927620060122144314248966833048235632581904147252393713900498811288968796906281998545343001436839972217966629390267237209035425254435824194551237058717980476512563966181197393119402860877872772968942673043524356314309081822770437254668564673768772413513017705643175632822235096996271501492
519873932137749271596.069620454824393189406874984504064671986036741811730049570608038529270774514152977526058124497898672259747379178815513919156969780597159121138728176669696633133193990214285404283370305378085260700867593719097788607947641459475206995732335664086850027221015993606388538982964207398307155525
-597139458628655322580.244523141943742295672479964673252049236824382570369596999502871600360244903040420642221248461941415552934122338395830393686561868325651461831526198045773488408744225576734333627873261941169254105786800805366407949781603241517936521559872680014335154390396102740350610950224596532814596292
703689226357327247258.940683533199456553267772357188434585969188454874678331665422049246340877250934409500985503504743379232587964423645653402959376688132505766994992818607792676998216873111571426078767738954375468998594566747693379969678255090182465905248598225234543402044567595030096811131621885738748428311
-853153771662292640470.535087963099697456111153536469390524849537633328236824116854102724334194270647574017624956289904156054690398647075411137222016315134291230936250355305029218164947115576811806549218892642850382309804079280606360610892905717907496765775374871491475094941009469168097960550273857831500773484
1043880650014831547734.57662712034008531537023878095460699224188331202633672486555827825391507371204211103057997468132209968991577881060686274995678316709815026818109759613652368910207303662993079642691084468495351364964799346349858477299413883695724578978386450106741917561767509114910912288385377362688410012
-1277003493844932878750.3052852467266730607741118986587380160345954921302705277559784533325094217568733649016868883156170652709814112384535488627038614587999296390249898585483146870558660371646008206508230172350795410217310549200175063968831679720151809208696092830660002127503389571272895966193737361426736267
1545714358701943438136.64053040660180845404567790458243950008346736397857402445101623552860568225373062914279509372870997899401896146002869865611840544704175556747983092893278908580698323092764462044284303986837092926342958174944876354210765607064335997155029835960400378869099542828239745165619122320019059518
-1787370228382008639147.83531834413277131753922747482553353012531839733968453855680801681413682608281074487520600087952775788354899373808019752634412612061740023348416070296940303458874216022349362085744128439283938367214761181735230498626424704611064647124794004927601145993821440104135772713331262566188582373
1975732752953534746487.21739580747754525005541746787074397430150388711207741141040689866470484169119412091226468946455017277647217915634934078024994955363669026800442262801800550937240933276148954859085794156659373240167243932379748652340586001233361971442547695748708190019998581884156099052939712035352382335
-1927974411051163777112.93549488945865694196832588180185931459391506209404981159335929195665755379291903521223163300623196086038049081765382546574679512117080912922321957954924574792285338968312830011960620664054090233182395976170566647076102896034432411738832923993444199974424107254203136389888153668200532586
1649017053331545681275.94526164905065456639433607508805698906026711636949299502763778827757825572531489221058250332643811718772192639748064183190282426562623445649253618584588280975686212751701840561137738572724746169181707608341455575343672180287491242153890606596419099886316948423828849108510117737933850457
-1036261404561231347564.41757227133710269355593070388224977549314523394494355841314534065741262356765570773523436105367003881456220668175543468657862594476198550541046730022996012101416031557020995576301917574460070546033413132689421571699808791480790575674456249991582991731745587876856368462468281306755172975
410049169571107900724.954119425855311476330527099514713245636466226312262617600313093369943946028998225717071040731468740843348827285240731431662722463419649112180130791661813975595946935904745901651739701190880569546776414723912193615385708694486286192725390034377409242408409814582516602334708230477380042135
