19 1
2.01080517209590865229207528092438770011245819223060041679900774104051139309141494861746578309297378178823172006473297236920754171172197434378022707715393673248720793903653438592762834963227783885760693774889815345125471609208132767958272221939882350980711451239470145071174927460630100498799783936246778248912e-15
-3.0448120765332671198243343561914882113312344932048669717604881886755945745003318539693204702733172292242842011012666429536211108160018859341970090456308313642543046901248846677757704305054796100201566650150761054155985525235549792374463269817250031962818149915667970877899866442548097642374495344069354416476e-15
1.86158948813860673739322642323872880128953899888260300754011229562628623293128077106594793678357479946168023698794006831321488773219524545520823200341949396258755503533149623023449993110109548083941688837302418125597821246828011553068942732634188700173714813752944975353406460927453940855715669092269259530614e-15
-1.59037985554938532118579156653822420117403154247821181292864494172977520149378030962109910393173248812877306512370226443525622028098799120238141097283092436529335042093739226355303846052938247200492932070205442307248224830696628559517388632541518733929517765652693692031723286955593291519150642019439137918483e-15
1.52655441829952825791224739793073100169281689575840356871661730622487851486717297003758641080342884046421718769137754296854664941567990562381131560570132750664042338078770582999977043346890704055162945345570014395064932142285576996569725383408866319557147677362560431504540305739750945001272349758117633816807e-15
-1.57540449956810338874928820672709317835991776273782334735958001347121917594284127407630297315892773303867767009066435088459617455709677915628587150773393377505135680031273841907078663088902667916639871105570248470254652225619784558632901918871987211683140677379072497107680384966087717108086794771930069489534e-15
1.7150264394558365025092314524891492607524158026323071100263252546585621019092403638747252387363891556735752600206613967802650174576952267560776524695642246217602821432593323649553075605882442384923510410125936240055472145007762583713369773900710957171407148789683028848951609424998907324072937176931555341322e-15
-1.94602389027862548225078845427225670830053528579895760533328817241414549287402826190266223562303558882956056288353619709949868866371571023880768347961117703067799130109610750246561987967905026234232211814917146760248133895436891596757722285175533484627499702369916806069014973826269379849991671347263009818407e-15
2.27917378038160259328460379519666858706526993873827784354876503240086112237801068524434376202996716967429504253259144833854455317320324524573557217056890785033812424294516402194222206648940629215657810539272560004303144514239001723702234086226103354976351957294838600622950605393199490819731162770161911425332e-15
-2.72901548692997114649683068911882461347340346047540220884851087396848699440872876418407739208246285470461019880425044239005542469887329058258093619996907681290554760317700319623540789130706889266358368859271623573130107133938422198245773535381162113311629685979719534480808447420511445164760585811657667085261e-15
3.30578417407852579048156135591880822395916063710959936259245460512648761983252537565001331291967859094539883959416964936857261099462207989530808124005934390476234271787583796020329463804191131139841473060211974554120072188421696167694734398659036871297426833205248186584657638918925497550845540472863777766152e-15
-4.0012109408991140697447419115213125335011623444368967021943442117753592689493556296015957474568869154624362937104364142106501852921895674305298430264155905813457886027601469991967683085527220789089177617525893757956907930961458427621152021966197470174389334489823404128199213129161483927163655772788851684186e-15
4.76470314829063450204241066166220203221914532994675481688912523027901464046764336354718837330904186625948681307412817230696420142489967207897388561014584825292957670198519367903156198249678847551160014139030996747028395590309569155431068409802085209563463685074236236971072679399969678563184830251797404153589e-15
-5.4706490361493599039996120922530141378722273324274529876674380501570543590675015118271131156098316485600802261671658573077391509380018331626941445159134783783784142054157234191503388720073453017453704230698033075464441696149337181774620672606464675735388474503115932261325348126859988262777264691191528812322e-15
5.89103296243613753626623588817513914079832940361357383397045663683405023229119391522407223398584804728041782928398526231180795550146668885807638474058161684029754179166989597496828121472332299485076925903347306702998527878592272918979748509124076120406130713939801252351892631432515033669482102282298495433713e-15
-5.71495011009749288414406592398626408545953227345147016137204297725790238957193184737241097099253830464777382868834877686675292301547828862266250057535429299980525814440073417263529106016816639921108610904840798773551134781220332542595738001876478217087420492232064289644941054227825020322139003865551100787434e-15
4.68524009053845699806345898159629243276395833354258158640660726704211085048816440561807309930552373848879852948226457270034319751317991933404538830969144922226377900871904433503177369386549875404000756793507188382861264530602743457920378472398151748292452624985123185179571571661757885330160592824034610508294e-15
-2.88708825208847214573989725720701828080700689312300545630615786586989878364731375223600429622774053291191323511833604942544635950357544115237705182708860965032157125579866202521991300650799985847907949065686269301185765302934431812496305239584722314572768152517302150955175478061830067916743365813635013339872e-15
1.00350802107453858504224176041795125336562812216772658636817956906271296373882281551307820670817427813552477108809685361687761157780358037755314355143305225181648054212620715983802586739762581236462256890214834912254957360824924303581250874160388665965074474831986916759699510026243490749634623698883723183485e-15
