19 1
609240409848740928541.067099527827394900370487343054742860171888190085965469247483400728642341236987016805998531462404559862821941827925457342687907456545318280563061834604890594064684376075732367954527757420060106202101047148857948196616359925617855146470405604239187814378298260621698361448663569437460790894
-916593912472838617749.756036498496122868632459005458321693968828097492998651553937183432090961609980426566819600476630977259725630918390682375156848592980437950909564925507852858639853290936448727847281902777877034330923713329854366689230245745073036578706547488514576039429994098401774050027161249661360457126
554438384436581124988.411151393397420549354034443748424356927617672337925293991316539119700978184136700797108631554121717503144760174885898879678570053086632023845313142995325618085680344622553605323186247510932591648775017001409337340934277957379177620083436717651642413588654916830408803522302464979446798768
-475044329076055831921.807047087894182055482937032342275388839417474555524808438362951234661304696046004109121471729554805755761570434017570673220087036661605694685570871205108656355187842233746074787251567227429681301550833319621982733901249191648888984038913584597294586986616897819823163946443517994581492172
455244816512469918831.984842766405617650071565633457362529726793717538592745450857096921737625856805985753646688524776415922496089337993368180471507704956647422587402105566766784981763454446921498334984333686572316271543539449989351727097125559998636476942169569001970651888426763217721211611620035456827597719
-475474647123882504687.803155964453836821205760728875698290298069350717247962964041287945130292378077038942174080819490540037764807308218063978736713983064707732256265914345309730317207715323950619605238160433266359141329820285479585880789629035771492956831535171514474024490320668371126134887140037264251726743
519734853845602842132.420689630336846088443668877887671689098827223994048480603179183741108303522757686718693296517716832170892005390072134534702647532693706774929242657143876470731568635861865214856538324670500214028224014139288157778323391464511272514788754674419533054156575588202929500127162646496072323239
-596962466234141470179.777468212948406178050906439685406663529206690096056287996239595825335012829424096964217076136279513493728542508920249083233181972629949283739985563339128361164159664145804652907760963126375655845681349836628811807381766272401314399606165207038757869181360317197081753027782757701535381848
703500841351530634936.969042765164624695371538038545335814079085576451073406411154940825603392661028486220732488126552071757629916737917122302255729532451564031032686415503770446564067892562509529839134889451951855055915313180339744442056844622302829196627007502145277081588212608594208616433183657543775745953
-852911468806315653521.027156685691532722288755865989807326183054307134888744258501460604560384286248432713371872614750289484561363313951676746006611845756223363837642013664614069307259105774125506490292898072792891922845177878848573092820798202124224648703372717008581307806537060790149973156025029948845771215
1043602633277136233870.62071063796236335709384363154485486916233684956284250931379776397762905530805029986197704279115336903044602452138657191442605425074127558405976490538946850396523043746505015682066086693138757211208438615273240435261821434800744567936823157754405932001647224844410022377489941257482665677
-1276647154030011378710.09990066743670610989862891651066142852827575942426542500228495329634014217841307604515793989666651050074576553711798890180170514996988611767755354049136922521363261567498975526267474860825192584142581973871047517632646497412370336997873802368035888026912419770295222925093921246742608939
1545304694864626270901.80708592991100828685984030064865950597767579580417675239977073302594495793143590733958676429843137428549196671874449942132774776617934174898327581162948007387133872178416893710976535009106653743388936384290830402839385601129492744149973224252548910361249568928831945405511624582012895769
-1786876298573119263263.84692439061342717122433643883270351066035177797697454585931568493131022363191055639112270351191049879432947075943396596223057962460272533781810783904977102134702435611567350090311270654110154774684209053321052688120989355838612300238133136204043007156386091426420317755201530199664759745
1975205086100668241830.62838978908897295191372465919705223647187516549779318645932671293673594002781277592072996789930986173079013641148504970252991220446964192228242117577939709427676160363486366727507085088863625344472925504988342026641116792057205188401726266170009448218331740820351322542226767922209371595
-1927451847301817690638.6858009377326692093954953570402604223850056110126696730396617198272368862126181750297536781035540859163456934346185569264744224305481473143543971270362685619119383490704858513198929272364828130558028344166276355598157543282353986292673464526500697456584104745297124022209100939107248964
1648584122838998874825.11650705065995710306489238607714162071406829577774853012192540852805018685098442020919411344410766076641665740805332201556647022321877445012191855305690282234658617606526360442346329830615295263825617668227716863020818063428280674718730736739395553694468024039203177554182581542347377973
-1035992436294850507602.15750805432974785811640204294078445969551881487583105073057581059191854628399677875335040022206454721806116444397878444408627614723690878253471091994447913747771731735598917497993812889166365021270497495473533806160583664777934323360110643172788588039520356627005754813481765221851403417
409953727415527803069.240968541900092645304517719365358397566693231510573324773081195250730904180345473096058403282003086445414333260193061508077123943281984052787383720358358374570245334505984110629798478163811342357559377077061952348407058688307249103117442498756769092820332529669412981885297599835514344105
