19 1
609160067969190632211.288424569482455228166888485313951818308607458602042738647533188101823640036055369659740720107505143963151991491509482909268192401584185580802426668823001572712916880862690982581493507705349542557312022452470131248655273660039842044604226477065863553613740125294229996050202636304298968956
-916467673021885352035.298602547812854858742667358016658570909425132102059701596899521020524979722959918120041447432178952761511368339864303946048122267670889443874392682951735262945850501600288654342782846384673310655279553780327320310163348944074254961092245563332137100187591265936399753908165023961076790963
554373783583762261634.089807101304387361433655098408739372947111931380336111592922666686238720855216085516942566525099544875910198625249416650716210529849105842287369378971355208736686338857212176143282889165794682430105618010440078337347508227530824910268677302141347789524370499906286513615920492609201428549
-474974602604659062870.581775820838927035582548112845303757796957983997220279674152933049499074794569662845731326177620370553576786248898387653412571764570302170335397407934364812394778846549519487682297860286488319145948566592461373777280137947543631962134985095654022474416462758557752872818006612125928198954
455195121992759315707.017889667864870326745650349606657967575989209320180989730473081094617146442517617361268946812528541517065449755854033148899044886787624560408079605241433402408275448077647988358930533706253030732671122352188618295861569414085871747733693537483720200381993377307342951349751129555012730488
-475408484189429475907.075171252281750174051437682294953092790607719718309450060960273811031307312713526967048060218238054125664377957309111376711834663671462790853734278680772853551496157178178368689985821430644953350890677996207007884224145408075268248491122014485479724297163407899028023229698519313321491981
519673982213962800609.660937256060915999676899212495975431673748600386184966744635821033764037661842965462228344918909558873493820863873831014639401482246824859175348042239585133539624817961982487030447085696371189169198186923750459226122652269878354945800096655909113920520989104389083459266245915629144878575
-596885038059035517546.857841392700244966449612211000868558552961840039784338893380922397435352587353315870639740368855510468017440318410713627313377233119856203307325693418654849599083090872956659981799005571612052618271425418986065829660023256087393641570517323999187644234951299395866620956631919485977523163
703418424101919230835.337508968617216871865530826692728352326655489708979114772920792436732974242270565245287921494387670247454204278936742189742569663824560988120318843731318061945146548394370261124341469819137567669139430357120966114645946150981323234771948483896727246239237723551326460771383347946465876154
-852805481650337633451.640426708249402071380569992393648371746937085016129106697489234900144487752757081611647680435659144538616912463600690826175158730251199278171665730261140808826927867376354572980440362307650551904759478597307904017494132662534252350293616325271158077688544394435982628314994958371663113848
1043481011466754627792.47386373807015103409103798524303273777472242059264951027887467468105620947951680673347802275133546991247785244725602710549514748497324784801964574738036164401947392834046503980778319521416393349931386038818357908416293515632279991865431650547970725026881093021766113168599697924979216554
-1276491301590027001796.22557793288555678388987256301472862095420829324501470828911830983744707861845690050689128317123174474973607912441182320667060972387978646869473611244926887553199119046787891420004667779544278364100022585226998832644979188048009184754004198872980561145829356762504012118703230905139992551
1545125496368620481551.37185551735552203190053574467447671586668357318675317674372497678899968677451068153822777374331263508758594155143037969408491713040873256451891950150346367509479065389611322877254566727039034758440863934307782101109384933499203397737149165242821381325592139427160158984388448482551183528
-1786660284777790082790.06883142874516286545191793647171759431712492189243284480772983080419127392370014346947269883986125800946234421931479263615670172150849372697963141195002143285094889435886478213488758810936200117244280635164673402585249778541172843659401257970910813321031666907203660157711108950433651845
1974974305883455836020.9797083615929670701496553473933764559607701414384277531639939539113454509872393051032651283324581198275236850776005107026652545147871179099096667848781215419644251570765878828939704055369347678520314057046820332274924345982337483670998398115318986939926802308522058646833919914018623505
-1927223317510001250304.35134552077642149085211973866713450694005366557543056759553103532614971259555894033922341049054895013008660430101432158649462480919869219414282115773884612847060678164441561537557925432340305247144940484018268491399952056957799298569296844621891739730480092040599963737870590116513157999
1648394798449712865480.39039951221371202626209143037602405924404158786061595727295808171053802158770499146572939552797983472736561760245495682277721576145881676878990684870889013128498512479861964175303576843722748868957376449307977354628430875285175350527390437889108818005184586615323499150597480289997335174
-1035874817168629078574.26108947305771511259931093134230862957888169918904366228521575457430852339707270269649921727845014844589843873634287007056414788986310782395804919092287420321469815485088648291816928714820716778722842631203424759384880844543272087812193222429458538208271553853447691476169691886667790449
409911993711423503099.101639107624563998003211116569154220137510826159131527799950383983516469728720918738115742046291220295267090430948923724596733898929048952281331076701128308817353495222171044558903626995885940626889411416644365263044968579192921587086463249355641489093412794792658633183951794253875229199
