19 1
609053827044022241921.412527156986488946463949971103274986599559706887694650859016269038090333519550412029301650807349540327022656705052081864587445507646237154930445280536070803453294272451508820998886025769943451301306213088786359275131297955392437880125703825503455999236625785035340732143880103308538825147
-916300730114648835076.448273039016992061007687678117870706787137103540810187454192898136163233570755475169910969469516614101260937266464081685337541934043066680962076310963263414975494813086741216597751189965281204024420278976333483712809808132316178553462473812719959211820105739322586525607235782862907641292
554288382090099402383.866610288601844974828313568184953522691286467806325059627213149730867303207113249395686137421461219281939598914239203180599593983440858404421668578528093392650095654565233824745238537744428191848511431650322162114578040849128806226300398252844194356635783883767407674281018494427594328006
-474882409582292519372.278093330954392809004560471193245295751785679600721089227507542617230666024022151414208044510935138048426191833352542911881300815854586703122022237215608252580277332224083788362980604823281823598242136038451562992865452870009927089440996827581778807792368937441421566424412243339042294658
455129367360667737493.24481787009392418827963996840547895148115285719793462697532563417055401456302860594891729579913569222803987642834246475762349786383689333755212714936280519321194666508480537313136699583053082732699777048371443516581485222873957473545616383508491987073110979595481920272795815592842491853
-475321028307323058442.826008082058468016871899066930881616453493882827959114614402653060829056307355152689567271977142265339356137477530266856173801529063951297814748003636956570787423200849894288025211343032385038224649197814553781185911410998216674635841896823840200190211691936414763444239349684015783139204
519593494123446690848.847020532145100876750621525710336896856981907482410462125934725595470292717863970045992709547573090879474137446780999568040519098177716819511821544932134125892526701465259894550105449013148808356373488417158385637315887740545271650915406106591886077981840580714451310326269047237955060971
-596782689345487292398.464037043046075487224515984184262481908802810888517528248739725300746954627296396184004543886458232299490897236904709914532219063306826956075121183757301821179549295652450221456915616502933696204202570654071771513418586276764274684239520247509795137559721693815888287954383837886743083076
703309476776827516144.729580427766341064963499388444491582833596724726011835904443358528736763134165858491114323515119870783018068318651969775487494970742689240121712485089583605400118231882401738934028035037048975430560216692219589037830864365271063398783026952978048676170216934914785474716669132805642112653
-852665393427595560356.652498256757593824633429136686088810148455625888668246263277972158207018777366255752381616424035917481111691746773392035676175198519061070754182709874779051430938325525842539800304365782742893116732273342679087460941970378829072852573281100213789432893633213286818532154518266278214892234
1043320246917758176933.44392702683317332410514820869610604883433027190758095345617132142527567171960149489998753818825603063796795806750727495565527401239986746568227014692847054866886947660866112238557821507943912426222341933027062842859913958087226423046081124279894817867202602951474973045104603183506560858
-1276285318821749009390.12730251468855066515977276447155868845253296384009546794096531990746099545031418237237360696983638819429879976742274877160877108942764174271093115720779028560523475216140082331816399710226526381793802719105363327727747689850340214835400779774120354686853228309294464444684139760527018326
1544888636762681983653.65247648978030995700993852679882794830889427089510839585431934147012261994358772420801143436547153486493318393210503849095634736683822960246695103682265743651216566698730449129734985513854168536223814918254996769946494366735734965414921933729852093494129187610078961008303947793676934859
-1786374804392879039987.7100195456162528160410574696805529195229445530259546862838004316616084387832709920375635475833558983713829010754996541510903335618609833662314192889681889021577045732391826929323437037764178445941173202849227433484482248920444690280589095591980878718203991862799463296335643310517537753
1974669299412242193833.37134230267715495487812987382215782758915160878979111207142163736195227325048473278149203628231287350093487123875242393154213984863254017642847419388766119810345207158199229690768403579426181944229775289572412103341092996724298417895612670569133589909816834086884750776409680429484674828
-1926921302094680094245.30694156432779411011083776774305030505780870037145227027155218442674555389191682351159059388875195689874087749339686086975161221808327210130419050989696554461545506149946354337312902712006356118065250343846013677265535616510936905996442996509301427920664768874115122863825589204543693757
1648144601152267378995.6428266201660412261596389589726170513740338129698020561003429612120041671868133369519009178980977689972580789817366625851663783289463937954284004037963938279396736913550794957072475372691517998593381302410804414545217028539384863503422054502875600485411320205490353998127453463473256962
-1035719383119917192997.8919497229584291221943347517434346776132942830625050933857906961436913302890061650557801624372603231550614241130602200284368903717449849850715514829019167633082167324088199074460053241497323281543203823705312416502486346093991618642890197580611085697956597953356899150613303889429369255
409856845105506586453.68778094916692161412401562143627440294773699968532054791985355677742657892700719403548933659469778819239296908218479030409297992816569678962925703128259687419405494835567418000647248236970009037843253514868927999449092812445963583733278179776800356856069705265237073727322156108363367756
