19 1
2.03284954535219082684371523936118195700673670845620225052694460525875666840484717408549164751957893172102309672058890076800321142246453059845483717751044303384596629007411811535858038255219915006921126354901259407998391835463636313102090989640638970797504630141753879500101669958798968665176483146920682904467e-15
-3.07819134434429767858180340575857973481233432659115428367966280566906258924615166362956940548188355192304504500568657274275887754310544069022675197652799620832239637632795169744326674317263394726379974376393320909672567341719689195614874942187805968172978240360856205494498030538115351863876528496135802270691e-15
1.88199478777268854727539078412196286466173265304045512400649581857041819032140336807801863174342033930626207805111041724692621489220316921060046648492342482701008792731978698093108478122870618037358632058749660566374296760900903248823238311223901929785217099967213789852322006563578503334459905597628284865559e-15
-1.60780822849424500457770602696684818504022287152249444007098707363542410873278749189887664491244980912582939603014460055940308818743985693754775085388460904040725228485639625235514739160033017767014065073619977986922454919803843811150660731467417541229269773393851103118157770684961609945922765446864934885789e-15
1.54327761603557048041807849566349503349852843708020683815488979511702055653148426991865193341407085551610909637972298021036203417846369190108388546431529351978211957380636591123617298199549691455006783887303027792930567280757251735457976648318946304076335877146996930754661751871201754437417099083815872101625e-15
-1.59265510141412450817131313656746624737765606621569868241850225852983067379758853830403455359438822903319585451309758463055259905998610991250841892408205602798418146841742226432587273939823860642955602547882792136974136937885283626477648469155770142908899734613085837986041123922427616370944889463885975436828e-15
1.73379548257333727582672476415296634238474365237585392949810045997937984464339984483212716166465861436539063533232899898640457843377744124181372767312464171825161171065953493496035579188783833730563608484893864003423722336611610838625158187986473098484875076615320076826564121610266190222521548230715393239707e-15
-1.96730687525932013107745293930276295641703432243970630927240337621839866745486323192747672805023830503754763037223157928142102742838549530792269399078070184433814151320993322640089419324168426889559128941581206603458488791271571417603383429789799836564312930421421453632191710990964121946798423277183683689673e-15
2.30408119660056763506157462120017651915855835277894760145205686656445186868032367935816003276875927261336966803566344570792322846679396131041099333576914944243933581788875116329459836295203801769351574244939112947428382572279102595682959101217844813891468957035216909729849573546827305650407953795571192392024e-15
-2.75881284694383620737489557446954874701798669033748898641351710216140933227793847506745533216766057180960074722553974742201480349130961609027502949132895998610348545368910984411957102166969044250260648603797212177144312894714111721611858503374208015827935065345321915569736544133667010217746944024803276697337e-15
3.34184372996368215994427673842335344369273410863073477778816609394397087671865220064250648092381641226621256830283981130558733375224796630423502824331513826835135961668181716003866149842236305160646192209362115949620302590198148241698606611081372951217909980920074405577448266085238627610107478598528769414498e-15
-4.04480876279408468473687060159800835520891555418385622618211822379687966305061555303994530720757318699134124174820333711648755783662090618261645127978208523766680450493082247336471297765816676624535362889999685014495244428592080436336597411931862591306528952151589005631671913615636900699000031559025223077322e-15
4.81655805537700901107728737041378494184459024606457020832080476002984103424554400393959623969903625981138552402460753343554799049610761922267347696865070297375107993908748331079904386867205501537303853477913076701205559733353237182803408812785434853486931901896543814604592774865154106186023005612601818138625e-15
-5.53010925925931611214995170347034519472961281485618839200133697905119630571586262755834344514120939468957471795509445186537890761031330433354374398728059813882799410839159944432004027427656464679269028984937427909043469812110172291252891372083917266253535619432748090209487340479248144854909443786470994857565e-15
5.95497192521917971432190516969588341626495704177307551282638231135400902211747101077484647339242607357276590106520062338880710802390144845414391533596793134692924708675035645850043470782547495188757992024247055740769890903064058965716133743917643554852158640626164988756130528887468308234025201186683068690014e-15
-5.77688360406794017245459411737432988781381833884069017004551780154762540796994125812077059638623133678668771855173216680874425241506465718589832307296684241606104971313750223919328296099813371496387182464114818809587651976537883154212438836095060828021344322658939049416149199636448376207907912751654810893662e-15
4.73593172430055199421777585324865460233988980148892195498783040230752424501988786451349385232742772768935797375470295456240793436936953006852915050624311281362361143690623843856901954768113978704508912255279777024796684658303868508151348746036020226950588553360934621353583657758845699363124886007398935217797e-15
-2.91827052868341576242900608874479987458188664344334419985646148615970773492181946637024337795438679321017100216642110692680544938461120607198108650503307230702438391819891229500046734734311535164715344061933926324489705853539421469593092345476281971537323338825253478551999314437937888467574503658060338156242e-15
1.01432643663102656557627389172594445568971155042314834272806867220178898032852720781361926063876245995865272899550080513996159841515869251774105881009564102581649303750707000711944720050552958246030100351028276709484535330630137979576988723273863301419285178611646682003420246502108014361163054774887329959301e-15
