19 1
2.05709788523609846384235168612664501446705957065847435621586821014168691400548559646336870165869747870029687025813379293650790020979177966956178212382140832143592425447140921261205763992379839343225114078571222928242905263424263590387470174954947363106864962507289991214688590726608156711239465624062481503776e-15
-3.11490816326516165618441562367712885144789750893446628780467142226258921368821747089979913061391873222399562328973773295022100328822421798028052623889226605554307073103361316402716315879079516391522079772009370425606001208653231242188145036889469882513037816551125308873697390678322072753742117285740430292828e-15
1.90444141812927586250873689515992630240373202704938604488881620790106670468127581402164292424524995696171227346545596525766849246396641483488484955205445967635303372859048672590406911700567628723862465967547917037774979914970538788537802626559341689589002131924691648426533642967594852668625805118547765708797e-15
-1.62698170748380910110437397599139680322202161487657436815996470423696753322635825084812920724526053829501396298204560235010666733249216047878286933547138405616815476755863734827610506211357119947950531330936520727062394321965677028145856591931783951645319542889220368411719366692963920211934157869235807130067e-15
1.56167750848624053106217451729917085731872474410651698889209394088283310219188053331763691588970193253663494275241774424873694045873751372774233177931339683474374662708817110726058334339311628553869461099096198845070209998976869934180171586541029913474998117447392663073607602776224688743244486669480638929501e-15
-1.61163824394092899125258449046065694500929009698096988280574730751489765665426953622795365411447133851035026996686381266867120217628992774563806932259350716746814182622004382916416616647656147351942024746108042201065779599777305776767154094922656567410098844300271672477987929451188860267905966638405115806959e-15
1.7544535619686759465475691779628940507153583302929743579510066767817775950977169680317197111844591645795556611236790857536206000244021010910750206363818173055489416740283611907881533248709188341101756721878469100363828691780624246270094228150716001589520502789489766273855223957353236355286314685625229868969e-15
-1.99073731333989718095967734875089774314645251140020626866135924443366475313896201123665395946645034339560461252210189801052108332572657762293181215342890069816406283802139944406850812624048174006250115550118231966522390711553089515768028905845818423569627095468557991078751903315654589689397110747150975489389e-15
2.33150911037613874173363481477279545359606531505465171652507273448290038150752699659825368926025651374369936606711076324318049032451912771661442358620623193743313387502426259341404379269990371783224071107417567112683285978234059102372573172652319144319141185491481979977104060221459848490960878537477325298715e-15
-2.79163555051091064213949603453433609098383360806384828560254248493489227010988335391944268688212782672338522533399134258121942701508587057822343423263412157416212921811230751965787462049394966966689177368424647427600932206476025214261492398816689431971764038094502587616712222431297949085487867185867257227653e-15
3.38157804394484399764352395295872259793462558098598058627436948348916429803409774066491154109058925882911275327859221931196308719640812067594792881581069892654961136565519575774670046916736091840840263827858241783849126664505324224741388827248780321476795856448265621829710480545112239755643308235276578956424e-15
-4.09286782930746700246849721044825169657165825413222581243997190906978504335665861329934059876739437201137909013813234580673786059586903745390398336516008820826380299732687804308266943879003145678863332574213818748081699302083420913931905405293234158973039638970770886178855473727273186484293819344252626981516e-15
4.87374305214565868788048294173015155246950467817811919668397511178124505021613251363312342439853024122186418354426680196905955654689821641493327770008961568989038935131223570187519001089077914021857248992979954377169615350278165425508136242608031313300425192435642585742048035579294326630370128147005089306785e-15
-5.595711262127238106785328201059795435965304050391126712277664896151357040594142022689589504191554144698314539470703175483693173946191966212418719229868149336925557176232479219813965905355540024412580240163975960045445011701020368564680778434931677824162907541326471368997892214164972219571403563657526939271e-15
6.02555022933223086311187412632078601170867790864273904428265129295975733558487683703566114809167918124189856898527700988519082047597788740135720251460291859048019714532253107841854066959653022051155271139579285581034360954438883950482402213104701881469492382908942343746961792375995493456736813308466538324592e-15
-5.84528471527603440122898861157587670056569046326610962268833691840178612923631684471280215230390770834424596128698757119564271415212975650774040879144956772112760748130830980817308332429582495786915148289493828337700956248656996496059845596604089334554654686148949655724450078577328783519725364788606013347381e-15
4.79194910892842993889947859665264064933739408982900329043583997711111672040014940056084446261750828177224818955823799559017652044670273824534328789670490354572651545152604416685600582871613134533585259339335448102795513508881450372402142054640763388243272959095995397846476505879412069135775227769601442398279e-15
-2.9527499921264773987812903992757811277118452016672959969147232908831192708516864740832849001904106776835039104694522983121530057290448922764889581666110746499632049729044400741205137647489825107328003315368302183839574096415508478883836805735659403649255155262121761297052921729856498164810183473758557263739e-15
1.02629659290398660010206727867162480346949018655284202365090147859092486336860081310314297915373080210824756617330249468165951811866789361627765951347562124381732997912720852740026223913762919568814624919838227077028739832264580842750047634537974558517659346809916360487957781422122404327977973419672952663602e-15
