19 1
608504289966102572911.414548580982530224259279231006928601638342805590084900036428570110997962534161527960850354884964307138208469997011962338273565206115603706854356396320042139189374750769247727850998313344005468437374891519549688271342345869337044313301248544790399620592831731881231355336811922103948546255
-915437052699097012029.651363493998031962548798273411029623026945074378138832637019517178658912500600639264448939905261358483465513963640423382134542266155908028556168342021440671578134592918811392668809062939327179599090920472133687318898341323651381751254679018216676820240505093156036450815954716864539541354
553847163492560361735.006355611282199872271536747476336241717930119896109163035916385748226541281856793717435846904058921269733016332149500216820008573857076412067969986798056192685612160515728725722505139456310558465375747312975717958598241885080294729016125914624395419068454595422265507080670098029070557138
-474405683159903305610.632477924565630838428312010570266301856008213846736098456204348132180417930125890718221023879992611368175799821316258662847812591585067213910168703312995815292140567600078769833592315057641952309325999192880495774953387377357637999966560198899608509865880421163553426999770018058293715386
454788692667755098023.114430917749287624006042816586781851897258954454779043978767915199860308029206060537086767364755020652842063046138853952630752690560552435353049518551768049699073495685045841515308504788677333857105138372470053782759079173007875145681169509708679825335994893890169494060085891162572913146
-474869253124126325195.301438413298970395178992556816061333724027128303572619956537376827767656409001488303746862205943718669338769103338093462071417880607590334048155107917811972214332832052880951749673767716127017881301753708586984064688866674013968026917907098097066235471124428870358642233429071271037655149
519177342851702664656.191751676477869787605430432679617450269388703314735246207249971867230031933011065500766527830988493411367069353181719326170529183319547575796297188262220028726568002014482076755204593015056283711222479207055489023650035631579465251641434945394339653171416532390513647919834561691115315324
-596253978661306297991.800841449102944781665824349874268236603467431055101039995624765675800381198152774102288695833813327461868051947853845800596456458442148048452028494828137462801294596467610072358355136640785340301685558242763190496948703596278345013224543524770305067030772902059394225205640983395712417846
702746639232194427776.015731084052181141677754135187569828159519552875118610891553380161792693480360961823254397984951142027460969390620505636658655853062830138629918521115755597275750888701828860723859363320271040515114008109637327401448758648422461019969030635875271949584264589871506965172017365039083240929
-851941932154544716458.990940118288147795819611368722669502964080140921396634231115738191109756350586395068489753067434869680281264745643431900398203730922655551112817924581804959206862223436431606656432635849844081018446675586596000876825364306052899320890038592289036597833829831428435972636583977675066746282
1042489821100765748304.28010043198896390214561125391962696661946478429001661480863249808809574057741949938113969386116301152364012980134357780785002864593363384337828555623440521874141049230928018410783041083711700976938706596867313287630341347567185052720993508832944775282245504276166217574032031367559953339
-1275221810687179191931.05761124735005477534017546948317011170550157129658157150335610185754266281415814467232052789514468971265655190533728188701741661132162620729500640929112877168511019126969165844066678814601278225458762316707866491160207749237430022249371428036001826467932348028215148056380061619820696859
1543665337844752555131.61695311912001100002478397124211103965050258454238652834358948040070783364661675723259756823959708945743491140281957082629823495571667950070481814489024689356240928759695438329316857820652681170451025177373836414144554092421205286685371105035128089530096738406664695341902680376338122726
-1784901095424786359013.65326132293268451274523821821461129503088839630341036291846470626555276650558208894817228874418795987485940743081992340971627187965662208889847584752597259981329957479741466425110970373575250412886803117728249912067483666476316918236117983918808330263727043607746905333695081437707957023
1973094597148825564735.71545959102890219811343440624297855904084933871449038959574406517380048053948990141175625780093235304700867594344635273504694695448076319115387137094852210905972200511517391933407495822834390684613774223674048497929338181983214228719584332516401388863423234532809025284361602390895153238
-1925362333602199100096.45959694557986215710712976052710502112106144068893505508108177789899819952592055506726162992985191349904400064473865504324600179742343599051553806776517366306806107535676460746114485685682122139825906304747143937921691535736544677607215629964086838457091047767066478582626506273884839876
1646853211053888256629.44547865989068177610449507990045115193653388789728879523094546395478929878628631906822824471641891440344765375444327286920644249202054653776946687550542308945302402448553557581980119160622757935256760103302096745484208138594305934420380323747461432921907206451031921512101192342578160079
-1034917160370074985847.99236073624877930040617868579554879491831199681559519936789839154929872525950786465015183154224129787618916457822681613329190125806767193217211018908680269583089206701395509006334705538265102533663866129371893878532476150762598719737204570298595250141443917597618637556350448404540414967
409572258118166336097.927296655904905123227615795663559874962361779458120268771918293167217021446710146169973945436799563247974105833350407782026101488647356081956408461073972960428594223268353733534249392554907881030981788592969468154040021186832530715867585948350259562055037500833198505049276372743776092643
