19 1
610326510254291416364.44239764761625324176824994723194215959360602307361157465570854057579962223974278098276902680190823251788271031404950631155630633783424362160048105013773779721488546394034247304003562674127826539716472153156936698926984970400910563796562649981684794614143009953512894605491670104690537666
-918299808418202164978.927864805712283460356137799869211547796267703735885326209725226099818236184106138792847081741243437384986364845623913866403634649577963453286727184075958251599169916169773340632214124140286227933656507673161869366374616694059446207795456519481302720129368825277707001621532390829967569018
555312132666685707767.511960259689123578299035332523178222373178347618644179756035924578926825204567286094254612756301461052728171906541699547073073751292858178802560540852285321837784275970539122860682061818233985491168906668283448745831353494069081279680030437567121378435265571708585224882005946429657499225
-475988178912330668595.123948150314460577709144719429905964346020607361031503901418400664945257043675399370227020412467829646371297368011328067426021705951799242843432307064139657578206304770026842080187432398566912245546279364395125056587713181877122436643752244598150062623485507567970599121401919959700194018
455911508474794949276.955575514272826957755041956622256677980884604359249625236400361689002206774886786813588774382989045691681123472166676868219705515171727928512635992994815543002299929882404060174400239803772350393967496653876253086875458467597815460805910740134515403525969854939691000679703373781743255341
-476372041719487995644.139434792599580961804841413838404306447879263329364252372566495508053924848906128566991312117236264196791765175247418704599509526951472793287394611426614105902834974257688040729477134739696972799459442153707499464427658049097126434975188754157357046154766000439489276573281426675432396649
520557214264336834783.820511859477065408856828352826255069101651687115235776498807195531359791840612057113757875874066125619573471301059298965590548176744729517450018841241613686081495944328201744305908728108787314240862368480471131204217713149798667434463431403543045450564949468711259247099723542003170221145
-598012035556764064514.141559629076112405799791263613713902253203104630263563687053362500789287455096542942622339238516946262864753207224002087304928232593873628210476626410184464256271098490288850972464635441607623775251052140898676996795053762564116089433259414609141332375973660246833636227771937720706128845
704617356788398800729.627551639894612730175493827354192665649170422331220828449562620125994809477287253097831032580842401500432782427915104148852555059560029777750040738268068629152435860237873488209824096451335454777565652462281605032399354427023872313095726314431891585958517391431908846591965686057895976327
-854348912786764278791.134402044725528953391487576752905879166318012021726885611818400139257852664901651762316491355297935906633305794324400084608010839045129701128048030888167891409261720805398319812782015522782178708269573222731256140462542823808528784669185118357521904752756031089904019503911645049744915992
1045251094908753586685.24198233701470019191768364820827440796194916135828413090610754912496636366668429123937578110685388353889675414510939329054887082397826638789645055801731745907236572454429003188841962378748616639259965819289018819220136364775229758001745474623097631327078774440489988307294694565064686114
-1278762031272656400929.21290591942452158263473199740369350759591938270501791684226845592294602507237674129701145818255703632769364027117803073823031259450927422583425936280137059206547045427778285904901562397708693217760158024273181323389784361491053655030915101689171762811116394392782935670818676741320858824
1547734706799807272478.53503845102777651213632858026316709330949464538254823572606129676896125702776427786389639489795002979792494231326970453704363931377707830673674226322452869983308796785129790278816124743663976471609183478874231731091027745723389891427242656150285064174750903434986994264978849780807442571
-1789808708715025541138.42454196848289921302203598437565255627798724210630876042569706738912489184191735301993235467990942237407446814388249502954264556471613022944594463594446661541910228762122738799646292065631017556958260719614369381937102747942185848390595155670350945210428428210578638338683900454914777206
1978337179352867830821.37050916935751964803300731880447139359147311127268644490839852529067997638130494839536326483226184540411937652168220450400121911658176966490721510272782084290853682046718245205482720878298237192219630976074291289264769579063332892445143090137536765778170399782625146039877599800529339711
-1930554671821247378507.92611521828753875666419852410846219928662209248438479803164957937809929487057991712350285170443471274078025176439795261447638383608167744858367890566077830870493953080824376767634778120742580195435316930288413505453535867685347330421842011796642744134625345265610900255202054266006243667
1651155129373500268420.10390445926583888796453898157988986384498641961727655161987976359302114797098826807073127307187300860769297590652122857453887333485233269283526248891737904750110750105110615481070698956750320245084988152023432495975560902347146672878385687628385936582672904863664588377238405712529802285
-1037589911535038965413.38782100861070103804796191949329885547322413284112211920043784711094821478961564644016250058315749689510995916723216052664238783564577164640678804450661848038352127159287894940921442966513587387400512462731851454945952883262317787612970353681985364348808342363525727213215024296826154026
410520750186715817781.076640723256428314921521106617748017881294144189664383435762000483184829875751093189599421272467479180174180289937848434417684082638008597498903624666045738764029902393540983658799224659281873420781938633273391774687203115131713338862306284878701589592859255942025114306438863239329681519
