19 1
607736487834628490215.245321965674884084951098641173103424163302164426584233543546771082198155317716606700228700541647166233765780061096631719514796227201163940202171847712684925208872271546840249695839920536986386386688896428791741456617144020022094217060865069838177560064215505692670731304730490481105828946
-914229916405077634564.611243744421730807326789248120049281975440336875451228624972220164746396056975644634788304816833581196074772836518289185031802058358561530038441379071458755076158833099193479029974473364182100162233734790089535705099096492855027723445531375489802099626158055636328404515059114055798992687
553232539012088195315.940667059606976371018941146036271473761592755019061301706432817183269626116319604818344101020893906812326720022397019498068615321357207302356858383193871593712765037888964456220831991439084361411020592923641241225383161257469057255487051134617378678209654553708200603336603955397282038455
-473739845837672475401.744376408169819270178079726110175281370228701157377378313929415081563329606463258013601535528403673881475842537617639633980723171041380767652254448248187675228138837318480821482223396724759543997312131124774335838159459720194582754029196460945387752995566436903243068692613921920859491635
454311871178041141711.834715793395059167131638304834297019989616398178714810777014437892161469412626992119774769573591483240799485012152573162851286334637385796481907505862252761352853136074819555145796181382160003321151815198621263966029564138711758094723330226146679912222370924030357230575855079738365220822
-474239533377575604522.886590368334418593021392363442433360401353633942052775826390840133128716987977103627098426788088443279073274330407138319284320872421618513489693417669061005409159069113812142085254836142063302120677234182898658023104517891919805695502019441269067288228097511423030033072645278838891999212
518596662751673017093.312594986661068669187637197649731489536411227151432701448531581012639662629997496340121868139156099698745016312320746768591160801693939612731347505613673082506485206186314716389571182683859892967178498968196796131838223203974334633095260688549531890524199531151489476069342306424893063915
-595517157496622426728.06922896595308506328876493435977471641196945699224576129401343825886010149758224211012602826190337087084721222134282229515808196203539011225932951291133051237637873884131961561312790831377626360373309412577868134843816191828772906921453104979635051800181147248201705016593051190025965583
701962252795454556698.523506976497001342098471680524818807175624718736239118351513582682573949697904178660251439821125389714471345118930873683484684399881534578441887143727178667916939882698565898342150163678560835052419103450653046134544974478957922012857789945676605326553522503109433390083494818839694259116
-850934266931386474299.354752587785812581001808494038855533387199331712844252053581199253153042791347835658673483444427403782706799543559511601256790110763390024910319416696458856681962696422777985357177532060999177739259302427339290849431174042869358344699104929307801795649392795771430482450799269269137781612
1041332721423266765880.17303242441691769274585244374046808445069894267118306292295568933079179979113609031558861493166766602767352541422134229071064339950838139364951048080218124276691415992452538582882942136791491838780460169298709095668050523865411756321000898963496934070063027970448285292111660710247289555
-1273741173070499025976.90164025656245318990149386084937103960635313208631129533352004538186292872180529919003169688102414672624231746613777743012391167288592231910256345794059012298585991833083091845457394988262135272898342506338382539046176662717573274276380469240322215814862457170713216316071824514198540807
1541961265934515653351.90264596604126399743109106542282371705501000605446821286282807771876843767164177085125387331261622185701780443581686618140412374027607051090712191862875420555968627776368421326187143274595157559635614586719953989344790314737070164901395213489812346372439271634443579002576769717451461526
-1782850013024899534849.72290682492134356493315554354158204121413491861287064869621679094172998416917985647244942161885952288988394756413437185800932650766992739922562122568365019027556801402142156891469227806045893155294847353590944369646533781394874126035659195730637806163318776384051901940570952875273538954
1970902422324164379087.04041428619808425407389107827411391702606318734439782950278604292018471925729146767010609841698808779676870413712326801963401369964513008002093764825032484973834212949932715100881799709923420129401440281658205330325281674183019502929316876485840481107423050039907834399237985499794109705
-1923192824299358933612.54581236239665551684615110634138424147795675803578585420624780423681941646528333189468472618021370056505190164734508757809974532214171658047201195431821625205454405097787043163941914021093670251248413493022931995225452490951505810952660908445794267554707082647124947149430247585236326803
1645056320115261929381.96737688203499191220204711202539898267605515944789491726610612147135977832634211964367617600645926165716705709470465340213304815182103804819525889610511545373062275089281096564025248184652039645579378172574623900177889111465730619858600115472026313751992282788858284074557589861729689309
-1033801039580570755596.97368823037627206928520600801116670849842542198155140137474347333523303617509997129338438108467385902008431088361004296741627370513867179251987095172235328175175320420463089989529834428344875925018113511116220124582613590025608205906613034956561439218428617621282148111278060651069072525
409176431158875758105.180120766767646781385875713663225619986126744696195211889814481654479291937833255091717260381467167865778814190405628588908294756480797008005162792429530524013094037997925155825015185086800061307114841107175079048057726655162089151915664954300307159328829112736802413018550011340717210026
