19 1
1.39063189241917616788152965836985969538052545941629689430752668661331691138449970305933246270614599397082068031240191705198688125546501544517829507531509594665999381000808983006446730076904839847705948041941737721390730262701359522640896204414232210997353688365525244433943090046477463823293577037692422439074e-14
-2.1059939328595650034939244148521628091944569310297424670488550880715163019139348937015691483154547380380328976082192921741228479299869761997736692753303214609423036226499307443661262250151465724886164714995804170874277852560636220472993660822023023087931944796891972920347399300773042399279375980878833892402e-14
1.2884061822457035066671082280643923489674474936088415318370933858717428758247086753734897311941175153581856380427876671209741564767806689931157954535136868678234439234181449784852663253936026891207816000068805084056230678994814391308320841775513939225191841946167217630105322505877589986721864782180516434748e-14
-1.10194587574544966709976897818077327330094257437366568873167830707708534517908507810981188693953041702494473398557087500687749223367944726842968405992829165486294360775886916070821279363444421555923539238011686313896893565894708238405108548110808828202884257650593820603510607538540542105696719702747469282609e-14
1.05945186417326166362686061364505947381134978538986819864448613687628393043851486794863281897447786663940917535153817461120492281851330348636550078256180967650094102757424968775637484071927393529545851930814707956942534361125087080222516735597464001838824567481927086520367029201846938300139292399084587530093e-14
-1.09569758596887657016187112446597921333475900729821010134184798617065958508304772473583419025790177117967747506597257332225133649988909195820553320044793041704110666239452347177593517044778676607113433406673816418186229877123723042505860024548173654217757319458505267863598436355311452793398620962344890296991e-14
1.19597125374006707790876900475898856112756429384076414252465590995316665049904648751178557111164670149856257614112963093450189196010036871455757421725100841922002735467009189827194708609889455220747541532004317802320630501772306168408549000349718155885547554638719220606035038604266648079481054001922517562356e-14
-1.36135951975166556963365931174321640906044589570260848597859815799629655530122775948916779566556039364868034684040732315768277469826809707105895882609275493947309219626449501990438396685250381169502776046549313067862701488592184025273360074575376961786619479889454402409542488081984907475311355136166226392734e-14
1.60030402137447977239002123758970873646390262183512544776373641528604999963653196830782613744958551892011167060255416518958811928999687133293713950578094881653696994856528795266927514634680382798037897840154432430281943714017448040568410695160143310070578264928185775251240637946967565455149966816872629231107e-14
-1.92424195876784022534171834867663142803110961749733651871979311205597406030128322108401444242414028947982167236413683744849576718198736518558027078651964580926005808888116316255708859249766809810999741989794326330447665861366064626677425922389621012528323346990441737573855799105064475027365808550745195607553e-14
2.34200605288463239415092873481053458200944718168902122127433315955207638333622385345774073021251872484331182285454111360599746676873733377598844858937428140600693356123290109622534577432002452977871673587205866061793725088863532527657331176879493595725297835343702648480049628824487320223295020096145318913584e-14
-2.84970174371493874638285054883949722825804801104573229673012586339099978342136319550499093993580631234781813424636910124090510738610688700735585756057415462934232890249169304733432092138948264438806789056813413238050617456154104849041988607292926818098508100870946753796962375944317134321941929853740755113732e-14
3.41331747315840519784733761788978742588399316712550359644083507831148869335282860742490404689207224626802464951625674837647649896307892677093059035943344955756859070666112857548821751367780482999171756145529818079573433829729358010918517843633006401846832454248749505503239029770369772407039122047251732954042e-14
-3.94416681406001628877034127661235525544417791888537908367075627868057255577570075813470311510417672967426260787771536882171755102186377819859690342342832424451086589471717259995328872077700513455101896334842290430152468024637040874094054898625634699384819327647816411163195286128424731740168079699810500293251e-14
4.27691800731241130262046004113399575296320534689726644826433805493098041119786374768193547485522374051994581216933502894642272467138835583924019974334786673584379380820669219173285614771528341712964621996304310575995839155358762703735302389480050992509653641005969235904707131167160838922439177018089537981631e-14
-4.18049486577169384171612391206132723946056715398516860964767881062818139410306751045040903753774657660778437666604844123466095157566426699937210223482473621116531761655081493224767093432749434865995627248008624247529895074190466803702767581196378958698651596277443859303195825824195359671025819398936095012047e-14
3.45526538380243650912663065751276954773640603097106679243284063136664937689331225042083453248483371680660728823161318804974627176186189076095691339399353184423238865445996898572309722657629617183224755508710116911446928046751727022280693457232267477035088091621504305443679026202214040897888382063625098437627e-14
-2.14787413414783082893628985202995625043677914080200999814214187927683964272154698559010931863378273886767346126598577690730818094689357349397207260366876797762240871482686632652910735568071699507069998305708200495023469905582992851137703043264076024838953098477534570687555671851425382349144430512961964347876e-14
7.53599702043715927719009703149016658959157094698750555243643567856697233244389489824877883493142567811023474968725878261958228045058709547164824450991729713510480921774298556374529827984818869482131012058599271737519467947518035721489761795114525960860758283357834719048001916524063263322886974691647890642179e-15
