19 1
2.11528775080848130044540446220817923874731244829927158997634442646884483720639254276409091206298133436723372937952221634099423698451291672751292514875432594179385558017186179803621420795816234375976566373297648957452817658921706234632240781313492967376610039910516410804254038762267790778782150812217374896918e-15
-3.20301952471618043994138697974588419285773986716354378327618416499777761785973883987636052464478171901054335811681932429691730236266557698694181651707484816509373756766590993360835130803141202876112201931695349778747907952738120511851952520290621295578709242653515577947622579217798821400498625567632930047602e-15
1.95830876986077839531375527443049975975142368902555201828743367647198527541282972650947839085099461533840146586204136393592326946764531665787167461585195704941741223927052001356171659937534565043695827069586660638309877798655491542057203119037593589703507868527177485170394091047656758294779651421746055852449e-15
-1.67299561195201911657548875272338351673929295741373327330276438166783815220854619989209141209558538305377485782110831932239144151718345404215533006372316422567311574953604026366163125816246169249100711313626550482458005051446648960831639796565479527169269866737053023718895660000908225516473041736201455293416e-15
1.6058369160405754487503445950111258173620761323940794021591319585552365450983168109644056968897095880857122755946754718065428433792701020868182961359176341477967885140647425579817079383158865041668452946419240455158893749979271547929481575729987880183465060234369630837418464259005421833040523910245082747608e-15
-1.65720015741492979325776749707575080302116249890742098214113852113154361322171925616792087887469433340069415787359013672064756734988446650923102851110019110466482157821634679831936697382573844830566112223969462010674130528417832407023142813589697870858412998894186685414576708964566659973879295131228579718771e-15
1.80403918756943240524844170597382003268659007753711496897491967535548367607414054811219810397761851794821527168547558766884179506193061607787751272304760388183237322848745272370084963854441573995363540612172934604062707867416315863292893331103755291878646774535331018170497160917651862128918697055333384882148e-15
-2.04698237556854026220065002895388871651897043554178000781383597053570827825837043568256956582834143419896482806227020416600969590500984344943708512308711637169292317581019076252117029144229047659627174150402536963299422105451765281306404413087218823873698063984696992951424183757282111745752675443790024433496e-15
2.39735687768925553420813171308609828539986025874505092042226557507531805965276453948937515623471754248330758299389530369368843056599132555797589088064600648446921796574694881632175345795879009940841748498311239988713339067547195587250836552476236242011314670276062229315190209464034357529427560203892204969902e-15
-2.87044405427700021891131824637264495449029443155653302066308060217838506029674436732011893336775958671428098521765020389988260646166450031248767638177979588950387615495073550209965276200685042094902479917372545917928329855480159585574713415570219884136031031280721777923884312316518970050492567778860079275863e-15
3.47699401946224326022344309821629441859417348524235533448327821381059138894535873402621683650181808774871917592150503816347950668693829237479798413526555218792826915596773699384475077498353083579026793643786000177602150388452241927348024021299128731565327897504039226456945093357667167631284193020921282870971e-15
-4.20829115060551617022937367133376111196291444559693603934069225094653748799629702474597161982043748280259090772835596369974331002175731879863994741277443932231617891505989301608257177153133307069173710505229030877842094475559916190085286154675433496936768499129701430355282197612600135956465955174494164401822e-15
5.01110594954592694203559441589982970486387987177068540610920974334993118536153303129575128401710381219045842168419949503711075969472491230408187085439865837893981101566269112087610773992923335441370674547521812470813974869662296438494823780420175592418660768651813683088569746733630665960819266589426534352267e-15
-5.75331983041293839746637722168833485054979837274247340155319346210200240908983628873897855682218663606552054042548285559424128764773159702434666574053859818499741156369011939242516330166856530570621602258408218218620971918169185415291832243535736475637405863275867561744465396118907745002939525592063488116083e-15
6.19514624258495636299476027717558076974566818980002765237721057697600293669733394099858844267674590027862606561706781465500236752316936766653935566096352202695120146810814645606979600237853656148787981337559595413700290176046703500443577774662901127873020007855851258442949836609259564920609931490091178820244e-15
-6.00968237171306209319433976631847768813646123288780961031803550922639955886689423063903528235274868450093542362654110483156448180639933015229045925725573170250000272065698932335978092528529401346749196136440830121120372726725377710069765088492142629531078418806315007381293300075621385340817216662562766472193e-15
4.92661255652046846125314153697334651797585550309477950248323492174128689146624911429563009528343202375818096659834760338760580971018608433813228663725529888074223675749981632499385366313102739503609438744117301390684379034848264920233942690891853869716235331763028298756109556294663591934097431936095290017879e-15
-3.035656432567904821554702551639437062549276187717722074015968274189022351767628981731602151599757583974258081302721793338659213420593188510345420174558458546638667984709310130998493170374620306982110805971816915708818878809077883123439389610121783086439548857655422782348012579906957493084658636672109834008e-15
1.05508614723990261061187952065985437776009520535273483662197599396045064321807501605115582113831896124166884475213568398255450421590573355939683668203913220491402666978041232596481611097431873462926567510135664198946698453933970704759944460240284793804431365896044813671801936819244757481306652684675577165244e-15
