19 1
607476410681953022484.542081006463407206437501954050106193114069516488933011827279560842229075705479533347738516247515185383807391292162706074440340731383654558824739873377465730593007539498263498092727581025505044835979991170906829310390096200498411980020500343510391496937904318130745934618641875048830314741
-913820913723393244615.541684358639730786437763211446207757123145290805598802968702647341437243268078939725928178558266863901523928937005445295757190862750427261927874655149203577430756854685622849887065867416640063227279089681853243189951374110709495848147157941551139544291792513681930780150874729975304811757
553024917769743846822.936097569120511556938795274434091924822805276142958352985966867789616327131488675300473762321851719774985712974328067907186799746080634307900951178519298877767269060436471749043172767080553256663813071407609637730198495852667244151567081589060806700184516796802904612368515483837493674733
-473514329535666053286.283802052099844740173649752647509931131118953008716729449230376030222359345173129586836522697484430870128386677835934920441397129325736157841485667609857456530635656251502566823354133313011516703844876301087549705140103191230128487625209493471454979500787651430775465707285952571277248587
454150293453349172202.262513829222354350265574556849147023423611194538203570631626924422694438325369910309303969504000396835015581056169188676657080736521368790911689366350144421043126616549031384705894247157325569211851654628183678941605889090537912668272017425522772963327667078684628061975581555849292566613
-474026586556084989367.665347623312788398130484467403580912756193408956687975168186310837222562576198359046240087174175303446463235248042349292333993411813390620123961324207420410472104913891110857520605463118109932316636297817070103840089788881995447179736832111101523245817876301991066173107749319860027031594
518400225567197898275.09803120041842625056866394231483407570418857454379551981585539077257050236875340460172771590465668917002165604692802772073787458002283670598760263629909629081622933008279731091104386815774358647934951117507616312635850346580065718746845022752106356947179467535827337181611107512307711004
-595268061865082958309.410712340865283276602302274209667661914197430442386585114177753497869220476056967803313244777892965103196450164874039383362437537056271563507869251041531541206710194753227005795553797700153393812549491195729708129748653029615318739543457075294945249781914069238046030739188520101739535938
701697096544695626037.995991742259804138991322245856107815314728925654097827907310332590564854831876854475101137483297935496992542236391113802125606863217241653735338754013495491941187464340089589487539130567900196662929816030039619368832361789352216237500014180504279539975789017258273377293928004605791293588
-850593755488645499393.647478155758626546518504869962625247059311440769804720100449129061449519870494014284926376188595471958879359246458879964469413712545005581711166478530438238644453851054466228854929125176734710660353263005225099644878343533974782319662193738817797888079874878242064457663757434722273973956
1040941607018400284290.485445267004979730896363464812347663983739232522612192944565177261932713979910058825189814235255579113265137939522711556157720133271708852041966652937765814742579673297483836471619361739332042434493728954477594608955434843489396570172096218645239920348703252772556782854591194543143388
-1273240996679456490661.5978688614059999826031042566151599185387680098868045032867588536813804886905742737598197454600995194870489627317214535825188222893109881028693072051674206712620697396263810308742441924892026528107679298849636350760390301650649376401484869254318168409478979835652238142233778863495629549
1541385367711683723202.5947074847299346968370292026659596573193393079859019278021397562484934982424265026574612721061653213176155029746891362789623452202580989432789100891857063246822076962242560742223489281338614948650046287964240933552188086520928116924105999995275235663062392547926397830699554495205734646
-1782157290478839052130.59470803158692685351444198398898662013806895426352007929540997706482094636755618920835551135589004326154372642450932700140815465582356959070996503353114260504152896060937494531578310312628842252483805455778785620438884447796173654817509076911836671077478822573966890995594746221187992085
1970161910528399424881.11564776101165670251899149803226884977577577144578358851783784557867821947900398703779394709814823091440389974607963280075336799177428456642563552069932764456576306576812275625763386832352477712657224298789367866873890702673338251785530328278171616515940780833181517811472074524450501334
-1922460158849186240099.23740850788685044447073857686979412867944844656405205657629274099855947201856244390935759120900992736601320016122325091497624063646639468305395099124262214441113319353434071643979703020243078128029254662608681193044316987713024181656932704996681911249683662204689449801303207031990413667
1644449550750923849705.76570318080579475249787352689965617888310511909647798740506879516717691229749361023203387580189958918094735620867331762460700753008472306363269253259395033607039287919543376405883726406172890122994394460631851059390741307640691127218944295721293266381011973063641390282220646685977138526
-1033424181101838995721.5010383016634541189440472455232668698059928949241912680889234803342066317422453095501180753290413813899544822289578215595383712967261656872055164884990913340305342198149783358930339945742214610750468880620633290978739567607685554252368561107223861601761873436772481543491722250805655479
409042808129983615974.697533067877578611997081676426268594031718277798149340724674524118297911059009349316364563781097032610405594263410817790598145648029951350863901348110588489961274127683737969543887913607100029571820304843424281815844222733317098268502579574137867730385276243001773902470956953850715260907
