19 1
2.14510892581457840828191956999647543574702642494140557609275024277090149549085252651467786428677847518594634098804728359089358864126967128601959671017287694107720563697921730291153101098093126873194606657104440563599280844326887520734641811581430019399042459226240412038505889327277106198970020599844494193168e-15
-3.24817502464185276989168630148843756088283274223451303181554009138583650050886376543229350319693213052728507987375121181281223218657503369469358332806622478135020354861506004393913393985191761065333245502322498820416780659446209506495428792332639131228801315985552681524082751393349481108271461105514334179647e-15
1.98591525375320278532266051311211019645583701981229241358340275849621928427553489839911229436421002191006260806548721303050096563238733779692953879678386901756503834703135264977442971690814966483538891366415626973249715355029240479594406918221908690470647588311971622933954433338806218873984112947637894051216e-15
-1.69657793969881729423258709968468820845178426281868913459856470748588623505995669954882456283504017842939670182790804803724608155054423145221159551946737960125444290260811806037035180750655230999769640743887012293040845548163312173495733727068447447772763267703779726101696304517699349723298446661578347109823e-15
1.62846971810289907497782376886096603677375391218845886813857916553006878407554800316086128305996185568105026628728124084756501707780493036763414501328637561185379411073117679538990940210446961263434166233154408700390376335679650112398501976578052756764462782913990086208511479382001391906296416310771955667627e-15
-1.6805530101335618026267358073948817392823905097524150375744250761768798378989149687344904794284911456059816929532998556827595849387348449644675370681864525309616506844655640959042784838070997239855985414080297154209649642740195845300164973333341214887073268325894914806283254695877418881790034733138748298299e-15
1.82945605856039171991777547133362831846103871775338207190280285462778585887051185151598525575448304101094664389248529018978054841325980345996295506893301305779868584300723715949580517417728049547019247663167161238579317941230821775955020758528800482940662090883551204829492112431221089246615872678997457960437e-15
-2.07581501531686239129496753341645756334503366593021633839093207849178540907701243977094468499420804272878706909934919341863137274799009668745354837978668040912355196334650929866369629832980757263617611223945635210839678467390233376486730253333253582895395067733894961641056894067450217561554337509855710488575e-15
2.43111514911895336547034456614620442163880552064442564203678032132050940140697475286120369251036941021130660542209000470880803277299537848704601774376951474843246165001757617729296940471422827557713011315283746637034159365622135970917351480840782557274055084651482028084494542775102942440935591730905732327914e-15
-2.91085107329192319954706673966248320900981816982470359286588935062895694516381948001043599393003978593754278173931554817530885814635576318789557221676952326028441802322114925573293300114735292601907733922196384588976405912544733949717079820318257783274355389036535491315326146151835148975669818608575176024948e-15
3.52592172659295609368947802012083857025621023909665760450320422616790946241689672818337558067429703778880356327280727447006211903358166247061673960748235032226958557408519324430692506429825640346274935879696321612337209908903166958946512112737914164045860836803462741511614005713459554590461510281867160575023e-15
-4.26748585422078625119863893976489734489052819202196330426034427605642261218362448272868811783760892810383702669508854879957959051464884207594657276663527420116848351662918804208154132451761080704133043502928789927225567735981391037264884068740277399798226341704208627346884521762179039055746629386312579678073e-15
5.08156223373739523287833391692247871030531616962707542717978308105018801338104053274850690065214346096616602469347897442598294130905315437196441934558631226308699108433577115924376022327652729726805304282479022003149530513142639295825503687944828193130006867298757173013909273958435537904921169979177399332398e-15
-5.83417292406406093071195943489420231791394188897925059442195653914875613248388502595880324346990165469860087265043145979929474693934559928394323143492545821295290521351301383419827829725243285012257359091964662086915434861183707589015938905795298601637756315825588525900932823413026758253207348304797018286606e-15
6.28216332612820289489123654669276942066606416163911652148935296150308697317249617355947827071649798263098498350108074698504174020228257824190303596931721826382362203055863796015959168301229871805118691369536379091721144642313312032938108688551243257359506952645262730707465552810644929073957170718179894215722e-15
-6.09404733862486157399904464146345049512530839711845650976714109108169887030708956494648864817567858778114314975648626263560202519385020938120229883248422813259289053077806251817690598510950585955849737414466132299933880336568798945120986122187570504089862569155634721080901772595152498194320019395584153711043e-15
4.99573187966831621972668319408642207404626022615303067776031112529782081142390676207785724434650451483558134675305142559622369357448537522808132922640520611732749794997123294882879324425718740018797115481696593965009646920515607257960036060633346088011848386666215074246443905238728827883219925491511195540285e-15
-3.07821890740675768253560236268545300440433781068036453742467403394335480650224338021432098106211697879449155715639525597268042639770929976594251874523317341034333036877616183240389267473463084809900670182287688678295107341604648931962194821656664223818466693746822624255243192889569860516200766971033779462744e-15
1.06986933386061514117278940471844155744757670383957430917987296540111238232104172247248992669943079623716280813503798334489207750558621512868475340009524207093719951520924360996741473573089698140828162882626480597496150170260184323017399858649525770709298662566042028836820096224390722141204174756004826629749e-15
