19 1
2.17088673703819708985010664009775334856277453708457198719752632843355612226093177701141483138158063397725717704493571724361444480078755086539324451878068427229621011981634831363467693055458170339750205645652837816267364641666798998917090927574841550230660257793773003068125629459885937662355462814596464902409e-15
-3.28720806060133583201332815294393075372396189779602837741855902797272136151196499247081553254959701617610239568487450136644084200890725318257438047395905309529941793006492459069353621117929292951934010233015803030179285813046994799497473600342742752741254100283674180610768495594017889540141358005985215640126e-15
2.00977878557153532789685990756314754285374135562389214290386338819876620888150583062196750497940832434805644717910622909039734922920997376931807030611197420724878036929827138986604359206005793781515842873772887123572062736335003902959423094280565048909946906674850857545216347258849583785940499149844668014785e-15
-1.71696308446150244599868879558444844535434434486709816376615672184173985006379256454782826694696269228765595250745597350178873424127694521386698681749716910216188301898059295095487876042797502590735809979824346271523451628654334466870730940604831958047440015410182502854886462691794887845792190584560387123411e-15
1.64803429763334552621252949575894683083493558746712032650078134972016262040203670820413853191105203530344935748757194618650562195441098764531290283364795290070115699877692494705185482402944162083181205144381404044306988857967087600967056252510967297193890173977678143367427920919537704043439071524431480960637e-15
-1.70074033440624314557698364159433171821459673065301261420555304209495443260667574455346216642446762764014199798179847394140374849050175198545716772047028804653548628403361656082587054520258377401648926248024199631372102243275114605621609121928137105203352641992811198091581136646538328642267227156185129359604e-15
1.85142803334344727513242335288974314469997878799726929858078645436997936041741330368144566753297332122058570749915842336836005407827236838896890351985723116303092272695276976705133596377358826804143847298957435746111955723456537903277787090933025069568288385391866594579940182842601944178011899474397526012599e-15
-2.100740359677231805506541242416322753151706014751538585727470025585775910335815539747619559039028105546430648370799102057143685372598016980552449418882107952824697771140384115374417660199204046975526162502013930913935059290302576255904051132917026177417130766152166541748526406553136346304739806455109470792e-15
2.46029938218700911792117752451779279937072347731298917333557761148008941829949212738318639560698794416842440836464103785992955644569347882253687712694087043473893842107449688385284971074398698392516029834572773282140781369379605868231964090258331674035527945125091280992160465574304905403082712706228264626599e-15
-2.94578422672362125660404485300280700316493079183386858027187147107336544336608625301125980538318937382206644180613082595206929895600763101079772586619888100492696318393917400492851284418849039562254039526540562979035148925971822329147835870724974800495581242599209065115283608240280626623365537234699599654046e-15
3.5682226955054679298899413563408237938939849049762900836145317051947430231494891411980124489638835385877114336485994218356445871323901727904978395070670067531083290181768436923546331879785421553712831127330560836105412318647364934083042090340700235324203980790256589724045106368444636490302690322749760322773e-15
-4.31866515568255167613623110736686060159031495084274011250061066841571762543823366397913160384888146158161386507192607799624944860917342910330311917946088850193360903326754483662199800723136028460151235166890002116264318500292876096738926099464929946242188833558258485954883102537974755467506734922630250485637e-15
5.1424806883363174210845784376784484377703054636362330619793947387373269382365878013734954098131162514797552173091693875399600542805162645413993852172073905624709609653028907967031806992439371099568749250508042803128722265730223051831699245119000988711781086510310721604733492185979921815067915911990019766612e-15
-5.90408384365745220353268589893576483794211060344228944841622193536484244059795189161127972071839722408422322691996782334473300094399034286663808017207663453318419858872084846768126740698013188254395031139213960425747177088097969500350723148216314586924242443220954973930615109203637503336842928291748905074623e-15
6.35740764669310945096250475503124804962231615711040192814543059549686527132241226873795207354394073991074169764426604893171373980909087729506970915798580778044721227618157959249901541997909792475729214183349786308724607138967103793805766734955182444616776883459315816401076897336564442311180838587811761041591e-15
-6.16700212251675537275907849344906096765488312072923100708746732819164127035754665823948426712898095738970058768932948988652857351306315867205687428611752257737558976017945029826822534415081737878696995106885591916923798373083740678168428878702715542838029584638303222277113446711774350441175549513005274626467e-15
5.05550627018248820452049475448801107722983587802439242643974887157672422179244107625356770456365585822664176943131463490642103973158554947919681545366092625249198881518274608549865995876174196775118342556133581499977233170789232064849693151119889210592746106405076225292092384062945556330892996452402930207198e-15
-3.1150291107987380957478061526115654382136325266173848855730391754807291005708272220835063453192662106889913678368327120233090491836450622809579266151349944704693162876245631462784405586321870896613617533593719629175567977161860157013877673706113995799894496628032062182011641554257589803639175020447956479627e-15
1.08265539263875622589243494703569580002130651988693591811439219484025805660776946499154923002414101036093717633499737650049042857001545059412090214260207440128418180660921502184142169142384886650403482477824528425553337650542161183004557384787440047134907237764237091088237181167405879718806329747871629007071e-15
