19 1
610326301959465764173.657543889115395929023231283244028319764931163669509913674259397858612611030155676461117264162416334019645274399552336755765864600096014269821084531806984323695076708014101777601809134704143931525218065284260197995408520735428246397058986869990526933208134833346827703099965422981547950822
-918299481463628605041.304820374709493108834830582253557042920733635686679473495817645023386129219557390933771041048772410494718529740350481889561531760979915369732892241270004900663604512733427361985882961724026585037405958236145967898152068274938189965299141604850496318514909010088577204941053449878193778205
555311965679052720013.076967174239301601099408353484586264242828414146703763414533325936294653677733013633302233919111181945784239931552210420378687523610116782864746713544005876484363386915918273552854868150559386659755954290164671150262146995366663628497253216485081640617084850386932858512275729016416142085
-475987997314136219273.539094579455355565672011784564157259867211005064882239746458472565152640573233111577826577743823813661526196750024792598750890318522857828411954911328343450786750499072069273616362506903842550967639810204793519896186184775144878000807918786092534799301161088401391068519526380173083300561
455911383121901108387.417623341186851438961355643312878593680743888403416217568056883484862746858996635736418808785306521949711566031354819724098898828133329864629897625669144710834134226489627469153360360097261847455970036804212231156088634545165289526285585458581550370088971045203099278677012785704107720307
-476371868607887364443.860560062830497931732229865972277179197876135994560720595709872951868228171446590813589133523686211495673287388918963986720347858038243516319094066677444693510128712098084201670286058777471331893557929704646302314237200393184938199485080083277944776944196321686234790066289602795237468417
520557057239851575422.064861349973341691325133914852768233786457666713876284172076497791314041185087988549818969000890141659500804327412145717774126766731240745243468904661424845993838971771934778536149505013286651147446679005695216124862556825948070901804926754018574347880228058788229923736866345963428719982
-598011833500621069804.505183094755607138169129822176687609688787535055193617183471335171531880447866402152763371821705906709368304908327568382914264320102169312180504410319570408004059214571605356301693978476898093103300375478591887912994308830966789720350096116572947875021399617772041408358926961139934911448
704617142263743710930.774331075829897090777701586789860735300265678344016073588055979569839517292100739049575233926960085553513543470571542843503101725544657973771656269984705743341022633304128425950885011973407303854627309366596223950731657946223639242622258051412041385611076117248823439836491128590843523761
-854348635911453915164.010446601719232707685141991243000817071683227675592263607960563870579473060454936966291527162117282915548391645138696356541579627695114627716964476695368781477029149412887086369225989978816800718340250930587505257520301728148197371706100444474098649665501280798632415723250093670499109012
1045250777778666980512.49859553069729985768729684636409697641750729098990644245826440818340450966779807231389737944081116836722916011542384329935173832480155508538321103214179368402944249300881845183091739098036843239248311802061281994336758203542605130231076652445377950341407833277988891094099672869192440892
-1278761623587122772051.49340511060307548660647812729487578243756066991961860014762290949310013028770577503027794124596406804103941863194256826296544156717346458535987941758511425195697552162277321490920302703120602516495590077471323285825515629697936556404903704959391147342862568373190020308499826298908857471
1547734238855027771550.44904538353673837747165586555554656962118628405507972879570086304881333004069163450524890688957298126704311226670679865272945881419968583603673939768210173251042870501346650346230444605787649216219015020941854256354312812233371206569699471319449258123029688875072088200383151423746764449
-1789808143098039960526.82489862701414345386718980534747887347577763965404635176974399681564715256228187684997592529515573980031673223186325461278220784481263240872265587043251292001871231124955268920995963087189544241450374945098651466707191144565981224207394306246675896834266242365548606687628900187051170202
1978336575399994995156.27126164287730792824840943308617512678350276094401029791759817636713332622769045317046297490862567246065228145852449085962292860157835086140709762139114647007299704060147506669260648337790829141822179662639488349685926058743938350304588210288647185661273044062511577461260256710544928718
-1930554073163383097635.4601309006643287833485334971356412939960387604217594859847126389321068221197982285272403050672420785599275175038078839765208934203245496841160056040610163891848838871999696327438452769563973020273526830948648572615617312393323318506693141551293442366445076603696814609405240705255493113
1651154633169156275304.13956517376667712184541684717596142363632949367279482268264801202264584362544429075453310939967144689619302749564807182514635301714674582574868544445705192146652697037433878551591079425613752688246800744091997659555153941076500186746901897878246322864989357411037068543802688589126579188
-1037589603158958983900.62931503511302596844765374888354693160132911673156036518363076104896923386755685297229039061198210744906645815918624209966917929732618870231236714164652832592452360331770047206086100029338924036678031150671249860608681121560677186950788211206459205992896476508898575746156663920767328824
410520640668833076838.104784503406718934818329886330138193892801889841995174747766948899809624627247409006257811236097342549927072548923696970424104919782132857687746954422781951479496726119447431702829232207613785655392845331060100286674451235126064819245687003544635591826089248693726487359039411038735201158
