19 1
605034088722535007319.35243755997751399268143321210022719258665031219879397034082132802693945597398527227919315616451224547949340576084349216025482647946549822524360761496105787382160772052434975754164191507179048527809613469878767299698217136232071327341693731456239714934121141048673791763401630737740409944
-909977334584368338506.066773796640394702896614381833941416308615187171115840350568140414565974482264225186249587062843353918975604477306588365670573959277085452553796022747991387673921792942000961288809812026802484876082765020875225723698315041265162803122729052662159138833770675763512497033211284796966532609
551092636072403533100.683408078465828090097729506831655770923085777481270091637593319416204348968524845171804040043876220410359357694863026438001702729764001610731645457142306933634207600925963641091929979173613052166861314827386579874829273757717468835954937186198760248978321116103393732172170183996141461915
-471395666139481730389.095746954864534495777753940806359867109549567217550479528345702237759464423032913488365978216028798945925054022285362952707687903251758081223776289131669230053942869912155736250416002730760606547052064216757770728656741990224588267082670088842592100844955742324943005403953749641219227051
452636758583482703555.974244963263348452398467339189699509572127364765380656498407034850462175629521694612894599758094275325168822944342609055968794889591228809877143870600661813819717322926222440956705193237761884536129724807704920993156164990914916347580982232846842966600406421766317646312445403094142747853
-472034649011610399547.959289353283593384541251390722523687885861287176283024771117589185946527824173758842914719950683469021021785560923491595398918545702567369364264465784535168532747614260672923652227190281496607708287623292807867796822737746837044746127759031702027608094380926419815731097765750802707646347
516563734175800710502.843793049054642829635701805978148651381592678445023492770616724299547436392550802106990901307454334667400339801950416775143098607618306381603195804919176613399761555847850371084144130612497657116792029791672773276097605545078310168108733126499975227778797305098982702121270516313794326342
-592940843898327144923.992950693793063278845423204630392266597680919449960478019962381535515561668812283767360305869563237135064727360395837781601295909562983860208312304187032727090347299736250713321824525894564456663937970517817019890952632350734126647041079094238673487664355482685274393341262950532027660214
699220865406210229413.734628646882450926225230979391223599023829019776565362302738065241577515117145003827957729299605983605766902599911455787883004392542370409032371120902281629424077615169001992524429488273437721399499805009986700866574684609524213626471556538847528693292720804379342256682965141067047717318
-847416081134657950570.533955575344637000978872361304562903521531649537181165075930575870122406367433574834995107785981850991485379565771557557309858808232605210507687744557684127652327133187177165930595335549724604063759920566414372197858221425253495460988339482286492452668860728009146673925927229990752140085
1037289373717177738481.196400128183295299857916869926881946993724471248497961351938422142176272516739483853091947431631511191304158330907413069310695308436282530953323874882596258257071291163390974352256522507257400629888731719981814256697934240886317399263825823897623998890656969054846891824937612177835737
-1268576947348423348589.09614627514168814467666992586003167549776935126917642332594479523335275419911014973324443166583155241753805759454957259104660291637734452338652518463652274105487930849139149311759959540139665053582266147893313493360869627578583289884273645143697122606568013084162621671005689794617443086
1536009551843551054832.8702366755220175098191033723548166927370117255213449357628725570432736277905131423498750837979511659705131770387698080130622922009141677555675484967286723925106224295565943903127497852318285408348981915552173786030239238222879261482945877256327941374119675552236500458109186299172321182
-1775701168155672587149.30380088131567292357666778281734799343485447825466993717810303404727741727170266049094197678968883182278398701739488665914788698791393508245581039073253605003901548217061565024943288248142729596554998024668910512904639106280631607467401525660530008607890515326130029227210332308176851463
1963257085478930398902.29832861726860539932912219470992238270893168816378498923790980152306010770022322137653160035801651074516784845157702283787424716741628614938723277488401642269954121735850809516981578614045916048451388038535693211402834804677318796068478541755585190281126984105660037183828387604374309911
-1915632821754525313465.82804814354227491576144763577799148049345860266798723573386285896240944533441334371856280863400567381282867768167131747933452235064245971214550118013492561739323992817336800860836817194716765968451490214826664809067786791380545061578453728408785271146806017504575982500009534086286178981
1638796621981594617491.16916473932922791997401761102594257131626660671186026290037452481817238010979454930813488000572315985666697637847945755917747726458816086227483475077462302169273075119729544515629676671672830375935934437219447307160156258577927308001778796552877612682769145334669548426097290795847104089
-1029913869139236395816.00297118846267245568513384322411059327184836122823080298532168478341846694320383861268773670035127934977221989980907164215144111789176434804588422628415253422916511594755486604986365288886342557752931422961004707580958753842438032166463322969810438052713280677143153156025187192380866486
407798770993778855817.635445255026163522532640737604406546238472661516751268993273086324570154674657772165294693980017221637073812565675105746449011046787767403934266447120517561414031118082011114310660857367092788907717708122319605964455413198141166737646254801170611377844144874215055568149622590383749235975
