19 1
604372681706859542094.062308212595771278782670153281810532371952593972375633873126924802445511323200310054811333090170390837526329919959478181820220506383173084441311551086715909963259773532694657063399057871390415499731366585362089519375815218556121698116784592640578752407071857310338011670774767759503668343
-908935585451291585543.600672182042433508803000062321409434867197504040028300700787870264605428993371256608218025309688053264870224721856664569537145088242668684866488278359173711335404503484340991516187538174581099946807736972609030052395250322730584683196610238159804136407966674634379714207915508502406677498
550575624105041434196.262210284897221211821998135320361935451956904972990815710551392159719215763535062449460702376331794360329668433768608535533076265850587749749080741067967051717099011794462760433307259184659652704875402214345550206707383695531283875414861349423981455225722275261694126736456393849107266041
-470821299067850327884.416550610106618677281030955536161076602754882994794316974097842421654983453107068843765028051186360285852446493114330445393296470228869142392340048990003696306844962436302040691082778783578271985201034777852373503351769320649925462825102183391963755754800564063114983268278749166443699416
452229226763685755727.103132248230099536066840743395582297281052732298304681276392121915746386075710654275318659164834009572903903564105369299025411551090225517300102097170680526664869113942443932801498993226208102440161828866866212650020505047081265716895495606646395101296933757763443933722774366747604087997
-471497461199975007993.813845189752825881960152512643788107500305455106681524890926366834208488530718367091199148345086058064202341462152211387176970852761043046029506078679371063340273017424401168860659113656691946829953624676938537928180279552034082198335637381439402249511224872033478957573711743765596419538
516069341766382826626.336611176857266853556472551204247608276261470963926703797394611609768922735520156597461302542767417005434732908162182129774359048156449156374616629217635260257147476871556512391495473221275555916948964552669058641325402452573131143697381081625109489460356075458731107257066151271685868566
-592314393944010650891.097665691235488354704390841607049350092555588166968801908654119530510508584810590458734647677921186798517419421144873206318813229623552423656538503522584174527567934173915726533869166608440766809584254305948231029420479544772874528089742698627362182282741779946458212137904112392249466904
698554703077303660275.918058438099805043929007376363958800298376461422060791264902422394139205408789783171107562931678938801459243415469518284362597962136757631576741555862435708686225535448055708545330392798214077082206529543929437165764200983028355876669955907812447416622213687096578104952817234051299769236
-846561822737374452992.616693572754179901822709342072889292849104607412832350601763352298174868917462756958277080122372422705099661956675122846039141006412148678759914819587512240905531566506562177429172561211457454802089470419477326373995387185175751970853822729573497231783030431643649536531046373219119028664
1036306830725976644819.57446587643532305151200475282203739575111148273912857458543093569316634208251596470086997788795321872320800257492419803401207628832886502900263591298060412467918815900379124634661655260131734814584312045473153119105422300593668331963276050368963955066073516793590792286372738516107236023
-1267324162648894031879.71617091912694735086560398517995188433919171147484563988314246256706672551673154632439164633862745116851730163476521221987957273982800113422487969989843293091609860020163585410101443156929429407565630587407706307294394858072345159592714146241941406924523223825870373181672334151300517818
1534563842798827673234.2466974528755848360578830385864317906797303952149782099762470650717727724796756104315987859153110458431530157569533357756213053621211868982560301749897554751205164030556647230607792550408507048884711065161155981939068485510049856496257504533493226305157367919243182760668553668707311106
-1773967981296384764492.80201007333574461016337305324489757376824248596567134048230830225931668293380066795339732943286030427412450076034214472061808178948019044389490188900441903473896324302882689765309033201425670782076079089899000362485090027307119355701068743496920104206058236650747515915043759286315210092
1961402413001869999016.79328000364189602224487956413438688177559320204367343813698886920014345670200296525259437188156042161979013124915525220348144686049214697253129621261359824913659054146725439105723603963589039541206647676334022265716012216400649580406904434280380906314122493662697075368760601542854586479
-1913800249928023010183.90758186942487442395448927011820688362710856363841516865859418083346442588562945425697732198451626616849571877213910088028310492947621921946361014749381647953879037877159516903510780969885251487723219306906741184068912134556511582784599873340685968417411460894854555309160230413299997849
1637279629775359853937.39692358427378772456981192964633039432614205781320094801964206017917520032072010438942448497702353451097331490251605904423703616136730347248879633666014505832872526548037599430977334042801485417903150732906856096140225248978259366429628254147418732560715064820382177689021586729838359729
-1028972052098126076882.79956096007945252537069893057168162483803769129506425559306557640803194183601421527847213960920991141976231174770985199729449456223819978231231278645780518560414011843343839767222994782261463091574380647019636338753601003238533961403052579513726158002913969848780929077070049107350299541
407465174273798569223.090739732388742149180612111814296393861253570825560479773665820755121542344515644978970025312307066624537808621614542321011752210346542109548208892018361247972768108155712055793607275025393007915384619281478952618159941371940457161890657552412034664799695749420853676048577507826928119335
