19 1
604183643193181370087.791395133925598638425657193736245113911580003408371827002635048031562673981295755354703452954968342061605247763235989733635471420304698696813023040975398302380654414339790562454771541412764188667720240087829522171877924560800243840425102304149782639268432231459209885518325347227470876116
-908637770931705225887.590352936526058029019440415251746211198577895210039998964801624919382184190464572098938521019904834536628417270236614360131279362426683835946166563284632953193521023711185147641232483491767487118122660019688387161368264853309323172129632090426175975440597994074187318581367684514249307933
550428406002039737256.281786418246449705762050234469513365768103299687744396156852104060630251624699764979369215818461898207213898886014295016574393046280045574860987352017913439971004578101027517677620292524640503231227373522101395862843826453471190973207685378539537172617512014406000508445790353232769269717
-470657068192331843658.715115649831626806656701151893480311378855872135874933962987330303875610698304515861303847440640331813007049113466959774365910071281038694919410308878386457551618428784078289299503084021903984758486900238828133919120393485461515411040816838690572689505505367391593978597265967167151096929
452113005577290342265.866612081772320168710670466064112190428987587114036096565848629446722199647144172294616413450461610013332249977621877968740238387340784488596995517415240086416015137643984145330667435066913103433002854612060567582227024540523625728255816837538667091420343442279677430104477205046747781073
-471344094243599900807.155842530626320089687348722614465647329479059208789032697898505499454196620620438222994501144258683694336448145243579852422205578794644284873989770464899640450043678742224910252744683072666566413827860211637843296248448401041312698847097022008049290693751726223757041259870534553236669776
515928293406345361547.903458851221747539329081938323182759279602432439783155703823836186928918432480108255561114152640880033264953405669445266767983556478307934538753656218744796424957463395056274607847083645171358298999312112479654251014447338823824239605248653857621259874991841112049835244582723175223770776
-592135650634118164277.65354022683091904273668097670702845474074181022589496371046881745743605752631376782469413742123391783496535447797759183043753339733082516950702985597824064253203279849524122778681711694455626058081670342188190206253835107094967592581536772457277245534841810063453849245187410269086426712
698364662543629543906.324133607126156056228512797940549221832006022913728488171593378899811923266267655815105329200048498263849421942121460862201585693690313819811616597041583534993373935105074147902699866225759826076365885277684706590528217883941172255296457302065194295305451196471291864700736924268373337691
-846318167383767211828.269715893106915575914189682998282685953138433810570032656172680574089761504401598322997034338285483388998664004900822644983467937891007377194599585639938863527902725504517202212446576009006330050773719052450528503503210035752525395874828382599866227123920718317778763369332690635021429432
1036026528490397508541.87875342964395265452986382648084786780563362605725676046583431722541030518893184410639867026664260226096699407703348718610278954365062515601043524372555110476014821746800300573953086371798305014519704184311055044694203228194651307161601223380209600884417078106883931892112262864818532214
-1266966916948899299081.29040574756716927091821097862709030960856461612433294649797220785791488144717686310382469194768370777927203395123231145380147751306944629702196951079994056613209912766083742009556454614627803329840667816711007565902549015755343049734268705484412488288979800457841003975880106862378622959
1534151445201224086475.90597086872527211027566940220732018176318378594718593517714811269666415104663817026859662169003615858476533005707911908028803435410039674976115492233951761248579349560947390298053567200410556479468857929713802541837787203191147064229599475849521128396346001547844774454446954446757537347
-1773473813030468822183.09104432307528646910825829349782653196277116388417655803783955466264009088558120491467884932366917169171702767246326324121780692955845767107602362207881538385947699660137457759075736843750761736715737894039738168768219355063056797861670176537783104454338253270365293135509748333688292031
1960873525217697292159.78874321286060860945495279755572300547121104890039462245047076321967741674167060259631274240901762660068087365621834742909817024931963100226067194824544249356025136322363231590203827751131390833719981069253790684122116255368036596842525035961817431816188159364352372782164303156210463714
-1913277762800924931633.69968273312337742224937463061239260301914421357538381951948819405887222761308153492377226851714503301882654505894935019843832169600646438304847723716022637594313611486098188247309483860376175584792773706114169383624110158077045722596871314898416054497181166599994078825931679357589328073
1636847143238929112471.31583506047340475248247698438755337293484450859541483050268069664699810710285354349841398016860118199324740871962945185253002166773188998416784420724817631250120766272581500906957251877304962728164925784600085123377038487689889254420078776937670175129522277003199232990485248295474880147
-1028703559391073036183.63439713423259220710007922410100905182664031971524646470727121672715631300206653437941487824174653263568132684180857670303108653569799997703090398815568858274053029437196904825191366118128100461426066279063795637812690606308731391224253723607545221066114938395407284559163403288531120395
407370086007754730328.319260686141135592402202285045961962501903318914174715769943558333517539214582845729574688597009895583340568457556236884391032811334315302728942972214370536619998023480029168608922942182190627887388244823912189629270062724172409811963861818250123864483481692499828145375537093996912360605
