19 1
2.25653875795360345363807173667854833257815326226494802232884677771848815675277776434213102467142386931194583939667492528862642387483454322771033046127324483949615423059471279985848151755793154598586275868342793961379034475147513850509420756473258966627426388345362023807366864282846689707696390502123252737152e-15
-3.41690337667814093895607077966498190360727206594920178627362104124271472953907937791945883722365752877972409368296580090443441687516209361382060623724439056371957031884098404129383304701442761374297751443006707870370974113570350820568869948623487522439273103646175675776771528556448793943485034591529599274411e-15
2.08907064533201341557046535770829987409449476958501722860928465495589575470210197504272316574506854736122978019624840252050312042473412520983749310425800298024665271042463200787122787743648597899986167371831501699743441024604496631139411341719502300536491549540583630511163840510246977497450092793633576502829e-15
-1.78469777453364297634317192244736456432040033692050247320299339011402291382386687874722078790433710684870306593083588838776461232880728267935934193421658310266180836821072215319431940066593825015824428118701630799124059093361066437635657841104084716000744123176802016848873296685827647303237090716500515897224e-15
1.71304320574255790242223564197559071431528034911139527235787200153603497461253035228156093318511742924682689352227341743079801937701802476266728503988720639314083842887109132790273616399122153187974336624188743262540264163468536402646259937072256781012523260087251607691391811521259714414706876900303865913419e-15
-1.76781950121234987798748638238541594358483887753215335774895336158965585468476948380304188733495731011078037447188670749424112890599294127035314462175673003638787285019620913154543321569222794057364059275385693352308850191330102688012886527290330848945877638250843128685303757341433220118946504382769273802689e-15
1.92443866139743973861849127814844638488260520611099445511965165280160557344878830992805060321208799066419431173909359189936079118431171474609759524606031622048206953999626692371882652374598397286922744256968109664388238006742472375766601860086737895210702295431063315020200854132436736005146263584840029686411e-15
-2.18356657153761581497596347173147923784436378033422018162459674757752174708103793744430225203561761573465928879915530786801206185518067448622437257767286452334093363503776135727806838543371014055164932648492191346020238667971179301080967074064492120360295191162015543431735439447943061088207941733624263518054e-15
2.55728025906379174830713402320101572305931423648317073465973445167629324487186553909315291241909870247407148789604869846421880168966193529584494773986629067469904036172038436181078869794788149505513108015586413976028490281890243616580106897053300229443352164111866520105817887090076643346691786072944366373868e-15
-3.061872501413830390000697576004184324529686512943600716411499464813944337425253471749495326841510447370709201619735896707810112394500759219880844217868325629311601549989741351518017941799964540179917538373047519057467723482400871618289046527921789500482487046941608669701132124987046494993103323022000141942e-15
3.70879999050705709439268234789892368794562225596163148477890576318745017480946530858507367914091311337461131972792586483944577054870237213034344969514612503806227547792004486392567286780474533782678464523224948709135817738388820751346813792395115247651398916713074734387814101570949037762293922895150941174387e-15
-4.48875370842129361855026489269462801743820752188967888203100356006357262779680977470975009798138497421693935338805200096370851981898064176004419846121932747255999974486371596420908508878076706251909740568897535991269011838929639621848536474868991857185631790078647278833575146901550288464019297403982661491038e-15
5.34494432888418230818243033997610283025226635524862523512462927351388557935869820923289881429131281667153668252080818536739577584834112855584329056148228592879888172115002245158398013388112615151106726691790229731829609202981833824263573178770145786012668829054667009428869549633499207276012673435894692011294e-15
-6.13644428086975526890066497335424465301196246461566411572803744393229043514616065413224411332008801541589681394515597862594341515985105194423244150180042629878813247828753568320285882327042233683037950313049493976283005064801047572025955561069822848209280980591278442624825575333969101068384043326884708229221e-15
6.60750637344687085074005770981986069277987155601167954042995380844780005909642970546755334710458920352189464485276955228689130476505297842634293045937028328363741657153874022011920382714638821920704439886430087749645737966288479611118543189381983224456379738738876498376062894827534171137939429664658749704789e-15
-6.40950321695781188601896821159621237200202296354252987140524275572250633853091807831413514656637425287263455569091582921353318184032969685871334321654872866689375500534208790744654573394680313807585014397148880640889146685017834251709089988454335131407206678182388075287450451114638133027348319006362230939663e-15
5.25420671970673077566693042310081767323192700865664272133218260861220620414335196357599663720596439335437404872487653111807293244509555476085523569987367655945958146803635641376372051298980530474544800484625995783438898134065439823567403281225983091460167782854192189653385451446954629893041523842339064447425e-15
-3.237399763607426958690228513661756165907642150388346768495801339816741014634377073197511592507618931963182091328752598247747371853343307488119493645458483831301694475531741834907968698695819675720443676459782479429467389078112978784843115956325913599713191188236133762984779130154379757148952071588313181596e-15
1.12516359433097285003452091905436277678793389904387700495125415153005670889171346565273854334135263649450181872434120586930395916790572066145485616424229628181038936624812387410704421054055856659772900739443353748865205420333510756612560313212787825914226218378761460692407650130547353335136474506884200042176e-15
