19 1
610325892549426011002.916384487835349636415692942422016535770690462143822540862105471501727135172393705485006585637980665191116102873127101407802686157266702410808967451606773591302571778003214574280047670172789023003853250167229883328230817701447508662245905823642371860398596314117140932658173002161110740176
-918298838820317806111.381159275274190878847080219229226264608720648535904411302603896551596653046995938402391026991976752719127347018641554975305269758286482382086380568803545225341297409508955019613552422070367547884168036339902508129787984109801023189648245915107284078153097024796276359943902139561532458816
555311637435053394736.949099264169186587088221035141790543187520704505321590698556106661624641429831490717674644877106697548921466685988709589508913045365283277755147277738540800466653968873185849423221509389511586623091165639728329307799444324294360764793046760924487936543837666723809254546045648655899971796
-475987640391020897044.475851221640812137184802214979115927412545997430778115579172184897100775878877813530670350166677130582671403823266037309387376868058725273674558920806048396808272464771386662499889561554345866416703731510245006434266087632236676946180650896598236405943432022975959692517394250501833906591
455911136675039808319.852403163673987369909015012738594597441482230820517062543342285486343856079470905466524611971030788739224639818955577068359145844852356780747955493167716069747469185432151815101956080368521911970950761001307859296386837020806569234509380266844337571285751764223305413249308555620834073536
-476371528370732520061.996172993847706033960974788583814348928253740898705432483274556768984349276648287004953501602970437714241308530449396601829664284841809311846700587781914040476835919451416544792791762579112010785162224356821766343271385451118581522797060585799172303140920982123078983724620580382893808225
520556748580414082717.066106434186921390389527903897472398821119646173232295673696362744902007063037019099706764687434657135307476106627617877321193565783574133124377441188030111889491644277595184277744891914317350722040174018325583389055158588722779869320438987529430685787416854758913893535343977838586201764
-598011436363852683755.772609238906340892050948693040596249508986326730955054428069868336855663307711312144913052862732514982211602736345403578445810889130234876833393880319444441110116593708877918356237755740052424736649189447667751976859561754175167085386116981506144948625045114711787864491652002305675326823
704616720608656984746.557819589536562138012929979349824523702693973765248858810931805328038032892797416806559543558147126978746603921109336603782444276729851622032556748238044165346112134649533580377548940741609074977868495701098457561262452583177653479986556765383155295904576854743272616295475745364683010956
-854348091720009147435.786256276610376812397921483949642672831400149982621414500454988585289488507276172333476993879724170967783017847902897094386201410357283267552115026305615137957923940806427558700035984385096672104255463001566178379480697943198295428403457378351489342736455446646103670607171182504426608314
1045250154459180116476.44299065675921088755000772667559721429352365700687830981092360231483008705083025028097392231454900137306720478047092559372293959322004021159676594910586046580883185247183402578840910691167824243713493132612324019112239559347971173246617118857290647841221209380447904130417392605975684868
-1278760822296333761547.0210191622423814310988096271594607198406684780176008510813577499032127147925303959617613495790312834697199300507071410381399005708953104745673092723143464370851339900909766432300951136237283479891410590281084905823445570962269521928417137399837627084224995207928924609457233995384822362
1547733319119200728680.61654903935439781767055762330737539280305147664631210521672460733415639278260566298113185992549031964594926681175806400371282823222984487299498165055942334996805565063627193206702857121146656477664905556093588375015745673917847490770047933531639770058730380086491421734335378048935822876
-1789807031403858032081.01739432867343933851038904054703364240978746346722159266745122210549135409943200020663480085118503355085158147176950058886021734009711400683035681437994838219854537065929326404340946823927026999932100462593697184101880087009633473272604102895128571673446959510379193190162882063627328271
1978335388356656265922.72261626437069544401716661699768367964915810924838099182794746361632061820994104674981246035609500464774267450936338529189925541852703726983806296924955270826756392187174271836180482502210163907123997154087248918451040192812922461556800228775794734800889582140721029098701559902150002111
-1930552896531962113991.29793337714121126041055260477877278379475069494907362900992035524921535232564921176659509027533452636878060040938147493344414911488276605634843489475992855842409244023342006116157086584470470126513250015045776614594964428140602158378364613456636580176841605878477280590524785815538227421
1651153657907568319045.66641283910986202261038976010327067588291187118747402328111152201109508897352585266520977689591581440695968075365672061060851316007931441871706621033825667959534706360327483251142115199058164211935320014307481252264577360845792839745925429748101245966802169391392991768424656559771286131
-1037588997064153938288.78935144254979920065033482050773397016540342887043585686418394970292644569877117696638801554493844317588381214615978820680489849770370038656594066730288164136502382189504919985430764654233798073651044710548470138499059225674858787137245345529956556600838121781732578494440494433633720198
410520425418875910287.788497047097393855073790907318190976856549510745225831736959058506649376962522958417187030820561671196429676366308973254326110250460031534505593943650758395289486981804978580890598711100029306830916664221856001065883826961281629833833828077384750174058610723976854379618501528100324247465
