19 1
2.26502095792866824065047489866604973232785032166990015742683038213785421208468621062728089580694456355760238999994100061602999937280645292894905291904651865183496837518868552801445262712626984194075377541873559897196578817668256963183409377304875163264216001558780525062449189108408720126107955643896611781086e-15
-3.42974722425706605908402931347985618887729002158886493209051182625622396371739990839348453388589728845441357693432695944856772088490090172892384721920875207364415708101019552082777855246696961041011806247722852243771608435401965112078071482627325472719846149733838501372222313306791739557060915478485706992717e-15
2.09692298807138428398758628498440903014762508138639438162516130997705780126083472894555677428645639820123820445150064586486014932255640646950402393866852412899370671086015576713033454114111314259711194428237110906218349497771756922498743564694398392795551559104327705593269849025408159473808311186984013676391e-15
-1.79140559479707614414790183633027136845733559101639044780232629215050110363925053705653190261738918399276274653203199454457006071747745954417988740811264966650425894869171276155254409645168274540941654951093340176117188751406810690415915416349374207017532431894912241788615442128704145569679358154366159800574e-15
1.71948108164142000171875099856749023061812310524619515681973330687503237744363262241332474003600206305172784930188328538731183969869888342119814233263485124000283314798978720939843433262155442027247509568260444793624549476131009478556394362297032677014250901755523726399829354536531708772292664184386099666639e-15
-1.77446238542308350218512848099137642746659332458550460898173492698115649229781532233521610649396136124768050265369419714241068752773076424413270155636110801199512012896406003621721480863752731846806433713181918152751450551846692254327249572395685812682302287368589847483554415277352108524980399378289659033532e-15
1.93166892673947298067418428736141247181357842157056615863798528773846687131498262190933999834987295252598804845557230329661350598242037269126612995917540774660082549173217374368893558417690769520688446283672302510708215612973816855564388149076570709480187818862598496099657937612528530002200548562418307848107e-15
-2.19176885763293734756792597963032453561247529224544288311676912246136694141383202551675584133193789306837154678197734480447341400949550622382476377948544939659848529953062006352413739115551719202014691565610810866244758973967690639516633404959024145738584296250042977346378619172426710316574732237023787800864e-15
2.5668842561445092815025857527572508785915024084320810264511240065079472574663254360019713411091650128986918970012429295525681521974646616417660661136182274130284614811927768497672109278199233385474412252929166195620289157596930031602513570930648487495832087585704805441833043793654851167671802511613220695139e-15
-3.07336866416631472334562904800802640354113122193471082389000888165118378800497871113029840518439483618508010504050182120294978287562880813466343478070677679721835005028740109314676374472550577086456860615746659498533304623866916023369970358746679242682763736710325837357694411953618393391204392329605254930966e-15
3.72272123943837114801463551189370968781044005043779592900214412580984268582797478233578022410762048292390340391674095764260352226586918512762939441341834034715260653016627824586540860197640142548129235122059980889534546372169214779423112663221968886978672193173702590867376953525634321141573378693134018357093e-15
-4.50559736623031255663698828800002279025812328482366808839616281028514594648082962842085049067095917956331406097722646470643478567338287165842239764652654769887536985167693288395683078184364119007670712367499016946229771413795031999120663516501230461297361474170565763084063318875973864753536694182867951003639e-15
5.36499396570932950561843360326214534911102471683284853824166547998617565847194597870976419093009941980237278184345950019496922854562822861407597711449362461786641008083023734021696465917036918832316474712314374267373208243135798184514930741041898806985523016442138923464564019001951445943135382202758242540292e-15
-6.15945444075530432815629080106869634498275231666307656961180781551297354475784308335855327115772290395409311942268178331558628469911579458094185033844602331640412584986440591281851640352520562474619956535722023054451354947951498260810595803171387130947652626025295034977415371948031670468305821625552170473095e-15
6.63227299420668399816034694275624311401481361348136218331822246450593454858108506201144418515111663242725277935886322992984379128977075758043557471714290289983482521097544531939671372857783461042042425835999393592940487748960779947744952054274687231330909977641264122369949589423315151843516339655664745644846e-15
-6.43351733483751116457213748429087353044900897038681592808856878936545074896506879989190045496847855645069340176194360193802129626371817556415086405860143520866339611614942060816598358685279784849880229097584100189886134047833656494962653936176847011963610779564148629454406443101768688658438736585996530753716e-15
5.27388328484678668188008899644360105024326823070668316244695355238911365560105025162075939498421053827303553466484607990504042122193733121993215404055545806624786323730049517786783345782950351845399572810397268925926388748528855997350851480378352610263092035148588011257257533356003470108307281963580812130847e-15
-3.24951759930504312647021070147900720423879168950241176282513734839589142782641427729599599292089504595964076038200893709467364717990907306602889271140955840250981961394368213716711292660584827663403287180808365625192580510843482653012027553109905135097895384247282639988113580811010006158576570948138885119957e-15
1.12937297016387184924115460892882362966810231739317477147382273402109607298733873672512804741718357371428090151415043738689139216302535969236205180734471891659440429424186674674853366348309663819711187760804444020957904125028445522612507598281510145765657938380906336332591105946782911246622399088253977885502e-15
