19 1
602086573019821904218.287118682259652892838251202407879922727943290512950817768119551346396492911722135422504844243563981351275409309548878467899559392065421965799855694311946385229866880647937782019596414169444352498690757702667766485610650692578589837613528646985878401625346849570123504367763663452130616627
-905331899392903075189.385904104005708696160327181134671532825029456872155634447176456744976569204501259075340011841560137855319436484928550649380768030718267810250142844755772159772057800117554022666653687819662624003063488863668242477901474465735345484209310553514673620354529755216099030333931971565652586864
548813169779029082734.774435824990073071994248341163474279872340846787098642020933468186013747456911411884651470328067571269367717013626225872698569766443061491680567097709721323854610996369555184610639284171236515507637752469731810971380993786006883304846508066746906579059502821284311626643795579859652876442
-468832627922996724861.158036386526802173059196157233625341828786855397281142060106329084163796129556308069534880285931882168209525235800572065371287178971737533505734735656378602601314262534492322382112637505701520629223176800668417044633397620964030301434792057306412562279488935783287268107035573021384968866
450832929991444982575.685693993468939026012749957745509768521077254329256376432404914666572125120877154963039658647544516726590882383850882183050039624599872324571979357159808669191814273489436548578331443525124040673974212799353071476417604868983176255626190376940911500192172480761890870802199522914533493696
-469647662661699181420.623238106828003333220971916424603018649213630070719844258789543758435137213898832067941565268650969007155380996923602191058778847669602137962834872374653200305415414127921860662124053255487993705581176199152858360991318533251573605760913067741542991359227177531260811068296126544951509765
514371713403965559398.837939920574398784627015008589199325941432699693581305417602804764836801385565234091720961852860999989997728027899937859962166992208488825947672649239560770735947525279343242045882999693075644446815982904263185563374100108228313114078704974337847518493840686049517850599106576086685640176
-590162131522215358821.805629321830219065311147075105501101624683135862982060693692063464984687216710311628011520939365513361712416479339415981516262108390065054069238221681080588988921469665295484983983192935484561997023978514235570961344112763575249507979869156445963619189756019978233195458846392885155830234
696267394952418896044.56793080944458497055426930959285262401763105956220264942043565683696059135665315355200655843485176655669685445037837245207493965409173043011176837527655164797314382944730728670245092674124303689299310787211629525954048939843737942114735677031917759471442124729997256400222276005764049429
-843630571886624328775.572509818102879556883904758695999706095134250708004073410839943186273210226171970285929847352130160317227919047430903541724392402213640616554924800932414084563390710215559404285695908694143658697559990829526517989039168069680143452122052523927659654608309414424048831022626691662873179637
1032932905640840017062.73500610716637184758603870657934565158752322310239158527926373016905529723237973105122899033891069484148932202981741088718528987470879175214048275486840115097814441618877075014361157976139969791618437675093992900248308890050360447673865961972817389391464132010498965982057891939478477454
-1263028669952843785670.64417011096717716713076022543933148399871139802429134794311983743225510102510796606495318990790349366314374101571485233497296377206910569119670593607935179048579901356636536987543745491052281602671735881944670143625006441072217173390902101828445909885275529728224113193237563250883760693
1529601034965126068210.22136343665552207831735039693036979099250650936959488013024767872401775362923155930723760768613451144103911440476717445204998129890567358554449917210593877574405331258961658342415644434470755860376361460461241151769084992022324874038683155337924348029609288358354222786926366609516803975
-1768028109261231937694.77310844775667016507126712122600936352135805368820483290350453903474359646301471765369154225559511524103599298124112834232180621055225373932196306141863296086417651638636352017195789333958210718645889867366298659198315094409776617687876883934788768844306824335906995819485450046975464152
1955042753846193514702.3605026969056022408565366048804149754238813437656235724416818224862609517983402867263964182891935020141213654566556379839290120395389146591486692127471401473381833427323600459632224296325884618468567776958972427445556768978947936364521904406487423622013453349189717955428902451915408008
-1907520457629977923330.16476910768990861131333933244857048096102272647589353346750883355642807864963885645759658276884780397795604673197960795683065062868251045180342798818329554086458342595636266005892319815050839543500821068574965245404880557704661444727721535692732859784771635097367950740200219299963731247
1632082273282967724472.47200934325797277948284881263105373551870097625112572289781256843835974609490271664549046784246910258594707820066093437930392183966501620195267858981477844165637321288169680991790393254549954815187592424479818504724602447543989250016694412099913692737977444436660956314839230207453584158
-1025745889377787803560.65551620492296631739749122955795597173599556278634619065581903884526489213285392184745417189759589497459317796376599138352101363126172249209943013700960575604079207464344248106765735840567003696864714074145202446223732974423333502590136276062469371836132470296133065275939926144525854536
406322995136378941970.630855142205858870167590236806574558537681619806946884041340588869056232513796604249705115637228683086842086405364102542189338560205411759870022710896151958426014299801510823429536152414979843435082204952900979655470080214318296325129546707256773163004118476621093065333684792623555408552
