19 1
601303801051226627154.832022670003670030195841100225442848313267507055009174976785916705408301118969304471113139950560130819338256375443752720142958954457446690615103818595356518007787334146689625981378144431839318990842927928237985058265825944485833501462924816769222164429728552253094798872295619369024025104
-904096907434647390234.593054184745946278799198035855765523032943276091880668022238408627150851209352884410153134617636841275319059163896708309188883405300916391773658775122826712450655738618521610433086995080428585885161038687621866436976605819108450176269129596042021181603930798979495985155677401294955936403
548219392619835527031.84028118336315970569289070506558175236223182364260744735005768996190361383822567951009183116882026430151573319754140700706378727373732989366585852416253184607354829231347707147416447256612418849008596623199882881178602677261893945039225216798137583887099439407250564927600277112283469892
-468150181738201202989.23515117909084173625078567316156110486537375730478305916295201773533067117728489103624672035423913216759475006568410691533475088209089315457875175280883636543831028684980267363161352190860823452302271007483873008671792357567882176424877085265921106782000088884544525829972940834216903413
450360134159166800486.41703265887980040627272449100689608537254553418981708169386775897555842599892171313742959171636665810103165982554857876571048967045529537056661062609041819650116436724266696396972977610038361989940030080692476919566869523546783684115253666573776998873465401761064027036764874371422895884
-469016731252236264015.55910519234346511405346908019111343384629766675326573405768840514227997813762002316777847815633527606836301493081830746709107001601752550025696250107103784448559541337934423757782249860184591753863984263274507188258535234463910462344198958916596398405906797708753020873793387713007314049
513794727060255180219.963323559189413113268925414021039413479789270340230461575606603303517259034761471362259156205931444245650359814178275935320597613015027346604147634342744742592668303586601037376294362518594856762969372590438207178220000746613343467835097535855852344935486280573707432218186042501596078506
-589430022618879976494.384848374354691437188991540659676646878513842661103725413055680754233619260090881631715655637105688927031959214382245252343845160745219375024535744949905445946249815040330681171197559889308821375702362955139693732664033943496367133785408191650460163666862418916680498188044178230366048815
695489813564604039666.654665634537493929779945425950153490046462845357742489056485564442744221761745152225079466183462412026082665845740717149917095531243753041121076559692045258550573415433659315543478788689312810809798463972995580471921254008271643662300843615989505806330607836290091202474699838257241580718
-842634803131860141177.354300408389914148032206551118955520805509782425535168618156858374870668419571070028152980010661750153490676449690173641912514521452173256541689302138785490000277195018567900468346627315093026582652203150995920221395192022239277789115255734394319831552474210330651439557412080751404531168
1031785786255954631767.73495317434646500798295136976939272751569151977188162938437970576250753508732180509224216622328433429311502513821177830435028705399804599934625911851417637208746491710321369019354046194751399455210574204538988598291302851801508918944027665394339262849245706609346047081876709559186043837
-1261570579940419908902.6357662307851655821933726639235367641567615251913943638919635875216338235725802623122304923589047380302766867766672883461293874786628548883504983421417110283485444796371394191828443678164053212054301288707606654801216344499775753381904856953091408239980687365989781329938580830865987328
1527914273661994120052.5532441087418081245724176734243328193164539212360423347838292207842229451512739989492524958228999754078368272851475056380218222330760855046243568548203734247872445232610993961203133615196864397523382402066640822102007402232578904377962423624500359924075831179347819075416692824057328392
-1766012787709016082691.95458274728898589375147931345388655289693784881469148737371159987644907025715606351452774997071059666023963472781215251173074376661151143008731420909386119388734102076550175735708562403509000872393947166371694079877305054668426253540414236084281939252153983441416674859498006343897140886
1952883743658507099453.8167689503159613163471666041900491935090984828055855021716428173151303522775278979251404529824277723384007282624642704397357447369246211873894378170707155264533134177775769603695280224365595269533637617635302102961146087081749751303294078037792954620994308458691584742281648860047662117
-1905390017303592388532.9390586024507057916552571714312575863367339746567761652467524455567001601890618670810909853214939525884581004139134959543687684231544008743044450409179506676674343460967657157467269958500362229378725599530524674228764427270292358795907497324747831915626158680764776303429455687804909555
1630319399218679097549.20055751548580005025884190202799613188062601443191679176399805907683425782118930196118789289513231588946793650576400704651818162714371045711719779989486184138614871143040959407823328927998503869933203125333657107333513103123174854817883010366450942221478700194126492080656689167656209168
-1024651823837620589147.60445172606561949903574174635359853299031216854626687080273757836174467508482085852365408105012160352904871134847559086665048309761211733888833589377954285908325208171389555443017325745642776627827318794378814828098666865921900991056552930768803943228286238458143656097843296813086401127
405935846182038253692.049473344001932681210729882808254404267423052767696026907139414741918100783125763923394084886733092911840359428021892495832268759723342554726277936388286172489225148990614004769293194223521628116680889984690120888640426826246931947730033855721402268550473832026797866689578101558189588141
