19 1
601933358916460481624.649087195639774264185112825985643018209506753943699063390974016352126721410173955113036481485120601534247181018838826428897605280541014568181814230365564925538760294705293653339258401771514085784522932888826713690563575464091195530467169263356809941964653277988442912260209171034056949972
-905090214862306705655.330069400405603303024794498641379255250222009845964566774689224639345588882970752353764819569649852511353344154016673478391500346037492779566324325033427129825242425991668759014729231850912353486189699264724012753367235854407768463180182877936175908190884359811252445626908650134833460081
548696534394111181765.292528136452395164976059621353152258433152902709038101825541934578511389271343381878235882081623682925929428785398342496149239524146007864841116767860789357263170750877644529776478052671917384627260196971394866565541950821363404072221931386319786252107022877524776025145755112382036138474
-468699119448915103756.646070435049605690356575472799933479069552182887083700934669322257495927182315788346961632630781630249469089495479824885600118301155979195300072779653172126373344915545072545061916474543511551840225626478197621267710899317995260634041388325002972791761163583624076436585539207942142418096
450740153279549113136.299747720113804642371104607461518063708024813136727778942317367638723878749630837472182553487946262911265057094311436199569934901931874490759460023858154184150167373748708865379791129688169217928711703269483789597906419703252777902746390911069986514935368019596473591234336885397151000904
-469524070746600290496.988899840618638702050714677459941174161234433123751686723998693441709008118118176803321098785503686557331154381722446352177237036547408059281562498396173256480920807154544206958470995004320509439929083486125564663209581347990514342914437147001124535158524390862296030253150449909613730001
514258599112394143429.043657154759757572541332873717465937330942976263274113478245829883737032434662997231190749926604822747447718931611272793727436227708600990458631342934497242747105652842062067133145816265750411734544718495009455712778733295959041732662080537767850630220218500258529854934399116230459172626
-590018634286289387960.962554801019138020398143816794362598685694048506088729837018796204194357606555350765688717088605519127007450838510981955228569773771289949488411163876577123375372216109751534684259860779847145688796270082525926085670017997295626565992703582112278931434147346504238566082148715011448055891
696114967501190530650.469238604382062205018268875061434997185443953825145358597220945075744844966068784813377913724226497903668727459106944097098249330962303871711947014948724871040217173174110120093014028199472234663254183067488054942694604465990304107371941792814995035653981131933761183105625209438393843558
-843435342595600678116.316719708470814537548030814616153834809372551336620536336766108349636906317812492166761712264779989358337986828320092378228371121457398800095658095133279465849830745098753229256376761261572352254144014603608902631996077946846748739900673287276730689991480494086931054196758724116360629235
1032708044457963050355.20557658853309949001198490751612375530337203649074764553350550157744221602495499440693502819773219232795090205613958637682127210534320495489492183368334244357253597893022398946819585573056738698213993471675259952227008093306323130850679573015451813447272135746659301152640429484177772617
-1262742753889288650800.99922978794378059947764475256697007832513182585559415026480425150625679203696417175927169722301695316333798135159167500927481790836477840115378377898970968720377473429297524126431826638883125953751972275992310155986993795789513651212514719698551966658291799848149305392373796089593399031
1529270368119679072179.93119380748769210746687985364479056912619009116392497533469477676848183592320064933978400054910213305284833582664938526579481697430415826523419468438830303993482931308604364369713170412418959602482663139924762692227809577519796978389808639513978235911287292925127638116182843902779181806
-1767632888887783234530.82796583177545618045124930576134550944223661369914718735323317628409024094275697990715415392870482404033825909087705078850184112309728700064710336119702607629164603056896351290484652124581723880061829757388115041823023769366138862904729544300606936142106430698807085170237375593427450662
1954619406873057256105.34571681763816572917593075491623661174270367168550518283021983807081313369200720355087861467213171550199123822533359159355481794962906009897647389361628972936586953522148316220834536453085822164996057025204037728298400115181295625320028065331593427205930475713282485420221532573868922775
-1907102653747083127844.48942256105038888951048537439628651467922206081848996946384019397275696432726447125171803198645627703079509274314998946962749638809067600411884422978367619503641744911644228164949522230395040339716668737982009892535445327040311916933885566476776599030604969164537311666829530816790410221
1631736539744438676545.08208376752829883359241972471788701464187123137796591584471225599509690805284113549211799214091455923368983375124131202882706430312025267146404544652948064065281037823644346255713824644330855063259414481107510876759561367440107602227987928612452373752101778754182862908012275042763453847
-1025531313832919702282.00986187888527085200906400405062791750572991186302395906599559477708870414383125489045654578545961176188920056720686585878272527710931379691195951291762900590864683732282757680417976366137885684135738950439017375501179298436775423132168001052824732526963063833880305223882437822665829335
406247057261044080651.477520048184807960158716762914505038046204366329978666045360287722090238674122507490602287531189774402176834536362301229813938757904726758119311867540067799416416016881043841711233610530318200243529244904956035958920171422670163967577568911423982114598288094264984961438350529203441602317
