19 1
2.3045319473452870005211429635541184959324096256260409796923102689915007143993575475616962905949261876119281645963014981885692578208104688297192656938550667057203563976933467431958197273851938151467291630590631791492298001991879204625398721134410943132213111868305824409820369080705224320093407657137925490827e-15
-3.48957524569353223840150944606920858113740217632828814193297899969841923704650172717507158201169727771589229197835401377344477800745338174368328771693465975022625825674182603090011552533089430978996143426170147824552118821383985140018305240771838301844993458409131936629738462063293995778693112579303803888927e-15
2.13350008575560240666665830704058349867625186609085990079725020622235785048891222336288023735029721287681156809147789979932849081966412690476286581886095113998863768686249036778862727432289033250748887827660652905319833593041338362767301303507633028993905140504934060515285128970337170498135590276559920929132e-15
-1.82265144216231458132010316772307937342232951059053923060431178509485551013522632985029349505934008943121638256819077377865868582559231805732397349497630743652010266398639607977531372322557055473522480264334186917816997574020602884207696783235821354415899792348817677792140937886937456279097931482981736161127e-15
1.74946958443768834720868894697918163752195946264296915054894836658028493698762126244823195711364413090288746679782560275642492728882967756600574241382878185761210201284520101538709091725312246090209049113270283273014380184383020780794555161573069701824280217358689769184432143149196159181124752322542963915e-15
-1.80540596541284950288184536742286285973672475519189889236945243833065062591647218098609324927619503544852869805916158296254578493464569518795706768972105957116970780539588819022208412548880801331250181048384212178939050445124289393657061113417028559459720408140936131760571251172823814812058456735337097399503e-15
1.96534878087980535053451313511776562970784031173190095325958741088310861458895163522475705910892630681644275473585954459091005558934430326967132482917064055212190904654690050637327114424305966311705421070356840431286524914438613260397748303856585986263548070943450838523084367562962771668264326878164670257272e-15
-2.2299767754504319864606567795462999470778642056577786201916605220943595407035189547733868427594689662326248167203149216938283228914805930671364121210705339540679618818535139250468943769926182109469610812528551064661835831190443169779459695914021445220581056868106741414960921431401498823171814511545532193718e-15
2.61162192690864766553840818341705777330833256320928957238779107436579321240747349866931717722699898205772371816701184939015167806313222942438151469158336773438705160545089796541427955782781497736589834562099868269076963670680816388276615572251435116404143443868801651091989135357913879290086850824906878290788e-15
-3.12692089256768458697897329867861616296393542535223134638840779225956435631726273385935431768474210515116656797362636235066273937288042389545660299552935051089409523960207424164242817927892063561044935003009257666107880339875872755077868008410880051508113362849677435145332691919817936377241739322517604008542e-15
3.78757072573451520861174773896833515588605443710369703383940069629556418476784445596016080106641478669774585107762090144848005937054925735916469288583777470486935722864695961115179608322294337284370885862512380734236998487463534801399582483997153180494964188976298672769337188983111441311341861661565793186884e-15
-4.58406107859477570651905839982315321220786277366743324284235816239828902133032857415898116430112887440028866753073753045827726458604342521400592805947285023913147791565867248550171285349502191124379781658074966635701094577300442153291614293858367869791263619513168322396999454968908700392776775678262704402081e-15
5.4583932309721277891512330463675910529397634650203046686376665719911930036058746005873440839897992444007991732152438925852770368962239186012358989451434725855873041035850875697832965494115703438840360419681325386367039989528337006297866857545541696995032225258966879426573082568470882293991285553841560846105e-15
-6.26664622512246939850170010466559064663398216721861954249723318824414855509918422384387939389012104133903010487316838695108555606420527258393158884727431469876466438510153788105380031538313573123078026043775863475348656682568251590623338982025581739743545693773553966190433815838851124531648432302800981422857e-15
6.74764858605008902209125327621164201746576366149465781179923118361115967842529126937921929530748285981588096890890399654806575087444081707340170515507119660394971643600607411969221633356110899668714361387938424042047695947455244991388364758763730187860588729227245036790826465718422262951684445944128856225435e-15
-6.54538886044176714902256255465828404349922264358188202063472548594554804833939183544770891724317219910121008835237135493991823305217363279181561541570112411838798856215468350179603185260943493578839227236195391899028657668927954272319831047632208183211233657916585118026454743694374696694251583772828785202657e-15
5.36554930114951429065158476816869960258752822963132412340192768597997691249554224752020690505101468191878637618899370812830410497193607078635607270672541206425130340453430734084142344013748018220066655168244774607617187829872198658324239899456737182256201213148527557786736804073469551400124881947241297875647e-15
-3.30597107595032752429555350005057142323190052075995537061043993264462771740589879109336502144333023141133958721396630258024136016435755897543156185469712830787283923937668028727251252228247069143797935200679474075835415617525601158206305069126395588126794933147502080558495074746821934057427817830328237221709e-15
1.14898354466798240458150241724834430070145941306127369810416642099708787903241569557799497365070528218789904075227083367202131592794429213400854083588051648001000761096845559862767481489066104178968172324965251445275790091721468503502567642516436865616013995742618566052600751070806127284356372385888470480968e-15
