19 1
2.29869051436677449773888917556730522968504493193548189910997962535266592656894819450731949586537241056975160012058277504841793875518680907207957667696920878399071948873941072999428704104230642071359129485558682761740479348715372766349026646186236595396856249156486214565140083511534521741517910577383513100286e-15
-3.48073008065593924541387016082362426872831553672313536789197175996269462871727141695962447718027349286115410246616616289727137279493531006607704051787026453168869472573316112965059706721163811310634232709143140004885081513193871384924468704064212639216860875013073704116730876212158275125179972327558231698784e-15
2.12809242327376299507535142022442373449077434093357157206794669999055174064844269681059109474275370329400602226043438811094378688485485299599770400965261936340708503222617150934866581179974564713220356908791457691896825285270715702905319673719005822269791982398383729619234161745224260186761471054785987471674e-15
-1.81803198541231154570216297428927619971763062123013186069184319175210860442817155514595874728669955577979409479670288720665596737507623241275755749657625726612250874457283376884590747639969754011512340054732341643086989531598693340811301339351565928309609726878371308490681199465318287650602024409044738650235e-15
1.74503604196705600520978514638548481504919920381704233072713248947940817474385314898417833222810399756656996850876979694855797832480924839533573599901185295108631039217894989804444414005079103390814826764908595407696110117693686319086330840380952034218510928459848954861240809455991632984626595617602861399226e-15
-1.80083125755461003218734237828518916122724178385593949815771158590358632061497321304847085600586181944792737005796816919816011660730854114372873441936715006814498426548630199016070427658430468667766295049577038694239945856048858843021734276304790864967432586396600860867279715207659415973274323577974440165553e-15
1.96036958794691508651218080944474701735061503672471153353062730783142792344981466434979447632228687543812447596693740728793642040719686876002039218060873319487378745689308650610971120369024222794861483348126035062177252453886042866261307963995969935493613389403680609790029438688385954588924135791083879973778e-15
-2.22432822132450701635103744312046202971416552807012057677765701058147908494493079167268246328348498091042994163059809464123376935643493542716687243647723324445703500073464346574136165904830585874289875956705987397970882569659886355277455057670738228705319291115635475032040901755538457985919079884438904897952e-15
2.60500811729362492198666232062651753355793988111380671998491823464178538837760757522032285029774675014246586265598073715971074998195918414461515800486146863673425101418561124803094392376398709231788354681070182187087505564838830951855021867067167447922798914690751842817592537520679778567621695159267101734998e-15
-3.11900409594864852910597403612002401075890095934140454013582122003006486679773581740485262629089549163524792943728097923384392600519970091717653906318738647674556503907390014689948981140112338806923309391179017591126897086635070666833903918522318773440546871743993313084013747155898852349722447022861270586097e-15
3.77798397743366993754068814517021104999841982323705496503088877832425511580801192762164007297700089601185016577042650664644806670355251277269721532526320558717070001401734474521247840652203223087026432101886851961139407951506020509155576357522329632359495757620454007568425166642277277841122623984320546048775e-15
-4.57246194091691385521859360072839264814282057771021543985453134845456141357810775733242093967465809996159846893264770441327220404454295965338610156905710222957998062784257302553340641083265488843349456086627648595707121547383031262448422942613382547433989106706435101913665147574483103113884279115353279755854e-15
5.444586476612575153308635610450232187457735470552537988471480161705938340801995328124911472443114407395620958777711333106383841566489882535583909930294422036968137635921516888634196852230363650518564913678691721726705720704525256682420919457609546307688425494961485400817555315399767082685868611779009671456e-15
-6.25080093682152162675617494170608875977582327665774781438771901555532819545709990403232532483996405657448494007673426497553808964048520775835385077011415509172892179243917234000351010868162231756017503716928841605800104582470877025163836441757124432343754004363967559988751200599605386979291595357127180399257e-15
6.73059395567860968751700826246797975632154765738083534332259087466872808137695305902672628788123555361447509355089339332000669076627048623746875393856484409613704101599355679101563005191424240908344894321250878901933472176221389644651016012169455715745338343009630571739891405835107455551535082895066579935955e-15
-6.52885261648756952816397546570960413668959206160764280594100764487528382901256884300526743976764948826235050263946466192586162668585050468313048200182300834148625107904912390758434682267843701622191169396588764887424379559488641052051130250996135263803642472666809225264097719286831536705268478721632173388309e-15
5.35200009586642078046141714113335574854710317211714110654794933660504914592343825609921800673904875252778981723050429620727369948531464940404158835906954043849623582448789875675645095610748861637829122782234336614182802538114136973899482805764832075624600468742080160185119270958354313008753465963596687448635e-15
-3.29762689862208588308741408241111602004761963598875301067422196143620986217425245044170631274265180206341479403727009627736968395581976549043515433863434355221007698880209828880277960616486491905600085956867173010108252200324820265768929211471834587537672189141876442139282030473292808445171822420564075505555e-15
1.14608506854849197530205340829057504579094001243290945920074899722263328175162566681267572887670343502036638851495054754416870542372295119384504611500526472617563452714359466376910236199422738791664200312315622603970773762561604046630842028466276362656312430854919399393699744069709874281211847340108815821054e-15
