19 1
2.31648620970297832222240900289918581260576496022585801821027385532362499533926012911292271763896129814492378304929886762726469629766493880003086554993575926869860593917489290035919769348084260083413803704957287661120102329040308256950591395204114237708706197887195169335483447895802760129609795045440574963556e-15
-3.50767653718255342918883698680982861010108728752586077769116665754865377257666927697280234846544665599086208712959948382673093295814336569865594252528440251828375139071637153956210428033586634036587028644347060996707705560804160479264652379056135406724841639102715975398701843783192510914215265457722982802597e-15
2.14456669006169212666523119440173803365483510434927840411954367329015583017514542215531426631727499606088471953022348464864270604105971747723977885748917028188316432265080869788593197294990964772309631926181786456952959287444756735383305945530175348469875781099754157262816622208692167933454183956931660725726e-15
-1.83210505558990439872745383042643160168913027124265801342806283294805998213565405535244761419615455741248702879015574860284407672514772154875702052082089063990258098210013257055108453009509131746624132248494018540847919233803765074552116607024159513962420909319186396930453528756732262068138338208410606700542e-15
1.75854279279149971467768301629951672560323668163096450912700095048257816846537549808421175631610465249090321902039646177520529808417723633690387436876720331331765215773695878725988590800576871553931445902426054135946987666953284802449309461498349765804250189883075279525357929159365391947401046566403419871091e-15
-1.81476815433786146762417693884560523575670112241488724080427875515906877606947427460863729054009242225285808403111391798469542151880083181409221914969158989585939746201057713493866376427798265877659974064826089060949925937196262418512348960443945319797629790417557105017706834803567037547497549734082642848941e-15
1.97553886956481538967629014276026138704902440967006629706843207373529658593397317868356045875041180527259696798812255643570282753716653229366503433904715443060920577058722626523695087079426479786337423148826627292404278402269358203537068190035856770464906386231133562465245804266857820761161343983075774962423e-15
-2.24153689238898289576651667063919744233253222458254499797982068056832389736608871594736783492889685071247189965136532088032670998820191384958637217446245168634623644505525201585127595982315585619889396043756645050882634192252901772124922306668078281361142585673886911080674331948192814948859250791396066397856e-15
2.62515771344148937517563473907927501467290449023416921935992640670443735242426813674876164568991983705361257936136489286540362732658910348320791202761162835870341449054122753132644238261098424773855828821170812958310622792918560909195543388959692144275741568918640057600718025897172540248883734206093099675232e-15
-3.14312365720424188365284241969505407385045077638504857956669420644764818067249583129986504263956262403169800084592265741677800992719560675052034360716037813484270950693557390274394614360790909437848388859643565667219342549647677204856477492383679223400076573472125894439769588984588434323948610924908422676647e-15
3.80719166271878580496644683279424323522347997676894923796593785739343738578971430314785520200773700420677045529248258502876121739269423336437757136476069718935681527242472809488196831827447323976232461902733167182943104377926700810974448693996164710259721940129154761060539111560149932375735561067059716042163e-15
-4.60780125056048987729460920323571135763488830637942606289236060747751341347175537024131566188845125913513001469846117868049131193163015776177610601603828987341839742751910337900786622685342759314036777176779069097904008939268949628112316480890526202274186124539989186655348492682248397826898425357626419229729e-15
5.48665246940400656792925976665321015291795659983864336557830337931329973641441581317427890478677960145700337182895820318251404698528228362869688267197992518084831889666918961403517026492503281468619968308999794275124296340364917275656713229220044316300417818021252952299027347878992197102997013587609363545256e-15
-6.29907874260267183397372467423918510003269271299553686660054069235077817752294886080069850818181052938619435095065810114556830807704188119727275562692989703939851610937643980113844847842723001433571659808843412987406134396559910908248659351801706827107993902370773526153524558604789821302738754545909868225913e-15
6.78255742870897911819407195837489050229371145056905320753835858273475265303025951575246390962883101258499859654201080703450732747048293508856858362743680151564528301949244585376588843401789123066025850628614732829843204804613243563528079763047042551561737767058318034700959414689226783891136683210372270087572e-15
-6.57923768575032406277540592702469094601777488502617138109450852491952727518198563025194110592095187095059252600829703142443217662899843293997341469884134510739048413745839604448364575739193242434941558945988406264211862440774955231277621702661006797539139041135754409599443455602313135149876727756762515313107e-15
5.39328474468194227900292488216240345360640711066712277477089147057566725234601588346220745060480647897976588997930944314950601977755685015816633991887719766724768754051857190103580851612689187265446701220991848625080874204846476322862673546987908390783602977327323231601410448808624111803056832797569160026315e-15
-3.32305235363836003954572346633770149362505418914074439202060527744051668644721610576855260294236421499264019708236041419878787944704621560012191744978025531724101357793377639187384035456491944326347945631902027109473164578166592765079624439218277286110273777509391207721815315631709872071343795079125774836114e-15
1.15491721026844639503881577632224279525345975346053739544081572821817010666980370512819707499088249269459620985386925939176568570367025014261599177422957513613087834952214367466860516680008338249156041436068621510760240315822119281350960726584711260488158379502369670789214852224229083982824941975967205414928e-15
