19 1
599702674355166122159.841615695680948433406314339407542943508812751772379292561683824670489231172325935310558930432405372550017262488025004347106562811702365941153426445774302565739548805548803289890171858263993484337432878424882618125870799352518766025196789452306079723125793421161864451929218959848262436179
-901569031553301041449.42465833637030223198070549558763761627393167008383745813360183705480158789927305340224863415314233059687761461148034661108075618187115146427956656186486611294285441859237668148029025164294896075513364932987205895540658392582633429638852888345815672144025406694853999747929273410634186915
547022116947693032295.325468725154163448525436050961104918690365783013546393928064199379066042627491610550482030282974581843267466642345034022517320731426485599010309958037676142364087390522421393230425497792513065262787442271701768953012555138116783096930967662659521739356608002900566863467007605173087438126
-466751283962003864653.60561488203870003261402767786409255754927832913934356836236308088510466845001041759239053889066945703886325253548996004138081635750020109736449824605008398052662148611982287083229364526051760651068892565546427174197461030863158724135947515248931723350938425424736494224557146750802912721
449403093084405654523.071579918942047958273724859175053163406811662001163354426445554258184730940816626812337204261148559950428479900890369969130610749919074075933064926260247373080591248950674529524147285535510810988107979783847222842574208875435121618401218212107000748904376287119961646476417426811061815182
-467730080386945640299.065056533220574934026313410869328643696755504742418588903431533573902199703536882874149630284638103548807140424803465894375217499444166697980983958828941299530685848168648031832173253497622927411154107130057177488975061164011500373601912308351707358600838907681923616681144331323326708824
512621842452276175657.349640397247013873506926861768930066677615628244820234015337333118270508115514016011862724144635007641300427379792326227629431952937091952076912547183109235894892835408818676417925608646594344470991926132152469553739425227914181137666247975424408264376685996015839956640684225460452458054
-587940637720815476067.851073674494726109169470269067588846169901988794783410036343221391916151263901981627201778570419978704405456445728394251448200474415184616445289085275632900011727277667003827914106860633111965213135704454423525718198636949033220385038088199450208681233766620550508871687682868249589294497
693908535915026982276.958666542175368307401219012465389984733357567108298729696243817761747062180192181290370641638946412867977277343643048898801382784664435019583422458530998258683710830527578619579040252204319697138962753690874770429455970866350301819609212396088453803454057230329339486902973028167314857101
-840611146309357643337.902968510126106149314852576870144403455019497313750701478078390688794992470306626968906607174616452419466049263213477688473674373624300211936817027514534432998780036766620669156718508990669074700141473851643385526593936829269223367245045447394253716427964756373119806400447705171448805382
1029452788100286805961.94906870995412271420406582476586466789337419174455335826370273997862049017387170177171269695163864540126190746705882693545283734506530623304694400594461136740829381373153669784770083949485036379933813770187434163922020831399485029284193064395379276002265033771945239624618556220967915676
-1258609111941839438729.05776092358260539509333363405368711336633015583446388308616295918624010065065618117036760761515540577922110170835302996056626563807658126134112244775125349580292477430516994492167056175028333437685446704245140303632572549644083586912158463500367984555565668425980824284921041264797018163
1524484736635803436874.38883088907058585080278716116477041634765091697358741938867276828035780747996492920389596453406259155440198890479462243074231647805802873759211286670734166759553449410572182815183398956044670192991618507642570163797659035253010962266924794998980303425476164866717597755317955951935654116
-1761920982635637732689.78049746336381191899609589534460970594835837468068290669456596713091318988904761922487054618944956117391232177959502172555998162091398087463932295530494406244677537027247881626142862808679043130586639447087430546033667690941041274160652989103292095184637159690715126946844689550369045655
1948498110876097835203.66062293340986133523823767760727335596612929966296822245093410630259754929034647638951822891140764147164030290901458398031713733913080283737038752323981043736086338257506846302074334049771305345797282637904723616285440502761054506029414727709289860185321447370250333949997173909724137983
-1901064768447259792374.1037131883287368410173389478080482833551367585118710125590895801220665619569278453343044590069906954631157445972609772059450595482926847825288595157102562454654767343815957799547581013882406980520573930089322776487096960075540660382962413133918484695731283139672349209269596527926965012
1626740918205189802014.53178318292337794836920611821613966074059611028789240438609492558031551463371281424154376644955472839923125312888929776603795392964806176121851196782896551490956420422222446423712190215581647890713745704876258239435830923763743977213582610132504292211424765386706982876583138183284552197
-1022431289991537212366.01353962784238236711167381552652995884009011029811462590437877544130638677159677626682457210264213079491484979575874516637291776846307692573033357164509429287443227896508116815863489048178338674843989770030781837297672136686987663394528932917205505134391636837621081791712724529546186377
405150381164694911645.879378302015458252677968025650763645359831035431132802737519545712926240472406415208084235527748215441066313661482766916267734751695061893749177565223729240183589433604096359415472534526415334807649562955328584344041016512517393563676507676795858086763119064373587503148540587126846768577
