19 1
599256992674671669705.042906591938740549253670322973145884541599222315235878234752649291281891503660459822750243600279564468683996047463900064160250267325287739758241915181164044852294017941480227761616167483584450580547405108476516976353175421240069938715278708178234079466316306073644847886421714604502714677
-900864961016229327906.266940274347447618703608490981054641676008055540611983146944721287623427438436753179549688391315037249131465218055338381788657737564217013876641750591735804965052728046281180879208125905536129434631437321152680356949078771445259274357692494068951659532011728932999906247403656204117335551
546693252187368972015.464262374265010629076739273625493918838717820455073515283903540691803274629387678423586475077412070210682594473429329337420035325470433737842579571913234441123344756291905637257953287158201867198191741118929420516960993946813013266160878087912484185402442272705447897049349666504413299759
-466361099381452700705.111708504643599115590123687707800087338329469421019898798747053696388809458299443200740811621596664174800241986513204182116958001775177846151964474540042984357910645795974679584877108296164819964915713887585101218840996828070197657584202780428930319607419677715015968935403341694948943258
449139312553888808755.43368206898208970305528690963141066325753379974609150730133279580811035703771740854703927168976392462691758013759140653271676283613441387594153381921624908989680605087960749094786102832902305180072658339508341911410402990499588480561236846033944615526218429292561613443156690354991752416
-467372872637129485468.13558104831329524180103889480200912280828097201587336062583651161340585286526374047171879896364679456203237669155761264472778253932552076725155524377625619846148866225949402677055207317823955994752580606118455756405249570524245047021042539147049482266586606052421429023542358807192925712
512297177626530638341.731362702422461700523265243220789171498772711244161769867315563222372704865634123614843290819019534679687308753494226204369192928386846861705346773508337863994092981889255849216699896181272757590901700395526658342056744078221739821301569305259131334055800181468513631964646552620212016191
-587528066930500871206.637296763942292658630964200284128560988690599159048013061501528278038872145337402463458288571808520255471644694260244631870669309056551582009891790300289361184957024820223627795598511885516642707286928410611860225192665347336683712958930596369110151138753288342241982828726588667163993352
693470633200100466436.209784561610926145847132274429997423761031543272809070271132361278391484323471949004418056480672633510016519821061468839165966418526671398341675712579798400799745738895838350960483256117874006956717006309161312806966546669582709039457485565251755216320077293736766234167896223746019471054
-840051086227853766067.909895927432149516681826467996837001432676948386495128127667777257487320225696547603893422553856377211495074242491721508860701899243233846636698086361995352189712054052285232734892144526489337616553607551719892263117597771867254952922304145847714521800945619016794283115283964609043744721
1028806657928553849400.99650792289133087662601266291899053049923897266762429871166150987560351555403129244028427012992161765918714624113752244046814622577262618585500566633145617443091162384715865297908880205898729602931566893339181257146831690703574798897606137650346881745024243526735729005963727597073935658
-1257789921256565827836.50083033207975033795391894323644511966380492816516765716776953837315796445422479854812334624148465703386170068322029939909395754938356301125659013266984630461157211661847964791168874433890740032885024412082189710463250084609384105317646987632691926930824809600691928603610765747877582013
1523535166978577992734.69247725951591500534051222441339735020771830980848549089519494561571972245979834842374210186329023217007476595618671028619169563143543842274599078554501306130968620785979064766318932694472842823566211345458181043886960325240825442081189820413279269403780455664959368931056027047198319753
-1760789458768339779215.37053841241601086333734658066075878100053419713121897669476272837144027252826727771616317785475131942178334858953644152652636444161086204350286085116905238444091930029996831976184266202416873869131517059538187510851851310513998406027023998605464130355427833715166168882315401495089784573
1947284817722471129774.08839239201920567425660450995388155150357997688544567029534176766952273947857180097759059722752698124841843498740013722661391616115177299965933571408688378772863883380796834345767607497501348936433633177734048855936087556117849979320381164792448137653292106010164433134684082058889571428
-1899868752818011859483.49818954938487343010194085942078788333075058588696797144561654491180976404764431349245612023654430810166696901034532227097454142523119338642392831928379409219560085680101224264394986927448985486908466515097206072830676613987358604004388552882558998417295798751116433431809464004750515733
1625751523797836037483.61377396516494939525468357254602800574928029406823977554753251091926930942782875756828254879948359209370129602938310238336869165396513192530420371598808897418452941531517684567032609549536940950752496710033346176554089713814721401754101828891564945186671036277961188608016267993546274659
-1021817424748398521103.7792981512710184659407589338452760885244788724486744463169108882853427921836092161530569010547735156491476263044353931841738159120620929656877329117975427433031709023096387924386446496828038994992936574795304593949269068959799731385429089371546428007602300769838702927629431005846219984
404933311662186450114.377768591135632644105315158008393107033501388774986987296861561554086688820466266715262250896331042571231278542015403057612413933138986664542507536372732421830183320808576573847970620187874569766260766984423399946698046442528132977663520495546852617941754367175345862466306555523725912683
