19 1
2.34017002590294443975448402926720825011691594620548731688839751227808393562393661483431978000288776965559280222022478720934781260079599970385531198362774322596295935207651423138798743716220793756654279974109683904162839258257611242898425808238457942077002227283973739182756234966599316972522239219205606112356e-15
-3.54353884560471387526874999682635640986575543721851126469363299457275850784118759430410269225768269362874000576184808404834342407846432592225464136089562699933766180032393843207934394190862952206911392443357760930426862041872436947457235896997813488502539145506064109745489074476683541727478729149971547470743e-15
2.16649180919951324569007378658688366870613305247626074010444858277495545632449497298686466401036735415534306989298582938297549311414912159390113541545385917086234519000144926638589269453243301099801435947019587194029715794844810685818332693236719586930834907043010473428350619728480845105394632791712270559846e-15
-1.85083443731267001112638147177434619150902016913280901771483496800517366590549124103459228499259847684012194787241529803186915768161285163178666897610314728722589678971934187702225256807210246731240377064252082657134843471976680724260008456158207561616946975649377279440349741109140626111480273910968756370022e-15
1.77651840239359396871145578333525461687735390680874090985756179360338780183577078500981967528982538555808564051306401171787615724317847900557016936329885253769445738766945207857248206011874615842688038556765862787392126897866746426728859605554228635775018532407275213973738867091340716242159618801607978961079e-15
-1.83331612523336972037518287205057736801029389581026013958866465246220366391918249705967301116263040484982360812445904734297128592701903136128500444579060562142019663902077093536125597619503117867347259935646265501463015050369889308535166739999883882608174847568630976821378099701798033107873541611335667030059e-15
1.99572682556251112158503004650026217266362715335895140257907888351624690894710885015129805287671889853684491301868100284449362827408786655167408192409585058103217459402756392252385211219551441732022338677389309425331639963230830345162923387852309603126087014570433305330551540577098420773299270102522295536215e-15
-2.26443877120337378162077184212632715262575150584163229317884570790962263057324748983107971965336344735737417706923758481901012518980415495835910805381078120332953688046739695832595653089891306005087729759775508774777965179099130865908014456443037744709663437257811365292074122923446515444720038420338954875891e-15
2.65197321957081593668892605164772172489065920493427270746728817990501628413755055928402171893569987895246170778619313633734292515210222521213459887196864707051151227429439237674096468994057015359800197067226486038699965485910799668145281621814012416598797224191207568101406497512081293487594156696679666520342e-15
-3.17522212918072772813091367639895166897153602373501625512415185697848021331788328441082126798065888073200855377356594684045454098359945404479193430104819920493495109354752544772038187134080415057004670819955382586005813294104645989381076987669200813729980061839255385555110414600930126241855728470229313662966e-15
3.84606097234572847062352451123857202581545768212135283166542286421261264686415482742424474163863849643193399275598656179677768331663939399272135215007832470379470388795179525258761217642539121801809276091656045891360880509264083507971776846589260639501344323938803487895223462892992662654913326701591003554965e-15
-4.65482983509426399942089165847730041564542268205936446711749891251589400226905838367156220035053419794458545828428653544184405781833089616904968279914519727097366374100426923366679837008247498473562863677682391997095188801596234069588324693176082342833939259112973724671280884039250967193882123361451053917227e-15
5.54263191286158975148267012785242207118472151497862934273190751334226552744732190011264401354579205781688521075080886921021185114770518670867393649561537627484784654126345218254691895595698106572154767938874258733185718809499449346249691216638627095670173702618304160887308344985142518309740212099780012144214e-15
-6.36332354096029654959375777633594758385417645542923311091183010486548282883441329706493284875768712886105333626061715877387822513853526414045747057765675930418756501964506871067268055681512623572395344815034344206056368636357066112103206819369482295405792350720010420337006347572697235117118497658208843984575e-15
6.85170565689822103182993619574282404302680476790272340388880769626319137523232020839571565818585394657245547004022654374434943303971048935577146438408884760095590653267114337321650854819204298112299717560604690123121808228997732729924739318223157441160666651403864692800370833383035219531193419116171625198843e-15
-6.64628426285468059873823034171472614985032858880577522061037586974179406848200161554525129534368525142277901844543798410069295289945909591947414206809989539135295940390614616945482529857276721895617650834285569761393021588644791195863548128589303437163118160188367764592895803993394557128481088114337940042312e-15
5.44822044104119576396124153259034862383633749647919934905948940189131851505213530161796415902055377565207456775080311318590633601465905082373413057464894079874496075614724929725401794593785455651688369286229988097235274496283857189715389497201579540221438879860289013076181468318399116960913933551103222001982e-15
-3.35688418319832661192663939358249448622923167968728261940417502455271595860495985329944058706013178504824726638214190877219941538638007437271041206380276182698705255390968221610164204094704517216623726882350127078051251733307815408151048523321955216963186346495756706332687781527511761554608725773396361111655e-15
1.16666924083200720817435298156525925571709217978541296582641529888067020591268569437680602980015338816504993665905086662420575111818990881243861987530550434166539071018893991469491914732580616184985164746970563738859569239452071516240608328670396115739191576251938043094033100110143244144098859630744688478006e-15
