19 1
2.3333427853510118597899541247494199011262318023287706143864183564265446585335589958899846466268500997536025533592425579213020109918540083094760098899209800470493141246093887765194698440000717591091472699531043964666709180750405546456277322759351949131844458057163832852200801757785710106400447871917480448323e-15
-3.53320095996666161465367303256000012006907291950430876373537142021322112087287645736728007361042217956738703941651634073507734598226340264002077541023960233583351836447571291818110224449082926016765292528798164579416405948372612558497504000437169397782314604971387680596177809825145091067364466890612083859645e-15
2.16017154489507995081462077064738826790542167902878827224888020915243702694831002949071517048194288110453119563781349429326496719478770352530341886165007065453670063148321995373899941377814700141126963792833228999780860805856296737105036779730341038702246924536970846586375245611791380177482722818371713174427e-15
-1.84543539970992507921044774532695167109882354936430875205521003408299718462410911814139749796862618290111119036909292108010075249813245740388654556032869957788103591885071747062040404266513917638391023979087419533633070769915903014138753370569160652150165320172076244255797957525059427531563435190349567460922e-15
1.77133665773772923454973907229940951946763766192301682827700649466855338763772633574583815290028139924584912787883078401287869215281624341655340196076447704524318892063117848514543616214459049514194779872078218121213434524423221298410102245073290397544647408589426871962840158745122991802167353025669099001957e-15
-1.82796939721218845277082288469065428871040312913852781761962411278544750440241672478136360502113290481998308800442114598851771171459450891678778969406921694625468383534560378244616504049870622207880194983945535445757746654995949779543189814241471452786364658296844413808012639991568764113356240072654122626855e-15
1.98990735896754805357373808149816565251267036231850733240672201837794915204146955838205022568597007341330513032380639740824615063447221571524274613822307539619530077904591108469028864516821315244373225218476403724632499686012186710949837626293626720815351591941712161458354621559606594942117165376598786024109e-15
-2.25783699311321000426065927435283290667046642855770765379783193831862408059853513495694213893324844955090736400516186999088681081972500310195114472871121868095266543847818725223066769702400552603004583907765409911208404720491261754234928049407480196551431209081272152647334665431556469111944613154428279415283e-15
2.64424330624319421007831179305064838401299122230125292187887738206003785720103980869731035932441515918307073650726568065805315403573054939508749594807520933701390981670828662794220500077183461706779881842969307059672875179155252004268922651397478783540526736451725372042844354515542892002285493057298982930659e-15
-3.16596936194474170002588949179013912010204137040604534525562301123684671641242672051911544913758997665982199034145946659835275228815505106197040179337959692944244428175551348132600835942858345406130656718225111907482824996898248773903629783085622772442138157066758675466179764017682339484126164838591110767667e-15
3.83485646941826720971926702898421198720976780592413992230489166506040924991955503888355210073268203517926370856905966607782540643832717603642247441113166731763718504391360081285996493664423338255745749608397361130384215339091451552484814839209091107135778534838000273877121841963815361513230086555164570901951e-15
-4.64127338436313170335448860623551208354960017767733470079328370096532262583862093166531641211758597478319289297240115121478745848519734944859198583167176070276932607221462549802806642906322893604848107632090943798699021752087130913941204611685420831626997214022696258235621774709131143226905211706524894281844e-15
5.52649535758307820068443851130122907748495136502838215017163665174699788092181335286217633566096553091936471507440307299492281070023070951591398621335082540836250931866580657114022040118584574061181651968539829563494590440969491368742706755896807461491179367646805614397536536498401203686867353896204452243592e-15
-6.34480451156548074512890286328698686910703288586254645612203919484183559100778544625764716768392876973677628141414370811627340602226680207414035755954654296197768310391680465070015750877159259830075027171203148484629440551857146969402243384642068201189239594298928366752903548453518790251331861278849825783225e-15
6.83177327773329082627357231991340016224200567115791140674532459430374331191124603932730600454370701279183120118052131847216606613944274985101044376097015889775082692733390333989353591928947933630746011127524893908508517855214952460208085655835801452289123902816828113450082322086270091118223143494138553011772e-15
-6.6269578006053205394591908029880264523311991575441651986054397500349830191050807542197107267811851973195466362728851601036644954255325414983240659827294165473430809153714422179077017971328841769599506014827986767761407696158065843237800469159443624257201166627881283054450239353402326499688211371971975458376e-15
5.43238508291998293416698582028103243910678517050915315036474652180027489286378222367843830407444280230541994744459250947721702762578277979053830694268110109784413779901151482671723509249781403204168424577058664170254746410749619478392097833041032526041014215194024893394540892115425419368331717246971066126438e-15
-3.34713212961949173088212809159201910224967766860214832730941755699761810649575495891096025313472108717451962283730457521818384655559850108406018753105294332478826011606206241030181675915644122801881727216724864957945780181656564686659133226708319377645542959362432026921321782799155511442054301532669149290983e-15
1.16328173009403113078184802783560136116160235609519956222588460705407860182805367737405999667784214031956992212754751755743902066034111130641235788634782395177407301437159416900489971982328409592959965801862687306700820687457525071889937645614355759069682586886965686186505745587745061884657696993543144484702e-15
