19 1
610324934009493368230.152798839128772311395298485265475300619905319361525825573849515317364971398325614800833211716429306159950670048478247369156107600881284816740075458935053336210006714158626959409464390679471576470799613919930888057080116946655942853546398226371124381715171398055557613275292941981550124982
-918297334203940669622.637979352837024129522148469876427310543681424175317287164076849204321221079591884851641872634456200130902677797908584554810683460339555862788885529585065104637627688909564886880540596574708240893437708968261868561038439720367467740045938924811002033954940982582219811541336695719961081355
555310868836771134324.064528855817632644045488091233427268116227848200366099317655095340102024444538006139546149809349720675402660196881094347008624548452668576895655204813211656432885436147378419259203231788931592285501221494785131253746416808139502572055516218658825152759104298845621988734371539496843601332
-475986804788479514317.404098118748397888142276157518814066984693425118250747884939200260270622970861135407136629075561426009964863290036952337672125508798431024844437979819123060226099996290678433012386213474196377996010122216032285113777673617934067523508470579794478041357120613536358940600672550701150958864
455910559447633417497.229562358865433780151753384952520214227920036110710770139768009251335971015754655336577835823555034590214684193187315351831645752752519036082337798041893435659256747405553070180432354667068726815913396097779199903334135419053492279444657878782363870216754096383968570558298814762086612771
-476370731854440964243.795253281408706823769053243832353559862323738301073835154165372972749016749129989285253215236557095336792552011858993939056493085355045090875218660378313306533303482304175026571671303860207136761055178102043177498473774617542675211477766131996445329535577107289016247158431256645742872956
520556025840851348413.812590619250928633028991377696303638932960363196875487955150869779701401325061686468493436697159640776190085661335051069018021350056385227247227026040282326899929713886062640134273516570623674854260795765929902051845272866808384571676488950205092429961408372045413564081778357314172993964
-598010506599954107588.838911439077567081671272119946323105970831063722022753046259788046297376848106140883560928107163656597045692219958265491428022791095310552971180906658376105558144995947642403407107449507251362794801710520649905356544757655825231540772674144682682123677672794469053366807598336960029756887
704615733399973069637.999582239573551816122169033507271338500540747198047538306827526073371480198273112116119440130909156205738783054577383524939412019784734145930005115992277576549302226530728393117603247906401077922012349600422295577897154770488471609096532448873126018690312343720452496888785591734010153939
-854346817679206778402.582065598053654655118474936283156700804405596750739100472141896867983376757705889413613563698563481699877228152327022780092772202596252436123633706181637842176960875607719407136794043453711403248946050754908908181057277863424159048566656761890232055696335614501614350619061344240113616826
1045248695136001492444.28790127381129466625968050405324314893262997478039155524984934717672963881368048026071751224881206236912387553878057893617310704760596132209850240682079427818893711905610198951589151357157769162176142243927209200564981100739192136534121602536224920669756583799101870482311201531586515173
-1278758946362259872050.5381217172047401125461772115446748419497900985201250377582688929636830030123298631349745999987581867298301703579239144350565848021367801136256013418464096097388366199443604008981052000852598424394006926795643954460715746902886953514493693242724833231555216161852306246186496261961854223
1547731165859823324412.97867398526035469643048316154588420618426398880212590534025150455053356044504024970797850959751640039429099910216282190827692828102269637501755960996455435627817362187395348771932549193062033078162026331259552259531721345946571658533874635826382433535823891666954398869369698535600820447
-1789804428790703545335.92005354950525863428915210965780540675858897119434634416945810730235101687173585599235643301338205222218047607760026976235426804383208524916667312219242795198822189179340063859331744983300686037832469236468794329114806359485789479884158846855656684364410634679479630845470342597101728869
1978332609335236376179.66009379234169382669410395982281441400819367873488121514717082688280719008260085925396046960047898189087818677213872923836166128925244869759377783231129512214887451766680391523745407809302483619981351801054314658137570720961230265269029509044900122971755945887094920182797512942758696219
-1930550141904225646466.50160499809129257249613643839835120747433825764068745983313123312092358246950374421295377564157647529568127394004318980181381637753186519178174337952099068729265764704229915614765493147667389566806711126924675636464140722532199713328381002260361818647819776860304841550382686243068465382
1651151374719453425700.9114857469374156438867132813756871406331039011394236560111374834143938553357679018040036545782782394499109476668066956344682945577017752733268423201798440259428517332830197390920832366845832260129427875149989135667506606066013536586224318847314840496008951835238580184197178630889163155
-1037587578137158451549.68758684406729566641167126375619218851506389865198105549251724003776657197479376405616284669525802544257262440449344539086645511090615721304301212949789002403129734321480278855455350033556088021364934603394291134191913544399564378202699283913501947325468087309989666914758548288883134423
410519921501171561826.611799100834254217212566022633142985502944495152181122909070303819110257196036400308601775104385942151480116123005838134459733958928933234780636402324174601087113995368510450148302984753183594307090737211398266129528501987710035916515214243160634207060308852152867754890980990275171007195
