19 1
2.34975709778923376256561371467880901821593507489450444456807812689126004438290984897067948416275907155588775297808237592539944328197862223520430723719470560626478145702609321474992249103401106724759300685173660355668917882933965945760099519559768282709816514611799101597832173274361735174778445550881133096023e-15
-3.55805570283887492078434514975028115619839893990336948351803585797412072788117170062936815691557833630167928463451799093658306239705878130212899234348290626074834990046968618939660848788896233537465889650111334525291179591093337469808212690296122379592695790631067086611110554081370666055751423252326425575552e-15
2.17536697837744122392873528774923515523370744183037650644807940501126718274038492902860401894400276526132674663595580489111052640572883935331888683637818428167360148825254022606457118453576945942983256617220332345238866985596984260920596514739223174588207096495093446527009994499292252694700965684404201685012e-15
-1.85841599920051336834241913988166271576936046107223452915383505806981031967582159535570105905127684193966854215473182370929849497252978747563050275625096652521290243280743997527735851378203191699493221417818222212525879425010073026141361879212003438712942927354622464312674806626105862093901918585282614524546e-15
1.78379485470115104816475255998112866682945333138140098720057997542268851169149828727825012585148810840095820891820623715171058599520762971487030721378291852279095116575775864998773124484500881105394373184567774985127427339591134434503007037166021013535118738716341590384524844322884603859119356185990918952243e-15
-1.84082428548673639946414215798780707076566410937769002166405647195630847256748286139648376390222676389061563397913585466661652825509594670542648863770362433366004811123344777163069952445045012653072043197430839248126901385712382924584835405885734234437009794538313461041252528715077717049699853749696379302446e-15
2.00389887146592703714616998750130234330090667257075678217822396629780779035366123974672158233758804093737347325259672602888379754601267380200438484156155380679101959756608565659939037730563023231868411429389570732779518640178521259368446347123364796747525663269225325422278775272713230415266322365836032788145e-15
-2.27370944143490775493517646048372003558990442091445308018604270704657030863628667337312142158452684250611421185917115027310908176541404224521774673813557313953391474280559634579136554798828604555827245774525535714276198285924258545677280548702909308763264214755978826309039502663236683483600811286155716025372e-15
2.66282817001425670130163668702222510388353205594548666471972797868816821390495614032311519783401225543287602657574398618494180462651590334927259289278946029189010255402979452777488290857450709886614891264910309897676603046474395118915334579018810053060254561337579849452476767183011419802121494898796574948527e-15
-3.18821569303399178389266424214186267114226821418617884036410631324855873886656379551114691976253414936413901008359834149459137201438346933245892773093608879907643455461507220493263040308157085374819309661326858818896916582903089122729940911375000587058790472951798574181858464821752336518657456094395036918799e-15
3.86179547745214988193730635543280644138408633510160445999757166416414615977682858823915686813481851017727553838539447203937875196463467652014508501640141458329228288107253625774379239666995714103145003104118363222900448186022401231989034690749007239040664063010916358588446331131142339458016575364960159470561e-15
-4.67386737198990892748552830659184224562109240789813519552079744478725504644855099607127776893910023619672155473333483372948888026726681474337973786367643938826490738331997183352046963597558857467542995555411485318813287653298279923944570913572151076616204636137507636015812503457129426030510876376770999773528e-15
5.56529297559919967868573007612491627861742897711686202283789304649555720676248094301243485895084524632642655760108230458603526778117620367295280858225533898493282762892789510059375314528353338851070874987456499318809832589132368924006770994168734661087497121913501598081069624127118719678439754067630263645234e-15
-6.38933069145423835209904487248538189060282029545908514448031333874019193011062740283460872372063734228489424318470956914440859544139994931623089846051829535943455036412282052460750089451675917831236482611630947422546762140822728485071208521126350647833033834337637926170490208640701133464634091610691611366008e-15
6.87969799784987049564985013462705775209955692221514702808261800918602206175778632712589903508400481589895646094957035599898521364937573216365598748815382196867483725073172851204106199559340271816884322877726206803288261735068516671719435150653194294918417228646846979282157635207173062147845089956993553876373e-15
-6.67342604723044384399604297542440806344035266482314582342553946578370780989596140909192816328106577933219797190992077691170988638696807481341729113671073956388198069344110725209558309001468168081396613656980287246633339552196137957726884360482391065431836166087862975646185508875817731821199523112476017397926e-15
5.47045969951926806889693188942470307421523113531848744226189100500279019505613109889401226695038625619546740072010618921980282247739281387971197389858804468730572946314961605745779034852967634053274791709704496253173644399347926953234507956775013020425193475530120913159267929809029001029358164388479553458686e-15
-3.37058023213088382377803053558268378464167598385938688299497348327188215080058280194776671347541296078666274338654365502261307180032194590535698525784796459822084354320353990379064860871957087466594341953474277272569914889992593896414883838858152045669385934128947752218501766485088952511983567976670751570541e-15
1.17142683219879494489451051715297549393497590732425584043823262505186623424355466659914444881193253591146997065709648453237907756033484027577799694203525661136336479697827768232069524591789840570593433171194641920240313245409875709373723120247361788411727576184345046886893021725818636540191557302202978187248e-15
