19 1
2.35161941240521998489863715761888278121178423679170013668229845977279579689452310792787254533078924152328730928719059900266038840544469620340700368369748823571843717814268746287167771053179553688973734275922488315057891527617419286626662369041139987643120670484885625366049653901454383117385610938796015858377e-15
-3.56087564163955615784502380464250415765813215540933184096231475401661049177343300411540663478009860463933307295750943852428808933310283321315459600751208874334063001363490336919024186844856913156711701737550385657078185197220460549939736505394985031706961847423362182362931603040728545442422065844358351551631e-15
2.1770910041953552213692345222376203725066541289813921726787450039735879205062999507285317274224635625360630162619637217955456334081724791542311955369166968294850831527142533586657696927409196523965681227619982609043235740725467692915495636931294158801679869843115333668764754883725660678530663766244220620698e-15
-1.85988873856453032246503523282346043372410054612456617721266964249324332240700930875983499160389807155299527700416414525467139385959840234228092903580951020324754325914182192108010901117488479790745510073962304123852861023220356290592009148560104134519202247478291761791882107370181444489920076425805959502356e-15
1.78520832608796219776523567836399296206428438610746938488152964734409184655034896192829818011935539114957269463608860031200532596059770412246179830311033653802275049803837920780383079209272943271721703394973838501146713765485193871282694208664570028999858818786062807416731607524150141497813488257577893001779e-15
-1.84228276733922018982564949744339883731910998419545397184677085523666302888727758575023689557580561331221533700742649849311116702816919519476873380084593638483021242859964208862296475330513552064161450840520027431773005391347658926314932027550941283236146098483197490710837135018099544585439523385692210557631e-15
2.00548631575824569264317072479124181798939487925400224889798087292897909046220180254377452866919503227009679530507544155889315845768443533247797090685600702130529275110990814094566199025134569393923147466075040668732042715383155243320320103110404230028095902480775042851040763402307304043429860183281538271907e-15
-2.2755102977689104993439859012008939550290994093139632631134824592719893503613624170183608335085056212940036334573643651139713620371015348388448020230740024129080956240020220789384649908951870519992746426632746636912125414239390697497302942926179541205296846333353952653812724220266200275325537595151569238573e-15
2.66493677901897153267074722346473950991950099789260566232288152365772648861776436997702014537358857247155900198632141998045318325964000940294211377447463596288832066849169959305649445513963470953574179234894211554789578159730567170219995496672965430535151246615169138854089403820312497394980874519332474566301e-15
-3.19073973640038789021046586919009939186531706465946176357854868597319114866864685400360156829217658501721274713921450766789181158664424430653936777130458637598468750567974722541224727735497104775091706015825753202207671807794920308922608887575670047361472325343490023391113544070139140039210866112746923976289e-15
3.86485196034669505718562226820610506921246191165099212962531453206134007555274440423555552156137743957494680187434902616750217583437692644147817571094415175314818170939358366189976297580176343127077765351315612664589857319647710911428115138082480327248330735990672863099140495165031249247664964779321535390765e-15
-4.67756548376478955210277938090189181145279429255262862014712868408697351236942590683146561349260323937200007884106384959631231143224044920886810971951339483825364679261311577862030530970711873944042073556229631077496797192683833818885363729160596932097427554774037844561050387597314855856851580275212228789286e-15
5.56969497502380278354907471764272129752380013776806814526704598585691367243142412573775648410589140861207779830304505963820673933204873492256957615199664635003056475941599839166922056925801308005200606850734996420603379432788415845705434047757953845379210236775883184808847384066622021529353977196946166837376e-15
-6.39438268691205877227106036013473700059128112343529063478907427655600150245059730567140019341317687476645333654255091036545667917947605904203891322623642036808652860629234227273763241489461026138341984680695792883596713571174090515282904150910734610835481663826656316797050018884318967896911728549234269396262e-15
6.88513563109338074296079860296176183972622840487257279835319914789085412927113956531093592535964967997675302855436206084515718645427165080656351693787265263112704556590599714975389066701665267965172940401439578837380376970878219028725594460391365208986162825020614256626565805803661651869419264532623903551458e-15
-6.67869846288539674735863294082098766973320514079507044638837020682865496047497672448143326805019766047057164587785999253973817084540472459250694289252711167428327264242173427939015171310808373332645692143484555313378453670684941669380133488153893434722441065275471265591224711853762283887412059052974989914967e-15
5.47477978300782626894985804084944507727080761097308444774615565462043467129295571038936180991561979870888617596074280386980339333523669868018147895609131025990567626653658556538293616733298409360767794944433649208290087706771363122198808649013918520831806978767891689447183501926704635955289847908224729612182e-15
-3.37324075973716238741160072993319342143749023883414835586265216467256447427513785820900915562711727272117529533559854734050413413267469586720976338580395650323341425271796015020254354514255961815532960909801661983840422084303180413270539773007087111321118724106274832774211620739367818993872812740099544509222e-15
1.17235102010771621072348391094311713885625419879405493177275149895644683823368894724425008558198793540478415762534247943659077122085313641575218420762175408875832043342699498643496799537942680968231625486495980466706976379703145260923420512371479579270932737247521473630875367143772474415000151649106895441331e-15
