19 1
2.35663147664798026648750002211947243589963984969472132506487285310790931617567172437960925243688939442537059215386316019477442952022023536694671662773169381490413129724018026573854963668159721094461545426531556980361103371821260518292012641462618940503619534002545366247492651959154523497762649384807306042926e-15
-3.56846496292569991713311144716122809837263798115591748293253238434853364849582994282921323662174868802919182114256226581690570175074637017912862261455953128238957987241151162994856492617258519197612314134270865941306262808177218808018230009888707300920253003846798603420289775472020453997729414973638628456872e-15
2.1817308699099488706461231186143875011298494133517236127591880579504359360788711798096112395752025575662418439478108542146930864100747777778474599841900879020264070123347825183908882896301110906013873620207609746514195876234438733027411777208318604538253966554822669603280613859133865240871761242733352866229e-15
-1.86385229133256737818060516335733614089095346929432644205823782867406165850638630319586612078999593110046248172347812121832062416546005926618569282464148353535837873176970570991331554259162078163080661544997505843706716420169606774911185268883346339231760024601866135018023145085234286233226022222268948720215e-15
1.78901233552651619613015992021540106109864579752927479341949472841106929957878642395343715688775997970240622428205883703693871560866801721770091837211567005309197073134596585003461813882520334960189167757219690132844036686842485856202823073651805888155597745569146803121896154867713516880177263227349837131525e-15
-1.84620786186418064286283752693785541656699504858063441910387050570571058477864001327453698375680531649062522792981461820345086230513686277730407896691511264143762930594239387183712602041497992494182652984667981154729029485449151812364922759075437429705379741710946312283731172316863689787288657152213645875873e-15
2.00975840995112465773373479606426826716392426993110494370987250155653578069375620573589807725098511438503577479335437740746582479062042624937944345421164435669953912589904905518775283932235183376077605446993761338517672940226271116470310818218052498002773234556664904172539861787276343699996789530465760691406e-15
-2.28035663172610067599033879424860944258302171856520039735245445501753877332222158939131862334388567955139430928914577177046605075170996032913672886168076455127300392424149141109543340484758879046233241249675751003600743624623627973225021186063399031977896685715644712850327968378292578462172316944985976564359e-15
2.67061119248777347174647553518972940610410499533126487911468842397257663904878340936361603265214384184852256021721805823113846262688257932318387905264716530194791510179007505747004977383786065912801193296343384347768564085066340492170102351661706892250046281369447589813277019753529204540882909007312173924535e-15
-3.19753194615173160826895563249507291253016210776352913367134092903288836493039124563470006176308094570488999520667770782156123995697715755643298243189572520005191693060440983827354138114492632013959595003741326480356554587341780216191899328409670155939748868488320347138723065572165378286267412538373277316449e-15
3.87307674062179653904306978833072784744171389723187117227600609272417017327409242647005135474732158401922863434873013767169552906373818197595718075201498632874569884480204195509388984587854814428688361535426694693729906635982256666356843293795022195314301681344147509725631132726641244726180628045306180539435e-15
-4.68751653877718278632220447915855466178818607479661055594603180409930714399497959171311560515608594267348591962997923686655785174692790089139073782669655917344853718655626739300011239227218443064044271745123443249818853225116832091778969615636721605033575747630944899958634725480658163846680081047335680364936e-15
5.58153968772874004683579112510869507895533125555563528711974561519133877687599714890383138875734969192238470822937258402263598269176663503297526567313634488072490761410578149440480520000004114871471430980232297129642532178108427419324843801881719237255447353567064760578065946149498705217223234181659210530955e-15
-6.40797588519861740400089157400783653554611539257195572584959183123936536822391173519123814034701207031143744542747930071541259648945804247803108672056353713451750333307899657315946051729346877191647395058022950990864769736139561961260504705299089606195594043511890429541867742050717931897321187923168651023944e-15
6.89976587123841161775966559961530133673987323160357037566923800594489390897366099209355140189042672971195411783036191655212566908043344156322764969544361214066249748967452633312789271049773404676569653061975254390603219623006839783990269195933201104078645195491011781544140573478118347070758378646253077772187e-15
-6.69288357307103365708086317850543797030738996978310096696142266387148495021337855703277816420775111272691728224212642661515724168390653303878693247204165563386026893865140489213661930384377100772929655618287296015274662933717789347617486748334134661603501031995954812720897095927958182334144605377736033372284e-15
5.48640217252960183008237395593725439945251230766229356923863162261420211591828562382083775587190535893756208938623486637640293608820164267108742806253090742154212271010925336904214546635016078177661262702386761805742438018977196135783146430382719538473209517603291593546755270388232170605078071640297997788951e-15
-3.38039807175251605233667162227071262136379920682934215370057242372620865226048127010294132405925350658378247788427163456236388729437017433382334805960775536140851896561917118914569287491815094059547445900396940458627072448158278789947911555992367402257261427884905471066024086592266494691418965692757002618938e-15
1.17483712834474817627408456082260389909149111241944754604713841596309431483378494710175293310463239983821524143419508826763942606488566974111431468574200239863208815885988254483791076972626051143184852246556363692013926934777425007516522380215476480811077813882417336673923274653183067023555252592002205442773e-15
