19 1
2.36481947475059885533217643171790420570109776288263529211261404115810060777318766785089451572602901867463248647391478363721771506355228366818756965996197594598018769109992285736070255942362876027415848114740634755729448509219083351370311093014690609821689554502095151022192310043169996117142336364468391237194e-15
-3.58086331961043304941701621628990058271285979148587969210642774229632612134351903167990220918319155061305980469267169903927764613875858882648275001698366425458347345595825573944260956866308207854871363636947688285959822146248898102686895967441706169055110286879721680301250050823624344399984194958022701146044e-15
2.18931083168726661296452514590094389322509069308206900364676683888961768768660280370195590638423721320068456264805956810886935181860202025048061351440550008625932834189310999114272312476029849458810296818934002097731708581142996958746913213888361591204053695409779049134762834206216336001291141240486761504596e-15
-1.87032739906187929754425645329504925001265181985477951366348320276881957878475764583009170523545600388248069532103168972632974861554802525948301252991170019180867743506199512396855090170612492601638753147017216320555747003160276288459404735634549714335980337724149706981643351159063205781030046624896572525583e-15
1.79522681879393107395110196185865690188698648981134474622997182856392916382031966480773865922163795315220666815011653229925081032232905421509620308717993399475817509126148989520115137864636226017677960689851863410831625038666688866424742887924480853069529419839906031309214211215604313975431614797066685794996e-15
-1.8526201787190063584753692281492215605029830175992734701728339486406719765546708371854217596189775691957750914264491255086368296610985237709979432765035671796874362394531699573971590542277553951055289526844761012216492475258629583303887753603944927644438602434068449645237736769044911921165288278150270749164e-15
2.01673763857545723337470270122766129184102134794148665512732545579296181441903934267519525553531717729994774129347192565837131265732452441059604058511051925695081941725408192967127477993889607197216084785774399708912643096680472612477000488811912444889457815170209523933500296889230328019308907324611516542942e-15
-2.28827402155975189189776951691346323807358011245304130586780947940921604387696383326182321060857326616723289003305486733265163124607535465636693234146240512284731865650786254018748927444328600715356579364604872553623485420440827795760407424472966993062294528694830682967048537470614242983838253511435000268866e-15
2.67988145623052813283868092700745744350044902072536977406972649556275903422357843458774723266825384725525137778792676091797718473125277076995291412139416047499980297436825084161959046592541214047770819744081946295500450945294463580508269147675944208023528179252590866361187299556299736208013718128703443063473e-15
-3.20862841909270912829027887810438234433979688949901627631190126261870794786154488728818473650454258649537023865745503336117913683084449550806342977315151560417393494868175047560604092270147173122207111524992200423866571381827008861920414839955074030245626069795569898047746038652830043434798045892944850712424e-15
3.88651370815262674480942293545659343296811312230320471133970022695254258381952903049824614537006005184413511514845203571740975970658637209868482470837262621335871777980007328007706131820582937468063491393417473011468612608206394348660625423739782118451457014261249562603613959637196567714013980719455533259289e-15
-4.70377388000855867587555482639467968783421095303096349435379896159173971120322849871139724501115955912978113610348922247247727742978385211745381628067979641499574748210047382092459822800167672095742036165486547132225577652026341309287538529150865537958217208857165788386397774651247470977005754172508489291277e-15
5.60089092308863280308383057023235349148762178242041821516321991311571180713981512209088186067955192706430658279602543929958228513571983275308417528182287378160897876330223568065489550454151490454438444496865087429532613552168325719100405223443356965799411651753169612477604629426499521790638541339700061175896e-15
-6.43018390954147584785850969484444532317405171990335036014995752520191096990709558058556329649862936822442020263375860710749517933824274033626416743009023969956005702292220215143318838555343416207076262978279525986881763469202089156129888296961745655715772830448419657870538679925681401480277076554302933617369e-15
6.92366841803294322320404092322617318841721473981011202843161499340866755997951928197943095292696853615385262830147750389960204545621143670424768670101570835967449140280435501660126498813605791282269892773706770879289015060025037232639648817623519065116839853084578297666760148755845757202071163774183042716146e-15
-6.71605913255026507518717641054000155764169117025094421903287368998217468262215343812506227463454029061420993210808022220886454305933532501766723166289354316101970982108183700193367905033081292193274300574212117511656226698557311542180007142131144192463431820333477541938803813549059071974037323473744025459388e-15
5.50539099676754840573823515027065515099968397629313407878696076372622451811186346231204215066403122911762891142609088165014219563178182668986656324283012362789874513964522805905115672389918520972520858756338671378408651273602071053379171492602019569150896495756913488102449376692168966746300806896126635646698e-15
-3.39209193678944995581637103146947489017031142247459283469163023580846428241117964357533292540825131857809939997904424757842143545096194914278094675572800683056289054680246480596334174349032305413378599943878425565165007707424719345525812653817819070159804388957678403500710753797537754050539751830629876744485e-15
1.17889907283742643557998173996565700768259331331380896042296594770055187415003745580952543161435532788410631419066961418746753716047841897802846399017184051094902882782131873807381057878854120585580177122997830142023659152324870938916369285895478786150371222641106999170779463748866239595967241581394847908355e-15
