19 1
2.36405556908194289010735009779391481744359108189729501490207712134229839254352531826368565093734307258364626202243154445134615289144879940945731481656645605805398677554771432340739799515270532223896402583809591969203979844435549979923475050487489531862959199134130816647861145387777930363629136199405306544729e-15
-3.57970660570413012329975840696088708881621817777208850721084601247579320042454019142443122690766775644424864685480998727413348202008682151021352989541456845237353488348070358583251498711139215723111722445435169647698803964705079379075520399350462499727166278770272694393954607982504235187193113240421469877004e-15
2.18860365489200336266242876761912551830410236830683185049324616355163401066191045377969022290692820980276057450310344510308160307282572132844389610618060644973825805927608831877697245355097618741924804097091919212953523869247310376197519155083233101166067654205967179295703181676319029274836364298775236769544e-15
-1.86972330236093952608193283251646399960282803017702429486103286567269687645762850219611109345230818472416814000477656751652586650976268193329011506245965147954796924568797083355794329902414349695489330209594371430123555542028622860154388486046283252520023109437312374380683416889016350668455178788840287250855e-15
1.79464704004584112224326748465495541899785056303768535286110536031386914804563520220400802496583115799402895939949559195499371890489964005827734929271803791272340611192922533646563753496409486515498751603033878264859795005901957380357958694703109468075005379520149802559044233364155637267515867050406979763307e-15
-1.85202194709068925181887559759308556295734069757933451471894404710527649468747998201317435038678884245739724731031605101430233417580590929135257875410924050377001178315204875167661877054936352903181514667920743424775174259264559168635680126498212028353881247963378786069508752834794172560006963420135210055944e-15
2.01608652272007402314571461984050615373258145234051416362069459241735158042242534537302235819317163501381227115655207217143152310541701180303863866342386155408819165055049342917093027420252555707495227793211433690106553856753481160188795261385149948301847147366223595772431717300985690814366115831488205048799e-15
-2.28753538866145175922487285896281696941748856433829388795651035638801347774613670633559128544224626675062418483132699792659173000536505102052286056206225575988869540064595898978845454127707207356838014824288914084559348510015437896379902007275599874587892010185528323055891086991930986998508916967029438841647e-15
2.67901662014717249241613727055609477880021961907314654078189479796698867430782448225281330479208213042006009559844842754947540243070735943269569010312316611401303157863160323183461677833970829422568718722346147020814997838547454217178975202899259884123593562214895424574303222371396240610948153477783305243323e-15
-3.20759322667316667379025190737584640176962505420193574602753224799375279806792154151297354376506899312337667308425915595221454316872299386843355414286513454187915691013744834656430154693834977715040513729900978268400173121592730437907997092290222058931260931617827660572288003967604282176284146110324296612091e-15
3.88526018856383896958400227070090884883551745562492102378813177450846566240895853628008303882063119766987448326999955969438488313769467362793752547223774934350026470917186375092509812615149884674778858625702488437828537441035488191659885427974794388844076794708311755171294977333475005578269248791993166101471e-15
-4.70225727519755796620198333177162343661813543345976554459535001003473168719320241538308864287359854659354534256867007392153482129604476465247737635847411090836298685647572793773890356033866182614433998838064659346256025251057160053664088812589895376512194321089545216729793948817387289878998600176210336996574e-15
5.59908572871986041444565378373404017190131168357174018433170562850054759157414047449344880692978767730650929360554996605157114872535997085900609959151270154161918958232046221917356521250120241714287448465554663410369544660882863288838143235680379701269764657334852822135586138463296523474853265589483259827513e-15
-6.42811225716832514451511396469657741141554599982364289035993457286905214184913726685001217079015093989913265392820059423160970106535417777282816926025774724841539547719706865637444115604407346922578739094403177828287405232798286995846441766282034303737732271377434205313659852991888152522498235791276950600497e-15
6.92143874013251258624779300441067549409407827386181334651508536998336100830534238243065794586346248409062681182068250202394146031448134384624492858614224120753231405271198877708977479221407032714145062644232802633264322919696083730260376793896423677312348697725019096445971277008425003817570776075132208797481e-15
-6.71389731774845109459514617973623212097726257104718164649087388567284518868524292928411809228656006724043393070450922833185385043870785937459800716846061395329526544564182939169381638520325896229417740414192654974199161523610474246783266823629953042584053968822212020339918669151696668920021080090351541966393e-15
5.50361976272905398523759935547559933674743125558723265794444915831295214177974388022633406585782292317978261483410309955294795972276352922210691508333299353588756912507335306363844923467795991484128444434107234994285131267202187337051287090689981908758652962093174881419724210720473365714897723907787656584092e-15
-3.39100118765873952821553761890957547103392252404053904985970184521791515816808320728202162587874701762284450070406764253667021538625999258061267845278087251266946068736406718906312500331904782199234249051388237012333998141522022118197289320965658086775349389397260516711672990779828012933518370133131588096897e-15
1.17852020389021282950999333103055692134441508644671922986469333405761010977786897059855858106604680506881902256112603390620669946668820084822517384066048570235548297678044897320126471274646573848097431741188227137433004629226525476716458339619295531734804743787134842942626416896752486426862602814523376028104e-15
