19 1
2.37326611163450552302849937349498279276422925768154931989176331607730795018085224133575186821052908385022644523541416452413908574339129294838790570713140859379924347587248126270731730132352746350377912378894072883228482044422954461233090700596555225279243742400378696025642227069855075043790290267933801661845e-15
-3.59365330896200606243310951125738124003727170632803810002390677652700184219817916000899829399189044308119298259851810592272630210559928044401470440709844949720108700677569255071838616127964007156155366363947604790882123916872829737481859477673198578311955590521733517542901959847951358754545251546497713504837e-15
2.19713022213757584485493391380912035353798260884615592003154703106347877416581499116581928302832847256461717877843439857363088950978963637168293556741327350949204045616375780682494865935734973240344490829206436489862062570515146914266817321645559706475806049097149831674284999575910931995070511942555259786317e-15
-1.87700703159616073910954346808633892478359600831573840420776659326588837396318724358937339438721413912356473531913650758358798762671599982801132474337058803657124491393913077826129685865434159560124154926427780340530577059939712263330964478812637962087248218098929686593449141032685605211028653074361697244377e-15
1.80163758806995516101725271557745403751188895450759521920618710638597988731825039873374894936149462999880701174629263391413320410724906292346738349813611074029463612930185497830040382024616379950532056457022664244509157910197206294383551411257314580929917122086420770558376395173859687107913507533942506148097e-15
-1.85923502125994881284836748828370806626481284752986229783377413308592433137688371873366478225464268869590166947131703799485341263176473605560153801648551816893817446320710137450638462639577984987899809354456996208444415769788496642562072672256440845119343854493881843717933320313604727894390101640993362410918e-15
2.02393728611646269412028648472327070169937650664538396426809901468276897761621214083317945996298717248172634633056514984770078735128829729446990938957956956977218452439770375091361010017448561741512029536863267937580317963195671145988554168033628792431927795226618332642263716414346619823754580390553479361112e-15
-2.29644144319475821164474362637010677121626334393882894145344216807177921850592125644612684578447035739165570627810228731626889167519649608926154799904300904332712678566976421200926360745740840629589285956066755392869171870439389941043349667883443241517191471546067366848394507088141778148772691697728975419801e-15
2.68944445357253287935038747893302398306717294139339993324466981515255509701879423153706140289602411042930445913187305635237478823190437044742815646175483222214307641136302797555078823146122467814924968468622244881625277713397570826145736217004006019940395623519067258499299989175641366122349325124105685583387e-15
-3.22007526305537287230871669276096565140543492211883525258794724647870706600362402287071730914337474385449641454986121630589821935540792971695084974966997108811080709284330886727032950736897324745923676010513375984862127625489392549627391349810226596990967009778869070172511732628678985547436896069773223515792e-15
3.90037490697749990406433317041628022065870104324827034982155691596817264888676990483804817450222797691179941934293522089528827754795390491946030934824136984609686145728041821461931715646349878758577353920283726051828453221831824146944436133381078490777135868118466417189380190002387272359792952029207998827221e-15
-4.72054444250072359373528768867562834969869665503378498791229065876201728087272674299056238585781656995572324499904709532576058284020924808486623284582689180330224247888398306404315064509602284483293603969886771902019014741797047028744262847108291389709946599363602501935512601575674817921565533579908000242825e-15
5.62085297804837737662516222004648689194447941604820083869071911487483333728179533060832267713877191192518779248949700621841569310161565165905484806147408294311698552380817606714801253664103482718900540701988223205800408935486243961254450047096692993369658051891395413607746772014359062599838853470017260572673e-15
-6.45309283832034473251135135285163959129498701930828455526139055866748370384984826509168150005264765904824788873141096909709844159251767894207893460522853985005720587558901406637041984711840448710753284334920734607983923732800532628053480828960518151151294962103501375842409983457941745723745145792163559926142e-15
6.94832524576969239380246411111987260393138620291607850257341631379652310108508876271172003693548903899737107714427484325655395291734497545460900454881281995485408639847180595809305687006368866503123373405783092432649484856425021521812293123624533469631177763840039122079843895413412015215710237507245193490754e-15
-6.73996592322976615044163803391549171597216938350620086259687406079212900497725865275496873221805586539446210769403028114854546156105609354048648165887038568640746017265908057465514292527299467004794846886528480559625521569641720445200229163100417129542232595001544543975361177721793828534669993060689988087542e-15
5.52497885785606019975207687158494420495805097416594542376014778624358123069029764274349639739780556262468850254959983116994589314625115323882929525372489777533736250840470460321667871303421131091112232636082968293879885751614808391561029795894628919747568008669792697555990593438704352370989266159890730397931e-15
-3.40415464348361944737921057531463709115801058643024122199857548298156769953241667715982923980005036043737906164690631293019592843515260770633126196683787957415511140496002770520841571919704983678760183225055489733453976424558440479377791980355807925392436433507128516552268525933667178049694970064250501545258e-15
1.18308911396864403937336735782626698696093107999403006522799542575938285922728938486074420605954193809407897002937369670328485696766948875453652895909135251291798067501938513895520052963231858174092755173153687880447214630470540763861208092440006780274622848030277485873861025191372147701273268503982674364463e-15
