19 1
2.3740617958733904375475523017655161949181951114131268157912180400188191414728323573751428898204786947164429259071530172594861502901053048418896577035510359158194094416454186749045201783210099660755964919785633552904456063685881935942039647024436905636814334129312724141845662679235701167014646749800731848382e-15
-3.59485814340641570646202511009216546252629263501363118395308550831874838995696580863856230932969354997502362748494251603870927491830189666498991815046396441345040342977778459432334960897920105493561783625825184724481897222017827772867401046851908529626358782222618890222344053571375257028927046485889506224377e-15
2.1978668215978326135916781158499318435525664941013436887561387478807810395032918667683327496341264958577818245243743098561729076590174314205152519788443774581213256829309396082699098541036571926406792148332782491227872964642852185180413013596705455031145536723113974783802695352874903036013356367143887260804e-15
-1.8776362673865795611240061126070567002951049390089582614136722731002692571649918565039164034657344750044219715561794981609800288587947985236521481058234829015620600091017511015328452578939386471730442169511950946987990707141521745734178299513626917445781493834760815967709703741549027611059574877218023054967e-15
1.80224150108047264102251389225878366102416525679840929026214404554935281405873841515417692420717839540231344685216945304049907527130803416290874798777413121168638135802911777818369065017834558334169434423331902438998743483560179381850305561228637868204631908614216577099910704966515655785816376047359581498237e-15
-1.85985816493141163696327817113452845097659173522817373670404714743022690189920384752913346526794729074668127233300421188271987125826694548199536104821519775952424771989222194810849448793720454359557990991651853274201465497327701621520902012325422019552181327602803590787889642702496688121283634575466271511552e-15
2.02461552923997108945794275263615330036265093078912095408311016824766830189980749887051979049871112351853157495638916336797717419523466511096172311603966808299632296674162867828545728979278820027309913768339233557627589528437055284364935604847349825328123832882093195397355317909587637208419586509254084117833e-15
-2.29721086709446866004400370657037848930112003819769169275405337658326498250238776833173309521355940240017347220448836195230466838146866045192315318429121610296396015981026275104801249235306899965137131044720838113761161578860823744095030085398176122502176350494582469528063043040500553390125123310288568493337e-15
2.69034536545022564243805511169825007341598254445451229658221723491264838616385671467814915304657518047429027347495411114003542428240749471149308431664353262110325622376181458549882684728322536619495365864702903307611904056714911865290635849628654254487281352092274515554604160176626176373931691081029995217764e-15
-3.22115366999208754495257367343728692749578480736001333892758476553655716642474049682517375791421317000025220908551669830163606716487367250146100145998619303660085420836076154531746964845146160288770881641363009854632389672821507732890628923176045240064201306913887319633854927511889149460395095229876178059063e-15
3.9016807993577595698696212358204256152930803913926963294927476382700253629953941144684034925813769363842837083545492918860103626643733374185041556442407983431784911291490714320568246050975682056882784963998309722036741142301380316660010009005184861887667599579917504626987632389655071799590359269323468673885e-15
-4.72212447115618454680795191096575541143119515463656744522775979305127994005536092314856213235464501833790204689671258096520384860102704040124981458205759095125814732072429337623660537095931081707632495977822151759422062951092169921989488405199772610860086727111289421339137587550989062194008168893352130602792e-15
5.62273374236938293537372874878746669127741985316591167419570219582607653538486610022089955536718709104030686743093736945839013762198358875327684986707280904859692034896011608887113661847891843804089019530295165489337706976638195378574197347357788914922400632480111454814584378745841659253047651941341366127436e-15
-6.45525131205537798757390389005527358786824167909091790705959422917649125898990070470343724561119708837691125777853202557934276883977153419156175662765877398482486322269954451606580343788912151735364029231183350630425325514318646008782908545905198422995678885597091455705642670162679898297460010768386060215293e-15
6.95064848057585491897085708646154087696409468468132262351835103650739519504736124752193455095568789113999916101759084397065866423790777115888694416802143389732677827941350832169549218297378650115134836700397425964703914266005866618194283323848912294857556246637583078731238489805661447246709723740252359260944e-15
-6.74221856517802932512958426695088097379271162575460632138218213641827046244665195851596114508597756581546234291925578621033355785805083682485797976123345437841737322395546024944744360758690283185892259831234441744291963709023316088914856456095522927515960024182449635061785113772882179835164982499342169657777e-15
5.526824612441328271053249063436464849116290948087022592933153640056434373359069221489931871211208763962649893690295080761916318588383669860457278704682364714360326893312267064328329569712848822355504742415456481078854493370084915822155049920853574176280983361058227693691443504945360388250527369795926978732e-15
-3.40529135126533752197395673963223976623804699062758008552526135746360298379504087174316111013984285679487102983434893957109058057865573584465673168586059818927942048676705436661367739243530055086195933912268624372552060132264699947894181475145264428767648714579052239417641862849552301614246254333336843512265e-15
1.18348397161442787307204488173855491694583910990822920978728817607139063581686298069260026289053916278409000725331375070737382765059631619885939159438654906698080431181541284991173607563669745581792899983570630453979332594408886561245046594399068883925544771398435203408170196708695569369792365299054751681935e-15
