19 1
2.37816145886811823174247618845774281722324816568555472238091155984692445745903471948757337201502242483690883531420652724129197497758588352103017042222048428365549366738485080019755856648961305903596696938133804537082710552566296254057445317977390356206635997947554442289252117286728765387976911743728067146245e-15
-3.60106589390860839985682011993592902614174682728604009089041255758441202399303622156977173394416421980873950120519798987869799441622576321972064972931440132425144914652114775341555664599624117284815040268174733053800215485547568489150699659057952132286342285655407430382991747693868421894780910759670714193885e-15
2.20166203025448462363904600542705607751272586810089445819403346793741147094009741175373673484823049443379734730361897326145454274746057456570545709213089649288727662036949304012837993671181834075344773998353539010008110754744127631914254449253490575925132303477695970332662754963116105719589515738366947688441e-15
-1.88087826706245687176733746880513041682969827608425416763949737780856277253384283026101737020125265352511918864644157618832839931879604807060526876709489008996489224978091575311275094791375553532479680672692619375582108393076224501487956031033357276117980140303736825329740653127833549037288148049140718103365e-15
1.80535298190809587611845393197280382917083965356185964763939901705684095264209093742113303062263951624234613634891390663791381586587372911903978378820003773273542366687387615903441235760641869170462809603140702500233749369703038495739155403489034658063442670637220366987738267028046508517981912921054582679829e-15
-1.86306866015725291781815438412413665074499750608515376011881293131548641777011013243420695069188180661334709816375869316569614249101270527952856488511349321680867596636060445956394724584918796669327691496648888403271758544917871869505690524754394422418890628304801525220942343341308368819792618517418838946688e-15
2.02810981353880814321719316323976285068115058652163843512392506136806903485695896344886647777939198259018081565008392469344346271745302123463440702487144467634507361113034792640508098062518240650397740807784472297761599280724887145129766557021973900957278561367847124917647502741271390963157877926279983852768e-15
-2.30117479189175062225499947156337853199592534361087787119157961412754526127645017483832574144780886707999197652830706554515299536992609946701171541615672395488682014239481496290301188750478483620363251300602582267159967802911906392114465586313749266383941605774938060539597727903451882421781399272670147903344e-15
2.69498652865395065249161643891098192553475347192885607722742997048578838475476646862965064627499779211432296121317773950890003105062128891472659182778307047140745826749157656343926639812525687896228392765369555704371994569710926400821975376002136679401975309624180095614547335427310111639576536706833049995919e-15
-3.22670900030776932440624368218276876899566190651160170477723690222006162216810906717857110954646729211135984033580075472951339714627933431257033599865374513417959849279285064096371396529684598443969983805274698523363745814032686365687256066721985475058821858148593356315241645830197264357292939943939116032583e-15
3.90840770255328174902394955697256841778193859914816866448880056854334165661426896422943580423258862708699264379667396032166324392190891909502901621446371050658343461500196317663327711434025141083071964525379046762382585366163901861357372013721073501104871105799209898520493028684452510157225851715492711793841e-15
-4.73026309947106365629061969319806998799718852258540373694327441123328265248592834629814842573306858053844333832531315838014939787118645969639582963071079732658259469581275799459512373300863722004406615079778600523269691963824365347686356820794579125480640184480882975497139987531997976728121129612389867827907e-15
5.63242091349065114000270224450162354162080471892978760643794139729390384983305120799521364119100783222069750260632801673407074034140294779668526737168513909230597163519089796315341998403568839250260635232379919955973560806939506033046798960563286754995211265052609074646250447839300005295241704525065681806226e-15
-6.46636820903137452359894405435841085796546688289217501069119366027021711592453169815185189891132228775731055641718395494951850393345154001575523648720552334660304582621673410946050762661311768523947319408801797874785727561349877598749453075093936807301722675566695285981504675483440778077123033708419395802132e-15
6.96261318590487292253745187076724053167647696897633494724487176062850829117129232346619441318822627804583473478212689717709030231948821234574129265767045439388504160346370013188517731950921437874862258191326831702544706340512790035473795294925547679495350310536172512944109179564601861007326098520445767797416e-15
-6.75381891330116022391742024256992640298884752322684465730120563352365474205506462346644831193584165386600351321866564690656449056832900733471061472727889131191239629539832803235552618102417456552635606081833718122611576281582033488012374685007833820102592049408896857703100968612765878013304389942998053844925e-15
5.53632892310168866114204488276961411310690811973800211351465807925130459135383770586502603960041780366262261084994833308314728960102519221259525137506402644752114390922003878859552778789149381440148408505306238518300617934489841594353641526659632469517637253182687828972801982382368904741288636555924783198955e-15
-3.41114411730851903676439027071370348018741965915652645284233468310538206799926446082645905629113338453737674710537361873725821169081722880360502888986242648823269401433102893989340670831307612470997977041346139796981185498935467245523026558119478947031973536005281009374736558569170234974393628802256511629413e-15
1.18551687336921890636569208802058166045578574389105440196211417868639352691222031091613198237348339800439629823902272357507362315629996727559216013392206867902254112753845023608037534422715947309783962857983202340676095260607957114608538422212066996517100921969826491909732045079294166082322194225608855336659e-15
