19 1
610323880265773597497.519289397136703495815732090925474359138226445824974602272204987081543368752307364914906928880682669632105602337216441729382991910896233653331648443972960893847401220726684351282524414971745960649974068667549929867345626236647752580978218447227174649285436170253464569818955420447768544148
-918295680129496567363.339828032663877554925623287173511726157443057105671263348028059056765820889469399522275097371165285696598073686841539696464619129856528376427165677976449154083244569121220500025491325067853622224029629317402567943940264876391146298755523996138862438900637492073794138675556895892314099894
555310023792675985974.799351985982411042337035353981907582738605980088753810761682734730857308980580973888489618965306398307596795432674767215707662442507654110243533161484574250674170350009702307360268047784204992639592526554039417469205807296825829534696423744708064677111390556214345815556717376241408641281
-475985886254237614180.223400283682382682661675555960173390851431545662154083998631624165181242580087813538539476381007821616107916356847749377160845591234937258471195404186327334140581164237582108718413796694967194252235896952331765638910813896648175911064368655448267105491657489043095642879627853616564651973
455909924614197085644.278187258518977686780556381473968467160443504446918904276609624495860958087873876375709967797213067255444461747104626726198344696129817971166254741449425547427863197586654100526082135071465366526489669771650654664338691120665983155666435812238418943568947106747716795151282013679163297483
-476369856312957376314.485230325004901823906977977350089713778658434280988917027289099492790120245986425808884665477504263723763170791608153891793563770618055239362927872606582572508696389488131159621947275073344005968128208815106401283259460190526414134484608804026855495493914915434982457615331040218148769692
520555231217011347846.279682971973041251124845716171145019530661434085253796331174852246139422202342685415320688981667129848443946580063845593687844465548104455524999340809419913279848955565037543707226920553054715118458911857732286127778434983190490308742397556648955726968502798373248412438733412754730255322
-598009484540396543395.033535705592047795052929956827575545534472166975662698558467032424358034930669843532118936077970446157951614695439514908103486712376123023962446915517929869569137318550817538002017679399394843977424192753374172317258023303292167240788614280354856222074990685590013864347060489987885491971
704614648141314794943.789686458139414988540902125471113419885333112631657410887922304838295415357867215241341490192531872863788218395475197400019584720633328434232622212228598659351169708962442156844416873968072734281832018234055936477880314446080355720175464933323956877225711223519985905140281814761234656791
-854345417170790097064.436395026113743352528436352441426576152398723928403695752781882644221925552617072379754438355376190967303544917426349217090062811140595506982452117621282722349700148379927271599430311137785875328260342961287323336833410628364227552013311392360944298720481775447000474680107913126434799122
1045247090916060340294.78453221026327471388272107426040709364013699405276441722507888328036979708689471461025349926266280800557408281335083688591556535132924186759395002178013511009812645200486719301661980471125496652944397018809160282293993169172600987105647180688895365488203916569851498205401534456600652147
-1278756884235836190084.1758847597842478284014663166464782736400149587409295714484669918611281157235052758161122771175094642775560063193527659858312126260249040061097459709458014664771009251825946420390821182336705663626028395439973060016128636435299253473529064769746715973075146124632793439268307081552014687
1547728798847530883468.8216658734325916237481726094813973701291209247067732555243019834632110582841473951843571735807294471966493827672359057815094614612144834531811136135470394514289316880826438295389714219542209432017764813708025234992071484997573133737006470460254843272781167181041571861246273287129026751
-1789801567882949629593.93064259888507952939592035469199981251842431288811426822576570148043994375957534123667589364373126530266291763411822712620131451018708123669368406856787491013223530315855065578056339228293034118862460843089157116979120592891148973609487128490989947864200386989106788379314310036426230367
1978329554503481159883.74005695275628161838831055341727751762348768036235084932984778717751740757180243545230486671094766980375351037012552154565979651866298219927214681214168242176198660323808422878069789649402540348618308002048794172582721496671192493290169887983411196863429957580452690846849158798336886066
-1930547113909258431211.73062487319528280085390257415080517575613018345047612820621543538055228171243785771591679164900711075141308112090050704812525990473955436258966936103913066916976481343629168969843706248020715404614572735260486046191414803635746881776334338539179287151209669295642183123535111968966399841
1651148864961555513623.00715603640278762819879814677142044104982898979675850472018161358312625137038105876090243653698267954997824724659742895884256664615442227870910860303584253783843981488727097693973173342797169228486960878763606314334540501514269758816074681362640255943748676330123898129285514766692752962
-1037586018408760154151.64863545185860654850533617848953611095023418262567241865005704315659511287322261419288290707441379541682695048839318232368053920292762346743207235459001852832602926739356175975679172768577705272227258555284316985958429113173043407526006016595012975910839422104279424489749200038756520275
410519367583431852587.55050612324872576033151453494053264113136455695755242163961745891942120685833583313033103153479612529083917080658889392526895464813059241249720425269033732967606738395489206095906298459597592102200561704754489749630944112009578417111694175007431089471780817178708685456088678049020897173
