19 1
2.38491983976075605184201384013537927760280448939496159208376758794591966117455606843029684772165081391040492490657031741529522351724592461401914763655702796129551449155537164420185290280537993946046722346207623203472102984373137175914580418298718019983147801093589409174317853545527301588039040268087135699564e-15
-3.61129950449524954502781899746020422313371729155002377106687156297747258333208092855313960826820550437667170912355581983320644258782238892374861988075764905783474182709109409078282459592151056843356019059522693201083305774055506059293361222875582364473849559386928317973309480164033440390452704075022802194165e-15
2.2079185227072376379958111994185929989647495350364432020300862299911667947811478841717264007806115766385631149792543443430252976890329146698254514301372287825381027726664493901970056578489175083785024121752671612866843347128245691925819201705245745945381621485760135113887550692358543025047982989732017116273e-15
-1.88622279528936650295871255361291763313817332085127913547025164250396512349888396251514059550167546800922525133267442626733300004384611071624055603619913801419744001705134174948628184355351600898959490082094144838974583794604694771301610143995185706483554098490719658038874571360129579295436378745597205818982e-15
1.81048236558903131457969498039998127089065011396821916698879884186031808259320489784323314886822919740024422530957057205483416221879699894259046801666814909814873672622044351489800845736435041164928602987376392554039002108767808737071822233158357707274812605557623509759144257326694506100624022003063934914981e-15
-1.86836129877461966059079878717975055831423039396565068525137272198575368941706744443193619302724241158842448100616803333015686219994480728980623489916786738139593618616368165982593273219710950871928119943129338629874151983536587174211230965853371467008002006813303409368155344771195860388159110204804751257866e-15
2.03387032592015677101752147265392926318443740393769685431136388457679073491576169461258306657474511237098002775213709056561666287740126682684601618986051705635914778246071114859612930734063138127818210601856703709868765843895144866786132992404100105478537878089750306101283284362290518983763821427541529653656e-15
-2.30770957921885072449630006745199901379660990442368398995731996145782768541793332303761043952393599400965510758077129789141370400470262802810084413328403510453114439813235294384612421517454006229666395503980872626221060015777103442708995752278394311811843614741087367076844407764471896972667155074885051324048e-15
2.70263785235572732073255309929428684497134094048123043175448830120833349812960013391646901977223125657695253779693535237578478507327243874661434377618982995181570610904496872552823445889381697315125269306655983003777551106759572388572631101771271176385023277437360946392436184741505313849077984035866261507809e-15
-3.2358674890762558999257766216834830539008598290719580512871298568311684946563216698398216924909151683959635603131712538286244663517884222671951339637576667023307191411239633901475960325514744984338786066962388518821522638235571643200503984690275496294369326962810781549097854316722884111233129812416318100857e-15
3.91949776049028481162580440808062875375325201450205511546792259735131326759668655949078668178398394924823738690518657617854639131840167231418128249995786878638162116799048102863468481695716283221751553912999749445000664490440885584280432191565850582607322409681788752136923668784107365457572179337481314993775e-15
-4.74368070661729901218092740157442183412191542854530635345257341562225797988090990611680565187140799240736205479964196605657314916376380728063229815128850380236006396368770220732596025102085164699120139023400743790355062479033806807055165238481975968927786044213257351673320930405284883609879049502978007064176e-15
5.6483917095137085004730246782217316172371797046072535364624868156177518145046138806710373293187281723070597592578058313542509380264010582074709068495679550818479497335838821998602996979493294871084041584119075815646462042710136846492859379273035080675582716701757797706559791075306373020569638166880205613694e-15
-6.48469639246937341966449467247911987375043911961252764774477536920255238599990367767059301743596879355331582908352975430115004496212493755828059641431920700208096631631654602900919779331601023602333389323119068138199049839410524425683997973365743295958890403577850203124861695890318560571742896908490472896128e-15
6.9823394397322992957498334913874513763342892833901084682684164565545962659091151910117935859408461112252308702541284964632207961296838162730051629177588685807697533104232294537584301691903550800674323207077633596781322517360548492166942097122579714056284748222453385534874197333691280086261287342476005219174e-15
-6.7729447709856080426990180221035335423479630263319621069511564909195647031239916148276266162670844548014619480395363338525275872764720703350346626884429817245978465126907273301075685738325295638041801591876822930157102540192820711587108022170077824479538457191673694425304573611466096062260442982328461956201e-15
5.55199925985015487344594122356976656485886688746032142379826013077955686605721811243124345854975263536164744371663665234739704409850660040748959870189959587936541615506099717649875570405459161530731351179945654521480164972828045044346314931385466520731708173984604860358576785212597458066970917217862841064208e-15
-3.42079411483484147068363926788849020628279589965061914641554095710451908235763358347780764948881926349039565313330156334043504847296807336577471497016034822074983807894015730651649375368546943695289444956266427580718312682188775513553432625936790824249184726569200363982560393086412145510349467763893606846501e-15
1.18886877516351907880745014533807264974232937483530589819188584011664559575020561899548070719467618171156762734914907608904697216304862514366694303923045037550699246136656255257449689621275334515306230657785301319362941802831042273177944301045000299889933284532858719506420428020700723082209087567283998307279e-15
