19 1
610323624627952719588.340752323698216432370554015801823273525756748618060013018567265703350414068482717161943519194407578684417225366279548401731330158316254202119161165457998884074894022196209659512255915902752212629562598946934275116124415139513095996818396450967685307933570143892004250207575812888165403643
-918295278849434155403.788425897178216887584796244595899566060773963300473370044716368796676331336835962371848999146650240189005606827278482433866978431160982709877844850004069625474766010836730145397929066123865075059371288184516747847517441684469427473382590820922809281509869286037653312511181306830428370654
555309818771376418511.156662618736972580889997364736769145691401254103666798376782056211989052794079872325382447659578154250730983282506891474866758484882508805750765379137052836011152150953481655851654781896449243974210660695305297181247928456076575205118876086162703880090762579910202655655955076379459225912
-475985663426261849468.19092078195202294436491442823244464689339096769484989420771537800807508284433131817900697977729538687103707633583126749334909160059497835487752038150111641300081864709395692598894123236207527701655665314228621995851093584695317802567966523675323302888609066012530665448411241217870952502
455909770567922195324.283632131661649001348305199316803780711566179505536044613872156913181945493805824518346085008691951625679258489282361552254279014691702945962544889550776291650251349853027891396902079396320739309963278185407508122756773310229829600764686995630306168089405710058732200981069646795072746573
-476369643918247235135.552789352556288848017401131847141031951386136199827632078850954389764322564146584981433099117726069512336891419713068969686612513061809142981252236681530879970021031350428189997379905764516049570939545218116305062278205602184151717975765059707622811810916346070602016822564082101999439445
520555038428490406786.584549069503853566834486411467351015050905568143649117115106247401103197690535226272375199128251958209948625877227240979514278634695030912852288301882655635713004022366597407035517786998729327057941131135932344820540413055755205581345838445928468535830822738472142212000771075940605486007
-598009236595762801928.438553229474534112861260038716049185623508561195124271190549301247703610931601484005942329172045807935411656284150919847963040759953601171046763771930814417300537516514679632286406807911318014278771216351691101875175844219201526765457874935103778436399088919007453951709761299978149009443
704614384858247213056.134658599296387744346561646954332775777231678374097790367142657142708901359915221257388817417615750539942128802308221048842816832193981403619166299244906579999809633030154279898060537281878680784807964152404665498108607000962524310741085359349792877380676315264147663117922681848035366816
-854345077417572538962.178192191525665721144782136789158345874017995889039596171015400792383935807505523449999659364821410359398199578502337914753081110484984849570733094149135228444459536267010270289737058079886979925967424371986057864933120098166232602663626251205590243136267747650906968095180939817487780897
1045246701739037236407.03226674410280144371690494735657553908114770211206768674724349856189806204307954983313381658362318872827584389735257109839295268514616382539524361842664654851703683039926210907680804041239313337261566580509727305068671269569240023000681679658513723232420740523764842479412582680877270513
-1278756383981806701546.52945353310796054091719434337704241320448243251279192440585408861935128752339687284045373701933830187195437999919636810952547733753654798558929071337852516515390001076574355476706343682318309804006343928053370207802959033603725663897799989102362078196761219682593859612673081222631374936
1547728224626185336777.53519337578947635430558934865698571115668829295113449180558252981289154942363054444751966556891117262891607126332704774293074346998919620655041493843073898947482866380551000045360568134569760372762788693188637191324088694294033446658236036586635899981998889277999811982308735967143299684
-1789800873854514111709.30463869212694228572065280094969291216079519877666363128858001856052887451252763282975148391397625667658079731691321218204876552744351217606191214794808697113182499743280529361201003404950371449258443408362961429184017720964475714323837482065195006685867612320174016324074189361214030788
1978328813429862918117.11146119229325840153845082743731109668895796781959398904730661400461363615165565387463992833024507786974001803269454940497523712252184728870067029991987212462287127783140864261042501874828417096160165262630350592546537284639820604134752161177096576544485864303625745001916016213653616362
-1930546379348924378131.52568282284739765179078444205705457891671185677178088007833165949029907931493783724704137988375321193250683949900128162580108580368760962733050211764000512379361418888199477517914680523366438547064621337959307633204356513305472474942060267358069957134326271535600618259393527921455673626
1651148256121784760653.55437949227434508642650184899783020796138393473196941219384717059272707981054040371677205245873704860503410667183125359176632468347645677727880924497329505402470503778397184785558370932472055213181731608711892712670813663968161273162225938423427197820274404477170294657846181972416006594
-1037585640036311249345.30852195748991728878664769714199185321479170642601910170858114906837968961567961304465993829138373448561379203732137170554327554591137876272212412273647915267137667274918073886290984156169826693108472625341127972978631054178343302128950657459243535991594777244382347163145031573608901312
410519233209811742384.630933085886144568503865446418668301286863288088255957595921860983283822338179704353323163972028937453040299668601906021523479710631366495098088722143960411985357294991842398049865892906578716961427513907961412812031327128334896194117516677505412142970949455709478874339329133943224963743
