19 1
2.39892156467610608143380244541693364366231478007088299640015801617200516209570458753755699628509498828878071859192198190029046763162068468583585026766807204137478158012496061325264770860832688201479391125654971371247258793956923264947733388737925019516332394517952715700934447858147741476137091705607961508851e-15
-3.63250105793654053310953654371644601122565714179677547327134701666826377550975315144211128812375142021298757622955008256656895320701252703496385298541145940088457761472345566132446336448094948860575928172512955558779927451312565386475634159245681154301322345225578129324795658673843874291033714846138882288115e-15
2.2208804421193947566997600606728980318728717346799180070773029369380763785243521977405870776887731324043073634757674505144456214685043584812686758127051766906834281174635557351632611627446991288136903858948146846666021115004356215822227891472313385058253250375816088761395302608512594929430548357053534899895e-15
-1.89729532973440436519407690324629613969911833624585976406938929801947117465895687805297660798326554792597352775412256682358712188274466960163321843959658234113941591258553806172748722856573896307292804128783454869577827975615432016268803710594212540504370430537217757576518941644965422021394993998605740318332e-15
1.82110914829280050979101526253862480845838096279126473185800490213407752346847985404518574923365313222453266837050943918650561684871678639212211008739907038943285085556695295691474227838521578198366379089823037522932530515591598474983172923519202608572595453265923323408502269250690587538457761480436039919053e-15
-1.87932626963629171538135588581649942015251610567780630781182069927569097754541872533383370082647562994409762696805603791132138827171993516288914315878508387669861066017867759231662317400080981385996967053404088709377714591596227681245955191246222872767074112814035096440302395611446877098727825221850747226899e-15
2.04580456290642912443877476267788026503509862742538779614564807580698416951729137856871564675096013007170282820301008592569434670877012795730776587378906349677160915268783463925814006127095753891750222012197974839496941933154101653275518403981962984127371725009621352463588313667862936706022022009635589630733e-15
-2.32124784326685242820245740599335788916977957962999978496375880696241686946443284019453243804190467068052331808505064384978795650389762096816307893168351048848424523601429159338199614761248834113159821299465115155298471246201792381405702074105869563808362843726486878829792399022907816934941386860938563105748e-15
2.71848918401306109755431763936079689951440914951092736831311811359531538881758017619903437368661624089277204833937809903996991360152284023878228036656162663357006566877666281940088377056637903207219760902133328279824227662563986480755430707292369460139227479291399666993697133986552193943585818295890111016126e-15
-3.25484111459056340957744660918615380577360969880108214589429832764330202640928658476722573657028959103714706007293773235315208430319090509387324917425250483064986495893724406781910509748265709148682178588656252537305983748814248881405561011222111204807604234633606227942348523122324625616488426428482246862429e-15
3.94247285615120339281243544043285125945694079260335159166856350619982409550228234468448820520079170472958018877274496938603427926328882804165565155669825555306866759281315867181926689516086194712859393976405208554133847577880510549611867329154569450776234285198522560591770063355153221522067788537494198012072e-15
-4.77147753631121532879692999439276589786631570372321819187060002211358385272850570498107591953514295013965650675818938108568112970599169915122014473606158268582234096943609360300267833915422613601138640475952872441814366998517313004533884483334322681360743886647724528301976716915188085135626090590238743308908e-15
5.68147762169565310026037934651604342410123036339671639896457399590680733903445832411223396101434699693065276892023533458744148733360851051974199607443590429361500629720635080108045388172879743219465972126792488536920758321342048295584614921422529006511271453881910441263889196774302724717593201548114933613444e-15
-6.52266564103284138514374255113498366458390041510354089051100012362221412896615140426135085187908185190173300046721939753439014815469715766065348688264728057439732610875217055971178008635914911790867256998179739656372049240538738597301506818058141053236725801584656845256825288926611932014010629602789257193968e-15
7.02320457114741283299078251023693534011075266095964473261356834915393071804410208348259718163985189875232549536489101962776040708721499042320013787903685762887743027090817559999650891398730212803168281915960347598406465834244047164442433422558003488830244163298884480697366116719994636495378912901104941651825e-15
-6.81256569312980734779615349779401564050913548761879643451856680019169889367354735470389841082063296073386859582800522679289477945708868628902731429809439755298167098568792409935797502333788492160201081654877015809650486026460264864346435177322801214414425331896768255192480986381981708190751163783792946757107e-15
5.58446139173177275969509944488528288049423078664746865674634095852575150265626432970884456712022745672470111287049914596039333241344541270931944366107826034667188689987410460921250449789965255432989161031546149802614338924663987241508146636699956196337119557912342180464190120634616207793884256859047595231963e-15
-3.44078447558632974355467023871491649819496558100694550480587458075334396818618673218427506297291992284841241806841221627895094499882968539427552404825659123972455404021448831739609244088048896166692035655728223864888441950427396655848177506509175002660003454747790923861327885808540608849714081057500071172909e-15
1.19581228584649208813540510631197456379879597667928605038710573136867730303276979860122393726281509795265551291657266896657643715544875608259224941122902054323929125142003682126631004381214220873754514370053936051943942519235448195888605192554410945379508085199829861329814410084870634992339738546895707483235e-15
