19 1
2.40316920436206998739418692954413590205624777129816437127243926078932440296676682906368420036613056337723125328727198914025061446090749649011340425420211029494037596275891777808646008315383269290032248594316826661372594900120762474229609821289466460524016559795312810293250430970012233908892730403387171728741e-15
-3.63893287355216643628967079186302849301192461566570500292609850235735145671809575125561883058251579380335376640138928319636155285615027578887102174451904680201211728871334636973548400172614262772377125843716449325021976825473048165796961393780258619390700762128705875977195348387674772572315700945740078279197e-15
2.22481262846004394523952023505722557188390807165533698423317137107663799069864892719126624611167002880095796603176732406270308864151611379036547709123110941662608313787732468658829894977870218514996770560547685509156487919823724212122519856034031799751886386548341770319388366859128682458917079175842120705751e-15
-1.90065432800098782645317537575209764480634460712291187499816734304066165593722808937333513084948150740728331002783239302357046613506253300407650657489037765934731772829708461108494105540844101312408972700260417232425626409219730961272063287436435515362637055832163430376936321945649665830630990160232219170623e-15
1.82433290012639069121786402671161458792521796930077944914326305058596730576327398328859480892978879421282293848349560791896359242797525139686596066467630005690786343501303638019236978233317087863570450872948702850195382372593205364752048696521656712633942977465808855021435335462615913781955334935010381577913e-15
-1.88265258514900288457321104740139725828045294966666208415313989942942077830684596270394296980146405520576331690367824929980199341016124854697771616403512319096915229535090942292661177017769557275331629305592873057752266690484744476423049291984549902634153661261934257915308820967502873066058078083806918837185e-15
2.04942487381323171243624857448449776650696576238378976510611518021384355213757141643002524327060822670595900962300611820698329458373160632536392339456682756654878536632893310766278276945678890816710696785253623729502232383802104869991678573534717601945024167529014936792108145217725185476994329140722270306263e-15
-2.3253546903888845777371281398731575478924572922037079561176830489572618077176295926925836053381328649542929179744571130871102248579469709118750792463297369841088867656467727176350331394600423089592538119524232129341547033678439210720945571106863172818980629648348518526002147777498604588179086963960416793941e-15
2.72329763005156431990370316394076009017012371284498031168288857168678610965864950235133173588465670248983639137265658761286792459089854484481972574332804005936865475201333402710024939125921336972066785760020193088428202104620754380734507243740107561078608249863425221276916388528283278872145261600881332048413e-15
-3.26059659854078094628309844091813109146251117327729372464829854942192194873196811219202764317909845769239987091542754673391735404385470196436542331176780349938188314160313970927426876512460550392061506288782941476680744146993060249519721531179252140040154929583572148834269264918987283409593947975349637530977e-15
3.94944201669778850724039330402088388543180743782365339573536513179028914009496051915482012887690630084634987832469073398945243396010692275667154404159378980891594225870442717793631348237025082783058084304538911591227238925297013960010045813718334652615352757569803903110817862348019091776195826415596060239717e-15
-4.7799091191993943943963156986152671433233312171285942739586759962418407356750533511864190056005514005329150440325266299556931041050162882618518870234003478061382684083071172525539880155454623174590593294341412758240234142970083290214510197706658946193476219933664032757995709996272511958589819906311354722795e-15
5.69151330049753247380245419372679005791245216219499022941160338699153062440947224564033741228582928323895791148559521852502372457710439645856677296680103755577346600328867706245643621039613959691243708044852943734756810894610247213052840395130365008357272271315075828159839248726734086937767155827351149136819e-15
-6.53418224730858166107514163062671605189564415752217121462285405067180258654608826345993247217296372188103997061342083058792391810613055207758408656653286009986482548667220141406171058362261755922525321790341704004871646498570710020354420602821340735683689324694801754902319713983622956565728813355394280492665e-15
7.0355991957128136131452913387163540289548941565299064957757600446551847011222614887345400032826908066219002670746091971884473742500309756893575506603318717927729002696140634953668131165637443192463059991014324843219985235199183822386488008228754069901170738749646990127000883401885023375406856472008594567102e-15
-6.82458258337960522889443180400830446127370283960904655065589300289305848486899636508780619277552852207402195440197498543209632096177137687013921565085540658421712427040769611476332559652596907053447064728473746645933991006803624912124287740174999420354217399033810002472651493788602218372818724849357822039668e-15
5.59430673062099096882639888642542083361708930269836142190411550807018896824539482793364044103143159114082440577826735605453203731239148857593152274285461994270844252110358132564210845751633946888172983359154843111979004440080796825439645146738255169912849937669933637848139066038514660409253685528897141287463e-15
-3.4468470831132831688335760658457422266208831897937159547402731373182380979423676131575345868413604602948825579181905984264280410770690918127320025941047736566736618199500660985924206683266746684129299773386919876211652399409716004381564634642368108636494643737853313765648276745910041471898757337706756054305e-15
1.19791801346512407966290675480752680728859449784712846201808557654621048245338162697396963427640770292994564803213659555683350637428994289716878468021471441008735935672674274798172530126108441649371573364798205818967137291602406117977468013846843378262937378634414633084050865144471882773367591255257168972919e-15
