19 1
2.4021299647376514120685588014472503064016397170088005634855637372793367288185385927016018780911696399397005736942810657606937825422194221601511667375589343527212646994370616339866442082688838243655146680608591200077485914221647713328451008222703746896844380555611092015386209747739375322327732343647423985792e-15
-3.63735924734424509514919933797974243033437922972023743466264262677831178139688429048944657346132490696277805694287666497770604328462691375087243455678278441083157944854183930925365891744285217053734777680967457108156176668618116820403793869505970109293689861206891060589803943270561872748716802038001337270568e-15
2.22385056899271655835710880716620846223741087357090007458701162744791004335363739720323932838033158897161278260136462226942419402557929469472587212870337085016362176668035762192849283224353873888170701894137358678323373627391680667082163321186019793723847121090790649432538235849487800046759935942174128448068e-15
-1.89983250686375375666954457081694797713351442629022854918779987968938479910364705242891498411104845810636333843894192944950773729703349962591119811653196675118160140252274458027466862316933224862830587752031240429357251810726248139345390907150943325628545369797802948657175854345025737565884627423117725466434e-15
1.82354416951589238236534217274137357747610116341931517215492335209198276235564242198850569351557167368565813474731257318403158915328379295844282337323024309595774508419139542705236034878015828987566678425997115058598364007255098998105164867378255838055631093144158892561058297857467883579769512699316955773492e-15
-1.88183876213314211167015297972611945735394997631226733413167206566888978066011463393374113431441464754914600464010693323319388455971324151982537152189464897606821155991393672070368508253099941893414106092676613038542788500081329901759170230200377568783450194786717991882542738428875173489276392859650610471856e-15
2.04853912272440955367085077112567877947018102339188735176214191607644929320803357212091682255948704790293003135781159362676827742231146580919366538639702837044765960928287632998231412954100622351151234640221840298394376654086004873046613239694124766553642067780415122784233747983598344732840196534166744711834e-15
-2.3243499044977157523556319127919627391445481756635487220075901204011389315581771203218451777358962093405020738345494260120892068592010774703904333027549617098905012362926109734756593345531097238585431895498945409578918710968406372509572210649336842873213255793821728579494425037752907374126575012403159790204e-15
2.72212119279407352707662930737984956557016111856548377520318356268751931014205050161714287121246317561308151480269514186533899842646186558290483006797798814257522054164342694103380921091840742255253298180402252387038470929060131207246626201502283065914648534727908555704699170736164945878442369686603118676464e-15
-3.25918846200111803275037651220234841826966916415818490775495778995299323444423818826759775476523267070094235571875924445296271364311330467268400962607112523801504084703093498383228068233716572791914406050595671273510772916996719874114892131978973587745458284118065724720943342467081046029777967593181919336301e-15
3.94773694693222882493702209472397386778196307529968351894306025039365637165058297007851182602869926412959441617741697725869793380232978425278078545619296463951506592888107623764353369381662833070664762285200524529534878787041418956001938405943018394727831231295329505486435110526110341761234896320126235148914e-15
-4.77784626075792397510049687968295298027278428131453007026418068209024379422322577342295909819226391261679728578138808878647972709057648705109484236297857628234773092310620830243592810390143529230053326034129249296376726313349259397043979129466976825194487980473568177419120252109322311765954999659324172580936e-15
5.68905799486733050419384524795244370759149307021970849002382550577193643247088939271529369872449940495474505931709249057671516180249590308409737449767292684491756618206311566665143476261893343564447665100890442366115039901393021665376637287180740750467237686333595976886973742815168046595056153886876665622474e-15
-6.5313646320852247363805202797332302928352688054526019376401451858721273921470088195014378326154491469943877872988826216117093990080816859676737611548815805960318260013054037245961341910417867366145903599171484635217214817636326864058037020363672633137665206136506393914075722754091245698431641627114368339631e-15
7.03256677981187008801002910736990916215796295105417008465674850938281573087997797330123185351556859632399955700492706892191106055807254020890888574190134188773396935624310704151536988963963346397418098047551431036403566315930899312189644966643071412416677874174421305606899200965325291777619964662845790202708e-15
-6.82164259528905630073299197609847072499813089429229043548165580259708941890211144532705964652569608961574013879088681165390373887910037290776727786913319346065259612613611884580930265921371478183526166223878819153172304422580191763169357522813734983763692146174363672327251404338538160498563944473798341125782e-15
5.59189803403247175852559313636193202663331000623353340489173351801723595800012450657995524335334976939551369852047222914513361754035113475443961420594355452131623234393604344195818694543299431617249206680484862951373700782853295446591276693290631413227384906617567529645454409338067096713614320843390005127214e-15
-3.44536385244337967466844391278462880350408648112454703503649060813536212491517589779065902731183548178682525250886208619528720888550302650872868062891874742675570929987116377521423305115778224960275662936502092871181945533603874145953424311820366260954238321372142100922270486645157064885448444349271422186667e-15
1.19740284518585826734430248522810122677306298301792058039106028994813474606951773971541727598176859324729186537554631612512666666452524343892950988886289965933384674845862030981820318476406328070964927520112259469940018688002879578065279681118104837017854414145751644248756141941552689708339594295401863275558e-15
