19 1
2.40737323755229159291456345602054258366896987880987792524761413399846367707481062888909268882658872440030954435188724911347636010555679947944983404486084701096673097415250295816034105964667797253651573153929254233883727924939171406649708942799388719086976345390546445955584668567226414151904889110813794889625e-15
-3.64529866149572605930415902106396992722673395683142246315712073740788347316326142409300908700020932070963399486739859015798239054661237375451767614249221813037667806804748496846866182498526776012841960196747343692449307707891703410454941630208287064473097177731736727266672290967999016219610909327811832819937e-15
2.22870445296670997130639605022196957512644021269328821934139983231382989724347920630308827589190031435907709758814529607973247410603466809581320731029155635323133563552284121141421688402852235691617636050738439824624444497861146954519666391938831360532732682199935889467005363391042825898664919491912552232683e-15
-1.90397885585583638799262636569274756699122089987717829976847361296927176211172241246818118790854987579455472289575580338160237203180724014992164990869647832917812403679826338731730766725033972946741296693646225073529625587634935824659804087057341617380074662170934607227724815768908276377247297413220749692865e-15
1.82752358048123656418209708273217734822936516430804608131779384991748104061552844269529745100781959699372909893966465497066169737937187619577953078018503054772444581411252283918486794397153762561562779923593433847051433297126800922456371414949439658206003627090790464513727698317465960553364089620246775821423e-15
-1.88594479188665865179574710732025722431682431607064203558545659104973349406918699976007331728910147300271697390390077582752955483687758800596950120534294419617842302385849938089722962965883095139549622213730057084450552834469018719610248234212699045661469900566254867192183174632552707054361888120906334588567e-15
2.05300808125573379185480509874606727790441835299705366947651895266509408377030191740142496710251916468289300230328866191849107928231309205540652171788182497715267752323792013097322663910293218218510761775655698319836194379536097317640061407586918726495360214460048668803305029701717005857896707189447955653168e-15
-2.32941947471405109872569397927245292838980383244994340611420780509214425328644020456277529597235301042328094313916200558148697671742040305647037701888425383224035142137476841626399367488344249048452696528154582138463859894207552254315671349983290080821456233159593769823364403300936948851735204615364044908455e-15
2.72805686416857185742952424531107407035398865103634884740440583828144496020191822623220681222694751534656686905420944660183430873223313770718776683468055526704688492522734738341837297619076567217808040369841798421583794529577877902956038172523357089359615850136745745189996735015981605848719341252049227123782e-15
-3.26629322819748279169649542488823749676992219285212598683221467032867432798088008903821595136335523051451864156489516433974378158917402114240666460194674627314010076682714309483473064494311337782189886874388457540985710627038422454183203524951638765333448280639547616055698979314287003532343541174336576970709e-15
3.95633998018595097026250610946712007822587172857266601375025127500720760908662857940890536880453728855659044240676359006517843568971424270907239122605584931684621058475317750154172087716712665007017651172454771134518351481767367969528662314388424803902569844926916951302713774462492525909553810644560645195149e-15
-4.78825465616728806309763397564991229820703869335084852284195792605696296457541717310184589578028128421992204083757960196351759482500622276126472387360685374998328451421504926244137353943223029614165318979899498485165620910364284479404944649463567673353415377313059574755412616156862806959208067825923033637797e-15
5.70144668261525131618812057168451908659638815607873824798434570334998936052351639301826292640032983638153975444781960387150071256747163492998430195453148602006783738345874104268020428313585315104768316764815328807072162586493581678395709258778584437483888103674292328392692006004211188364229949658523844094344e-15
-6.54558161064216016276551170848544317170608469425910960393011832317693263055175050585422688916127411519234312060530233776527745638049486739461295923436915288891808216015117166879123762715722336607922831868646792185997734559361462098391363907910259232011443224083122696220005169952040992540951502443439952549808e-15
7.04786781278270415800788767038577710635243873194850170228992109645587950659034254332644854508234978864683333532753249041877006063673563792785776923587861821481185962593557465743189337131993347611963280243950895575345413004291549392930092003199466674820374183096971612678512116186649295751749903831066743254856e-15
-6.83647748790994205819618529794476606133256609908227202998201727219330158597674574478767836767196323000149932797357033345739917927709859889892020859664349809525996934518079376811211756891408147315540710955664021046221698697810678619280577524904657811992546983738345268394534880924019838918308048581191453008108e-15
5.6040522870607413956785155032786615946957960268228198922599291863448487667063477986219647108928201759818954381047932868584128527570057650976815547266168282235419703505648148129764110726058676392422515534532833667171922390367503508673951980698634324731438975112573822765059335083518326408680517765400391164036e-15
-3.45284835091442244442077041180122318050813896979545476353350552847216496581545140915809072977779074079660061604971496760580264638226546427143930649087158556379991639207901150047538341501328613328243200917794873745372442656843773830710806012223865453847386891022393513189395909454603840466818391124122248942934e-15
1.20000247461875267724270437792719591210584493524208403318615757105868323633003067626873241220358522230869645936212277051493114715646166174149023712422291613872213604089479460998733669341567243048016593692889843385724453635478781408063115481925710518202020221549169223907603695320335405371656553234734545303232e-15
