19 1
610322430051328092936.210279115739243016068857000772443408703463594930081230554005031150925171308206515549782172020428538083594811097082053455126081442007277424486778035127592397984669645115960786229772487725628451191203243397859027838410200406385389862360864766791942639121698574766245957627170338549094686437
-918293403687310936443.261369447749637388013346221071758385036080676353733767922529797860695372440895157689426405964397476750772100888629861052468363178841219450046998193106355995535904229549537990458817730885825570017237709917885103206615538480205128202736950760764439417313738567044783741933087724725025441018
555308860659976353152.416443539113455597811704562217262217206903291291721534931853056438468604628101011543886833293965314836216754328893366016982875505318132716841355243329440198529013046455927729155045151366448506579364237580733184612490947426294664196551868881738134496223736272439166852211984221448474704261
-475984622203870719582.45007350656281075726250783624247123849609562215603779260185489365252141151595280592625199351136857424020261032070861857182912219953961067247846608340544162940744156780507344988639597138552172774622264193863774885209250704710601613272172034836180044736946601040891664851233304334294224689
455909050559954042822.880669767936455294675435578305074678101491091950152057288164874739974880395543683363079974290572427368515964475274556157237324466251793681958139312432088291253601451341610234750980390001302559799492467642580601002649736076313605989278792909804126899084248409614596891607780955702352028412
-476368651464461095220.702905046400146654453492222446729917045082989740435342513977338275836015192052797311156520542427642518426210531591934376600155489295223523560848624199361811601492923602972610631068946112706227082149085278138979371288384964478035562101405813121133471920422917247079010834397400927591356084
520554137483580171790.95082441021308332640852164656881108919197567189123609315164790707329857740265919512831743816441533898767756141937367477547169577862313368643838636293555215264958186801351142951625563570573281258323731138469916829936450064476250880081633867002554570118743787193482840196550081824589784024
-598008077998849041637.811950024591285371329444460945669266276955831155158971309391507418178495929848086951976355734472734503168414227468458965778249416182161734839131516333712222086252652716779998823515634363614358126250075788314768124718944264639854245151472171867201980055933632066171827283883921583359752413
704613154557554499016.645671880481748413173069495162521190731181633137500974861628540140776570832893042318458315852719459797996507441537501047471829066867450932861573326195930961945149126366444734354835092090907333390283934839693376666877803221052821189624908141648033039263570933925390101655596631347106111247
-854343489819477525204.013497262420812386993025984225137544709373621512691604890968983465260719312061610418579978293103436982123451012813627568222437685740416042198852700347436790933502643382809777052560848625258291604965416236921950308497702254206786361840968231211448729711563337239128553665906818952949007663
1045244883171635050042.61991309401947681749039096598633632622991319800508943187523953702665870816412765235212507851918786446883987264702602272828867036783156181132832153965817858283699029467366806178053051492914186830587503406554119131424043779477701958547284952258797964037991799829040502945924049267898739162
-1278754046409162271992.75947219294722951626730627181021705037200851102873231776803664191812648552184778520609920168137580097610872528152912337836919692455527022652287227738703508547075898773907541768588166367820155665964978715715241069285494976678433557572078053268955487076941381557468183829309900014528142581
1547725541400190045741.70664128296036343248060487381722206367970287379997892584119132489339170420615581634228273705519895733436978316000744710802586610443226047526838721400111553046469645979584551521580794223582436228908145043292865750186315430416124515833066489894576198390694122144750650853064300303343399058
-1789797630832147847185.42821338849958172385490533372288564843798807899661392087414789086203427535520186912806598965834962348156194232283592560557232779871841817914527466809012876535694891523674440230053426321304191008890531509024401023129108633394258330060674512991565610423202499163877836350335655824870278463
1978325350571985018568.21486515004493557971023741291130583356151179945390538497687251000863289586938380444431595146660827044004478828457238646954806381141767508001238106832717917185899542836836825543894036247843499353998733740422195281534244706863432908252915994464756843577889620427436907556630206893907705797
-1930542946939357920367.24869675289767805991145272219452553367088543941454192138922932960512184249727629669911472003210769423184329498679449976667243342454961012098932766475000589009266701088542186643105202066636944062706737634632505905551987757703078599842233002826181600249161974818549281520806530237497844872
1651145411178958508221.95434259481487033973112447609648238287467354168254881292897064439578112613324948860546528560548079581697748241711553380240783134811485630981443611825265273553431512870692308414013102002903765374006104969301659776695130032219630135057603708594994550991796985495060273632720167919818082219
-1037583872007259310903.00614604680588961909279391268567304233304091483971533456973569162693654787582790627917866800797951928739311220605095765636415753513757585262212239364571471157161173526098831674261246706948300378952245800162108656958041156813046220476347919062816639420372184503172764026451228318492860276
410518605321815880330.274893925376782595387147407552743005204406312661040731181319522672018001521699699814639940456140535407654821336775800798439353392954008477565662202604750393072317155992761933711512789949962184423791191666850926129532875951216696308303479334637896849353491030596886521944315626092077407121
