19 1
2.41222901701629860471868925365729990616979780129161135277247861146235855392422593501886424405872534607844097134940205610705728222138318240237486776870159921939010942408059087859064345658249793799655155859019895450903003915294981230189689176841051124573787573703306027910422189941045414113247562455020331118387e-15
-3.65265132761281604789753374308005337045103936792014595273062418329621940855850426233881494083826713114440387146927383577213135089991736333229958562026947213452873858929590757835370417201863924097520958933172228674311687003876281319448105235420682393225198641811370985241783915946190225805191122558140883239882e-15
2.23319961370108895107485250739116030894775971048669873720675439891324994302285731407122666821501528372517464259277859299603865386068913417948195903179788330200557045914171693187009524715089611132586940037827290903991279381815556267034619505777575216119717103033248107235268662768027745482599579029558144729909e-15
-1.90781876272592443956339615475547845392461453096240169154919499325594196130398876762247631630462302814188619906461087764944452897280076998923767602068659557992825536317185519975151457433195499258454955272365680067245564462376838582916637295394318511504148099371359893784022894181349561535235375069025925785894e-15
1.83120887491401962854674555764287444401708393139039477881495419921481843942641569407821176522579903291602923862065763422213379788027201026775618712139154367677110019948729341963527530345519246336542208033141937708835527854548963952659527940144346681221122875668410440343479729510946247881282071055512348390054e-15
-1.88974733028250186334528128180690512684743160307515109577117814289197793382469626527096442775766054195340091522006229879568859430133728030681846597565571507191674903604418304964106161109144176113089642020800852368456454839386709737755252284822433774862877845522721182769630510603298551863267990492671998367907e-15
2.0571467008931702976800112862306185586940873505552462836983101682901553443785948035134927002568656377486769413247020573232652988692399160734321437071523633804412978143015850242842758163971450661013282993995078965501110760661641100073681697231989692793063644541507960728998407151479656505772689383308515953545e-15
-2.33411427974510061385346178097467314270937577778140608203693402528616094384174323545045857631655067409416477692987625149842682038473780580586202926776945669978625562375405328238362042611630965500829294729221993277022791721832928908226528834045397176805370028904646752066583514399585218024304167779548741776098e-15
2.73355370360970995162633444918624837004317687121921826884705400071341806899504924756018746660840523002194851571909823059646436299725155855612581447246478246000282659404918680116716180072513338739085450800879181373849643098690637222285788936398855951387309882039820378188365708734067953563513117340758915639803e-15
-3.27287267429572043210266170124803758428313649175754981699689608781640490072786214879639833617188294382167373389356913616604354182176311746600758126897957448757796712362055051126105883311526185647907186852264367949313345529952177727723853043521974235572436258367951704022408517850832252907533892554596966453436e-15
3.96430683747279291138221277565095978380392101955324869585053894539191139026211718699322037792978974931737244049730914112332519645405906917480473344265653654208230908980511911853448754023115685688433014402128826572114551931149844104372843330816798626055927380061919789306330783477740188694790989218993732694649e-15
-4.79789327187017483128434168163909164077958442433250221837189982423078220363735861754643383056744956805762326089649385285731892832424963185988416354866183532699194506568660993599574895201170471759608109140463223748025190770649807962348906582783575779149333883815400996725957775049692551181736871773837499451345e-15
5.71291900092600185924903579176713997943717415084287618169387638590762896950510913900409259250254272083956647989177220123212714038579839492649209205783234838384817815036002610611894582449764735320512660344177886565889789912727955553197360826742165989618944110544664928331368788592026054574216206040621634207643e-15
-6.55874681910804618069287776643633910879904395506088771977177401025385129401406508043012037079851752223550809342772545075890331204018475031172656025882246315305837456658923827051484338594207209078950741378108463125658724907893020716396014672036543815515011468801342434307821856884438836326482672934526404096335e-15
7.06203668500647800939280078086181651906018191306222095949918017886214894748471120105635691084339824088273482962499378094833812858550527608129264849506576681067171945832426787494777172699823391805436393445559979499182563039327363595348753974676007573174631341230651064184625822675680276149665521494322990583621e-15
-6.85021450979282812536008246455710494515655917658114958391458113019350898290855831425119025092775850667683689491460333652321992864385664471721822567271340849161064499013566258665062723797893168281410146629871298741889701156547606029150929409582668988994986242855047870554550436340189070913839369183850608631901e-15
5.61530687643819738496282533252047655282179441651233658021220861918571104811862931139963103610132245960478516129528022349916744249353385619647384279979306716054436807226149610481825062435527893696543890266885105058825000153954745204235641765951657383937240735054654776588543214346268537900777542623233033897885e-15
-3.45977872743629656997417870406311484534056542162002587235726181090325171206855628076910973055966477627269706153806301360866790484234298494754006217871891322139414675372400351786464939347546229638629295013826059394762152363340609869337700744085253697762728995048762947108918946063988031873532104134885267694805e-15
1.20240959528700396738916306787249252021233999705757012831404161534688095075847641870154457353889251913724872000319195401386901813821741583661508490605160604635220578278616171504181866995931195595802567731648952499264162890477908221369222072615258184173513822967728626422497701203754286819499767100955850517941e-15
