19 1
2.41874053462829676304936259522724680940092428117276337324744098666261401957240333546318142183299646881550278709264322787794489484985406780294971606085579546013532507235248407556516993404449781438810472163412476551343875976200357789875615759695273823114308029236712514210771505943045867200073760843050201486688e-15
-3.66251112914897119968374572897297452343266873700926652477316867477704794924990498639411220501934519222268665838473281070951625059676276177226650913921790225430508977393068380614114396765293782335703749151810474004365389701995347742444926116939169303634376170453350328619356969155297953839659425062647946459634e-15
2.23922755294887192355645721130522647229765431885933653293960651346680056510647609695665917228255741945946719129355256799249821979366788331885261422994619489813051963013045259584340957639388887981108060901527497788188347890902068800446399544325401180131178570247587388358022538202743242710121088880765799277096e-15
-1.91296802361705075027719261536402229525351992869439162615465827581577989582320032411028306338902660636627922426597322508955042829652513565408361746828178091023346483627552320731122861296631668799188740625440370690486666653141560413460609703663592990052358322904497422809651656882331723121195956611639461260758e-15
1.83615081197636936060064784495452603294112991969305511633148212743246534229406916798978102600545449574812656821383557126998853928677252783300651280101399655342912859115337230589104682345564805160260117932189678264743995528289536953886629544783808454923267106375085875518226801624903954139035602774319650703766e-15
-1.8948465026465332202787985029133375390903509774617444087592614606757343407244188021349376184132923423464101024030535815097028956557035348774723837225903214041245371435133718117134543203467330814791642764762380137050902311676109842901202266213493638216213992945859176070020711453595715231305066406168704860802e-15
2.06269657223190087408419776490497594897583488673952754163677491924518735126543087496968013988706720428922519378691834677083308819682400997724036832890256570856995772390710582926543874473674825633887885861292756573977372479665525728210032150244789195855542620155178119915923803209475119627363045220287751135716e-15
-2.34041001606680352740048649297904457853309296560918480997958555053009694840524732669214643157067795119064256043828330907956073127840108343324176908804943166073401188898708676655132990964422610648241293799566136970823499964087264083067659748241393493248795362423183467810910614688181925836501925505136053559235e-15
2.74092499944838778275156059166608124980448962685637903902306868324513555560080450423656516737203004418687928365266363142682757960403365966600498601691754598000664194763856595634479861529399447755329685360321036131763783562230630388383007466449700353018203548156113472674479746208086729319126178057352268976141e-15
-3.28169579450641587061472712509817577650685165568717716263249110412449186242474910781284912931863597818437137646340192137803742516442032812015521765815755142556299505954816800176751602173946227978517994130451507883523476759253956819459359894031450558970623973179429001246881281772490506278891660536529447858431e-15
3.97499055082258824090551802593032105555634164482216188688178187552165678377529653805626339620322458868448378806906645870737318945305054459739621804810617822300192962798185811425343357367445364688998070995072287818778392031148201839034475102288814355232967058086681131868023431269292652973883917348650097316354e-15
-4.8108189231605851468700435090907066642969082466393693415456513047805517604457723025915486476562232892199019156134772352857653764802275500194361907950965367014189601139257939013846036223961792515665579620775448355842241220941454107665821729645648977791326652753161994709951401213431962762754152825632117631432e-15
5.72830379877863987373676421691769321737454360187260776604246080363402559371892417922959488000730920346051905791192551940585279170981366774960950374032853287596466303283796748437209993081230659352159052027099423681885692644249948219712427818568075456555854818734472457876442721124455395653127607234328940425983e-15
-6.57640197015700534600737272255938588561596190735458987164595652051344217923257453486560555279078858228708042924831287588596399920789825712981544856239723071252953838102182500271850177584679059800050165022424696962794232484949612403696027108327885930629443314273874299676878983001654117441901755051439245262927e-15
7.08103794187445405148591470106352231119002146799054961692780036310520919514846286245794659730280943538911423078696993265397672221083459675202835694089571940362455026145028843449930310456132726651508125878418911641146014994283234822560823215428713252545160260065250007070590867496747841831236086111131326635218e-15
-6.86863678394699077605809849884024505239738640619492093577063245892048188460711024564532979441241447610924437594954263843353538427429555721769737989893162208770417094744343964239276324547677175395990401935355400284202925738148230185800494973029236931778244480478178612085354626538610561049246486805086490926719e-15
5.63040017524668056368340505140881195900405593053505100663089444439464986621397528907404973339537527644877632379822020785140418863848618432649618859636784099681665902614328793726164945628282669980455866478998269358855757161057415890200699331638481775770352635424338963696954687776314598197476725392768696428645e-15
-3.469073001412153312786388590713738458751796296230500257447610389067803785314717536054696833729224543573561401102774340260159469980851091616080190113852384881022831209670862862446348348844561807945527616321345726729955101362876713774032998435014204586693430825363637728146692923509643374861152951768940698737e-15
1.20563779866929026558991088999612646818527157345107928870711648308895716454584363980562290420280639444210841975499805115006418473674834075630763955746388113976924391644050984676064620210911970970598924136495483618840259801280065793746962425623556827822518060264853326052916445919649298741666402702954455990263e-15
