19 1
2.42134124192508774042102599177338959059031527767284428191153360184557638170778326758946848842814886016625147823097036395831121700678334809237676789005501635719770098922480506405215929692959779055874150170600862310612173305020836986999980618050898471068351218165043921951828951980408681652701809941321908042559e-15
-3.66644914394606304299756379539657831009989570009754586674997116322399173634626239608618250060610336987247495707461460091813822057050306076371515263269727812069568608950916811218448774093683389869648439774834364311755073611329379677250518347302935984134386026094665610212780228890593273984285503630391722444667e-15
2.24163511564620429223469785017691946632182274388264299617752642809024267795512203564508732587778670370284056984871402612456084467074551485513992871160807815895994964008636238510344655071595850664969234700427396897893668798371530799165070166559420136714399688373547511381050274542075378677936324584569325899308e-15
-1.91502463795396647859856118920770574358968426440599823446939600859676492004664239477344094846320898892890523534985937615343863621178077283139382155119076100181773217702546561112670075278857553515680730190975049643623501670537614925388951489037244436375414196245198175337218117711294288209463016324025328783035e-15
1.83812461609729979744035664010032158471674317346257689028826613573051454465866798679566713434681923398267219151084641420241392771108781549118714517826247381747658105356438291131880466525577560518361477001534107045458363983171588361727282174335598933187570572113508592686278390359444930676344913326995685542812e-15
-1.89688309949116616754921401198288663928070627365328907225663443287925584839109618640039283927788580045638325359762295093005400698900216188276842403591056526881677241740103388589796619304223633650900995609420650640377643717078204266577613850591300997957058844500554022132445099451168270629094928821953244041676e-15
2.06491316788166152694024192195052241761667003796067280572379615898886854651003706021918798591319497734445151057618587886042756735093358363549716388177244795951924617052016123533339472724992864270156345847841982415761991231552688943442991742072101420748271984638029614684906055213623904655925141136730265584593e-15
-2.34292449460601020594057503466013684620160215597140727665160790670254267440305440894082969268930965019604455287589592583480715597413600681241996844939799292945745503026325747704067132105822955987840109994049615493309051562451069994931567823771130678711807069656671947560452951832335153934225044035486707685046e-15
2.74386903289098821055288585882320550396033484621846670557796277560516524566199166843073210931383071076637422535570565920689768050217693637054778190097271550656748688824170350941974108054570126005535673167399248463200270025186701572488736114749902153027955011622858487528276657956000032565764646834294108206136e-15
-3.2852196512277791078376278393882343164094810987386892076533457040561944816323357901661418334131868998031347842676893207285065188259919300630122868122585625804869129087851984036765645650171181253543870043004398203311654652009425301819630188320677910208578522182638881686891949895580028596429254592744683793062e-15
3.97925747645082126380407076442932969730386783282964503197682275394246969067344237169006019405369730693200714670340440643793388160076762851559540013853707849197838588651645223314227402459170912242071049924789489767503433905819768810235397373228990949429942807966537526550233472647687325560036852076909017795265e-15
-4.81598120526704634755397384213905373820271088614119451411892830239698473580171377530657579423480726488725153962760181765198832230317469233712974253320677892987396740877711678035527255956280242137209844730218557385909738843913731000757362759797843395735862499859109461351376239047191934323609791773726438947665e-15
5.734448166471136326577545256344911642678727583659873299726825459392674120474775934371405384535518512991661570793160010147376765206499281536580265344169592370231044283341233462709327220344034656298185106705101920346028761736630881334153111755158462102875355863789368692983436770443896409205178570264680547037e-15
-6.58345300068308443618704405430435947252110365607546094195112481314513503260381329912728729614831043684429496517084525276606587350390167983696390870100266963814499060464422208860248545602322814542441510380172915903089173057230731179145334805997782362590152071337605368351758836139129621196221763666582121497183e-15
7.08862649346270742239384142045201050699783937119692542787950050061150971436413296514284789816866044264789742752616708768243119942577186695058867334508922416807352825259591910616641042973388241139178938287336243921200938783185022568228592416840893919170736254876533851267869110090536722339548466053465300233331e-15
-6.87599402281468772231624682442985741093405092656398190322942968876372028039813029286113373095373504099695195568151725050250679601849924177930332781835548703717514240128850858711288790178727571442396269761864840457369015562954639521045187010252476680312239213352602046686044141783501121301755837940245910773972e-15
5.63642785939680565591587301199018104813765834703512076784410197966495130603345279342862026217478330163226949204578571628427460407136938841786509042583704539139595823463823180360931930313826128944187944032425667468258887422468534806280396644543892867694331146394136317709109458839723365219099065540953655580518e-15
-3.47278472935644383250376004481044554954816799344908550499584675371679899076227362948808124759734273719492062186274856473101783627978464675819131963373739922548386272760796242236655284208084068418676148869214556533711010809381807619090902392486387516838057418295546295993681632440185021837855893482722442345882e-15
1.20692698457655098300411789995627363138358134415545689806647765476056723696556135447839029993363739599927426533681888740266279548508112801845276203749594964961980616342544575708872064836549488665857448666789265902582671434835959770678380329488006814316066223225317072261640904441947821104625236740197884276398e-15
