19 1
2.42631743942973420696987404781727479793342916680318030266690611940936408920327504985212507632576002684123097395535977630980823534651371296551508918097673088501681327128496530738392678981422712312288508491662426204485892677435082827303402551055970627425061368552346591821609988125744689422791754013933624805445e-15
-3.67398414763914532127839119092937712096437553164706954753357128075077766182934821527030891208755280290274204872058694650997596582803805162817345020786525189623191819048687016777999293112559060132707668251449890067075609949472005530064692663651382487980877997353918906500629494557240457161326335405931277674668e-15
2.24624174951290477768987515041896722026674014710548155291150834454440189714817122614660046266724973265069043260861641155056389493844041047851098436622221815793830693860056394552547003963918380104756224797666975361973016112769166037943840362429893536125575864359617186498398177970717865281938270538523254471704e-15
-1.9189597661526906351779058256394412680762689295372267486033344889300199559872777478384616616760347658375213823680250819449418480536860470486638303623759364337810925071366516363887233903136348849064142861920376388699866547439749069712419750963023726477499368018126396698448646720520257112005081752234438761507e-15
1.84190129433218344108690248128146632745275722580942294419472691620240121775624378223561794400996912270117473412276751457566206129937899056085939849908823647960965520076725122254647039902914122871384807792094812659310164392654813756490697533234431426816487747372917123771244569473181608661841643509934698473418e-15
-1.90077992428605745833512451458069142333029264559813349061904642671100184187844094235473510802701930249976811838710133223312395946706189210850107008237770294259987790650924804612783255781020419632574695300696830040999193369253980250519487617900058181739868138778192625726624960002258830505444035351461911658066e-15
2.06915440096944578216115607725135813682624662174338858476592480295472208391283544407613544128718127181293742484094500320587614219770164028940438535600228225012713562377108629642908052125728740723030735146825035439953000302724032361110862319235190102936146023243790562025344619567405070890898946387062500408764e-15
-2.34773569471155245331638899578009543853006365238734887762716684440207796237864082877379950792468374042401221195039430646135380168109219658601514480870062450421715036876617017318747729438655418672413186747524638239602125065526144224429616955526659011277810725247498223498581541539580749718269389236862408041426e-15
2.74950214014683731516004937165922712149938365328045654097587193164911514054547630972539241128581603329098559667808681601316936662836940526224047364100543656137521319875289565870098461047008787830435845480572515939564592804778559935763088138960939261345665810825559083020011301709673759497749465775003422263792e-15
-3.29196218746775809591285871286910969830212199986168922632550652783988068623753294819717939836175397809048687075064141182280696225108052947315367508833351139748678544817724640011322478103815047422987718733541729198315864567903614229972445532180160142114617273902249183627965667329832847089730164645439529301764e-15
3.98742179344835857011173126307622667521894264537915343101813074178347824280535839998315109749834188927318685069511590163399792144010242781127191918630083218305247169970069291902419002581790576745168803473076596442122169749644863695348989191106484539208831209205639299042498150430271519900956746506327810127429e-15
-4.82585868687102417971173000652895599655400574062844242747759210759979759083720039386525522925119312223898245820081473365111742917003250847942564580801190946164036677468755080030538967646035526542991275450833737881652164235190007591741767371888691850474266298632687278729030202171517911880982514277918552304414e-15
5.74620475651188681465276085737511305033802236855163585842059036953308037200021485826534819390924970927848005835630150550822358997822629867310972127010344524751282614235322110045128397511871041683894823454163432542694423546370002175970841883733984562292228185342863067998376167631587304939866354047027391329675e-15
-6.59694438228042683094179197670523947835491502351878755976114543438228447639754702013027006900485139310429783604725731026949024195807111387214185750903816331402871424259207098919701183702774832445273663496064789216844157273643935382443048710703296146892270183952023445883812311632645345878702735463518049741726e-15
7.10314635077072871774277212485179856424525778576148286327728514281521901088464490746596344230316954426478046469304497049703351784223515134466837182877885085904789066711098095771172719090817228753559287161523693544383235602834188549062980630699141989169173029253844275319656941116234706288180446810844106621892e-15
-6.8900712757011808056853777007968885522588497745773506362905796339892897252459394620601882518285238073585756082931190927587542802571019280673809861187588580269763685421496929970286476597792897437835704548444551326373857390739046611275882793257686940046270727006174575657146345950882028610127740916206170079417e-15
5.64796114678270139712824263897344853482438965812731502540903140680266395409797974051231351335242172709337258257856936406541274005734132625925663164890381777204453434871826299707228953356889604458254275475940579065514951405871880374553078602515551932062326322677881128891064035366941048343487408282356364934989e-15
-3.47988669073733903908793419220544166711040871505278978170244820664750204811742109070865754621462614297434405556353046949739104555126772275020055824257334516706081633940031607736182818713439878446893755703907574650278603677277265016315364571238897087063280381961333640910870437115379584051554716951510023992855e-15
1.20939368969463942221539984159117502160828616992184936833552236910216358586355413652917692697518965345285726622617462612700008256700648574255465337903380038849179147400240576897876470769055123077770731523640933515167754555029332596742600778401431808100773202143775185671445410242637742048695806301099581349084e-15
