19 1
2.43408779634983737840509426334098601520122603890849295463895358631476660414425458265895006191763520834817689756964890269260481740776015334242973996480750272121793650495925944055137954907694785080552406894697232036447129050278838459234391179944178850640515229039010405366483991484818757311277633378208339592087e-15
-3.68575009402360344678504602498978543635810877476637488666809742305421493108951782326462293747420418783749127768227544981340081567229528898731475051143878367720052414636567196063056491335987968511848709526456969930451745769130762390546471343669936561017031663311997797890243393214672219178515358258207772634458e-15
2.25343503463973079612746661072817476002948315501552247440264118089288567897241176020060451923342837667506701365953852919539897451205872228873061940642437090730820986803309958904090841649424522324771844834399141090720370503035392910593090991072421564173711978378265940267235381769586861326530046627590267108456e-15
-1.92510449601445756861599883557201368317506455468906239767315119420556474661714526075350636699811588429579443444273833827374125435750054352382588083909051151004114946365602399111833333580403093882170798457675844556608086630622626886599990663832335077701788431904420968887400533891266481010816929388965182494787e-15
1.84779860996501654810471725196787720698832620909666325322813401633689184656732286454638532012798644557063579697237206306994117845848178073418263748784883096135196861331285228130154505604848827255414035647574440372666104616904211474484691769659063763167175301212119458420130849278281542022018912392621903892766e-15
-1.90686485856142045140267545333506248255719596375649636614247374265343688016599354549782307423966488016171134662440475371395973763147527528520563166200181215512013881447193516411297389695083034501927709501534414142098827886499189006721509052073491406344046042174707744858581948346454183396512459188652773454851e-15
2.07577714431303260029637443931909361629349123337964385461491549223865790518828783319260460736289584725761368576965979873349202124329534851578663825404609208744498480831252305836518224194558336171359725460180581694762345934259011451803104219311178277152587375781622716592142680596725759778100518562881679451509e-15
-2.35524846524478078179121805818652432358621779913857263743730965783149663599177675263532930293236834348682855751038341795760966037433693789687284440366510261993132648802825411995515617498254569212396850101938233075042033609161150178767974884066034090678308832072796519728390176365361753465028366290999039452315e-15
2.75829835426136753816386168969956371549727528134179405834125705250629269129058232518760126112668827969257183201467710786046130424691852267595689639968217066203786864152557665852646607500617922312985696975551546253382792284018639611140096731365875446981030006395622656597740199519929940022827112153917211713588e-15
-3.30249082750248367305519246358585452582065235258671313193072254559687539138172885421461862035976938358992010611779362421820502476323441072973066360535302798454332012217299836989551111867277198019670069102712850247286894627534304455009077647886576740328874276497386253188045343056007125306498048882389571923898e-15
4.00017062000325846556752816475685973684887290931132033305007037038426681511849756855848058642253382930684508116609590373945756652384943998835362082966892605675962151805386063970651761751703627427275778060102876858184316055931111391231216221008743883142232503594195761575345277178656343382169613773364852752243e-15
-4.84128272529069311171799268913340380380826251726911511016891437852333427758387663342311974455437145593649078415083643145332041279709545495562623622952384180859157370037203948118634628037805051753130882335261854185245712013296684377814670082459235738404773146751793652252376330663191203698461072341067914172679e-15
5.76456315989340080527310117153440527157156223770597162544507172568401339001758750846814086348622297912532660425228038427903849096967387124892569205070264437338870030352624547149699815375101674559682271921797729443203782958970469970272929954578963624995541619494240706629633308937179732342887370921929543079569e-15
-6.61801182276998370101738770838658579585203795320577117753548845620540059605014580306513525750952040419182385788725928139848914499138208912975447440438126765757409678352572100954267282017014218791228190927977973725050304154774651898150360412816605952066961469989184990458966439899849798445305477159558102047773e-15
7.12581990818715174229239322352225371263640939771621475269712682237142817547311196364197489485893714900895955062983208536120621601267706117673912002517127915871255324106423846650676187846207736762444907676330649176377879784616715841226319706184302894312232301365534010344137287082065223900680535631865558492241e-15
-6.91205378918710699089876730916704505149065095707761094373236479095130802170960169931828279754336033526966719466433267832690351908894750542711316931466887912495375279060907695005527245695567106984022130958719777823219256143478829860766556330871783032077324380879559411352105461160402434702603070545977299782397e-15
5.66597119277449451483622527393621633959200244062821752956662742208405810660777660887511887403627695900360755238397245259354930722384993773765342590052593705350609217022208407299870794917141198853585136065366928566873594295137803444611746586387278947310076788222193576842450307016857675267181862359483452769997e-15
-3.49097696892984542411318374334571655856632274725380854395440448499986321173036212204572481165976831468959917891608249423770585227905969113842236641688718602811896252360112864326456668415263163374731907998179403606545393544893509326926748589736284668157229294570705388928764292891682642855878308718999523390626e-15
1.21324566903807563565370127188628626026453021415790796899045855729241428385099870121125706462338248062718644323845190105215730527665909290631525139080957103661612094805130927086772660652441304218098987886630900005300016427921753366811587867521274993928194387974864347863521396120690560142180922883955538582272e-15
