19 1
2.43733049991139945542828281665950977079197327289134932571346580573349134859177793209753034152633091466943042754008272455128455444297459078531396634876266111580879609516618204875971019546176197645668170237566884489623824672843708742621946289190029963767420414383558686163166390671181952826592390017530765737487e-15
-3.69066022538360763193813353608654783025296565502943146218173261692737609855497748907114708574563694718169043633881369544956981021112400400850983788901628580083144185491516513743562066821966350187861697307615976144962247114888250620547328736124184426458754876725756818116040783184576180431655376775122782292237e-15
2.25643691477681114390112531440158265068074230436154006668718612164134266047947957069033298363490332587029240283368182206583124111275635396980695176524241997325991249144168690834377724498000959531921961180497921113084849333570019611500108557523513935801492901803024096055083106630014614153653774173102776227327e-15
-1.92766879437108522456484450726132041164726545347863990986201991626452901112605216128283923279153016637485226409644234512592024019532536408353076759653777976091713466473733243014942367782577586715445189758514512101900299423908006844078081064760476110527841703549210672166964867084287919077455725580402267463463e-15
1.85025965567187051289506166852459051887790261112633539354511605736006046618027827103115611211722147966162867775607192894934727253523717618298377932157023076212236888125171649052745746940890127404516626010987477163004380748678324704966607536746730331293537447144348990871527682759266547615170843441527750089963e-15
-1.90940419712198405369481578594642529585849530260597775228207047803824449417995571065916408069543298118499746645087186758132264268756850752489809839776596927137881479421129168055125514255902758755628389432291042898426611007823722979851772417939600943753267781690751744381455302756374116396484431591029077535764e-15
2.0785409143893704232729124336018653109593829883494402657204081931774163446354368603690189265191304949914494651118712672372839971919617492040324121049108539880262725873411027668462013297241123236647470567307108323917803425220857185581121296493251980893478341386337088706586042584704849192412403279220854663188e-15
-2.35838365073151771726052989480758777887008107336905085388456863992898937094128501451219229428470269030166696816828996416272500699786106605972457242449935121923246299983627756539229847470129626673734798420520341466980711756828157507247682525703714753950363616802895112324643245899939640294209962809440451891148e-15
2.76196913039361095437094252227722900676255003583504061996207188944955779029277929269158424512891143484046671389763499819233010469407212389350798460460990137436078883997344718649417631458051909093480645189018369833465075864472739593769586109583888922163853764777748447227875134166583977619529361059055572386593e-15
-3.306884556195794697486999611038867396458566994670835100430823864292572009031508040628184942225064527503679580631296929515248498207283053144563206415373007282137253950094045113065281646079756247278500327358572639370408647205586769786810446064978310657617240804475596921887842555243001933883726811031802010512e-15
4.00549084357821682023637966275373283633574596518705250025200529404219835604758731882208574510740900108445506573791998369441221680446505668616136903161154296479387509077205440887971690559729387663203993200126041411775970637626408404620776784664983060554348603760895419168103389654580378655258876888323717233181e-15
-4.8477193226301784876727598784397713587616037385035076582935408875515555647425463465657952901489410219430369827831998292734814754745434241286103607937181142229186621983907983385580887578174536902806495058690078457454414879866559119443276269488566489904879713804634096523222137258651144128836875832961522131069e-15
5.772224267879368293391454909693995278894562088566542315544048559890576321290579961045268113623826650759448582536663503098234472417068029708763410213391211548848629280822789213497050623924604136733651630606916732995857669327377457546584202591270844833125437694606027446003695234905685514287351446081209668757e-15
-6.62680339896275039389568458356940740036551367386305399615555786213350397737367264850044479465684448173642164090254136288050729472790339428622984713987950388987610380098274851897620802406402005522649262441788541642133554800647812588193327460851770495126246189800538719499964520423309553552687967239530526829691e-15
7.13528168688782388863488908621228509352084426893761936013830542625769980721210050140227640535828775293378785082339152576225856501164527586789894026566759894937813923910247316952315035396748827112826966839852002179328843604823147037542678882630382051740565776885885759190013963922480521900327587104836129750755e-15
-6.92122715012931391251297395337878610197609453927485449663103798831386151793629076000536339441247090041121982670758749609640700895439977328365491691998017271179799511729705706513780288355478863311129856707561875610088032193625593002371949918553669545481900334691858814549096957428263283496314155816808829886759e-15
5.67348679571435574506737750853400987347898482743436687223082322062655500761973789485070600867808906951422954843775922477517893495051298343169593211271965033920253182926005507084238943745476385561151814396423078220542477681260253048952923483816239125767172728157577836697262497794376511417160050605932575072599e-15
-3.49560492446402487111523692870943970213940967243593647147998555883172012103070080704088846792309760691909390147067797407723367613487447847774572793609188533758382898288582666661937689654963100135335943294429115909166307761451729795045960456296903233862775122176725162105364052606768535022926207812746359168925e-15
1.21485308500328048057206881957183537345733867880854299668908543367098176366742890701798908239361156367085612550515374582698165269914671256878313776957647379149211218912443400959367578321517582639307359933898802307577866313575651918723731454483563242037813939469897640336503874774622593345487755346144352148305e-15
