19 1
2.44925104044970065978365195582123722608312843727890922971682700709474967054500792085376626086862466531620652105797185077674017423687801315820335300015169249385796311967111763801469609231152232055162162441735895615790005497105001703338911168319280014115162125775509868896261948506894921014784875391758925873817e-15
-3.70871042341398803868670923609031667785923251919688789940559331906687439490714990470654487236215523727999911505507534157543090559707602865482225684132588431133368836269614934193932273753422441734779116127649377278949789622775978712541117826474801430263801615497119306737331469067955190188482370102925589484872e-15
2.26747218584310508850695961101224956349166899383634804377131841275262083540201582399887853509224577985387027545140189378065550527676016003737447228713738249965521913287758054836897996524124371565469365173569482157920763699359733306482994842378153729618327108138243442927591708764172924957458918519498936478873e-15
-1.93709549357368066417550522737982323302782101047926992535511743704242108431222534296116617604238698315354786203863543364344785720741380729255606732960083684008714226127990574615023369039670339552134860674237872588495063494990442438942492835477684785639855273667527626835205495525976646221384852273694916301143e-15
1.85930682775753351072873620527685581456365496620754740300179465443034197700364580860351009001152824910365439012957120305753978545842112883534366763992271647094235882245716273112635606301104684506659608318530240505783740752153034513946650209975573292906930301457205538547986067195840146139265216745013184721355e-15
-1.91873924382499399984227972432577629377552495741680358015312662843412592654320624674848847192127695590286731340721021675030648655666311193775257870945238409941351929981903049509814911181680353251300371242614398678154417273798227017463709261142232365916201157314605876432942429268367822012394022664885070171072e-15
2.08870108858941975303886147888303879717832226887137730325026493297671270703584956735855926487937532854400562407708492851181632012230264461497117134879879462758064066549945111859252302927345009403697830053788008521724151424691026472476693641828680960371108157792790932520680541253063790313420142078438518323679e-15
-2.36990932871080501315026099163381142585820526749830402735631459745087174321582557427570314177650457554298287551411522576219280204497005238511991558208294573529664154476830453816223716001383089533683148737317709166135754541313570016955225670372264785266174855439080593758790115851167658172230633453036011927049e-15
2.7754639095165605502043346205319825264373264718850821281907863325822079106338602315814381437081987360630996792394606110976855888172817263351537897900728891745785159540721262144142528770129026134801604631872931463391370380509628796350209523181428802624209022976243013605374861275964706448379154335079392946165e-15
-3.32303730358316131667106957837736255319628482658386157511949203372174836178425102248706042091839803183815171141007710864862154880724466552052604888895670287810534312248633764800238170690071628056016434319404915104108936001467127479831319819076666380608891320065207099556665910724560580098602151410724294801247e-15
4.02504994850760419678362632367878251076482012360733879576533269052730791121925447202485320123259059509818054980932182739078395280462987639244855140278967927303169165506625823804504573936399093971523827660236915502445325892238113023766486338392184212551656779344837368010248463202165224283288103109793186135119e-15
-4.87138298768529453853455943389316917608309549010487791639363137517473308952196153676038059655436424916483719815369190920281205121480855423368139472634472894664779696169579009418982727278619742369619261155573063250366813460162540408585795433416477530057211944253628680105001056777302747615358147415682217339095e-15
5.80039022248831888582142787897660694565326091819063624265218064532493173779342893669469352509725361107180564747666923019578478656751438836488288176355586458263077915962712719417690791044504105631639098688671410557756496533785985191657201283043409110854345971636009216810761791970995146968313859597560195926139e-15
-6.65912608981835909894677036759798021387559388819225870472596355689217870095582372028233497789597329761319150997282922565657595408994427172251128121710421329871028599046868309335138867090523492019130127786452948983627336602250341699708671700378712787837587316697738073099800297561885586249714867167609249272135e-15
7.17006909527380362355315534852376138301266926497372334902094773587867468803763412877389193227158201899555576263231457529593015982934432825642681821392488865782414627116184714582863016542898234746927288380493299108810203915047300426793797611736436822973024318459741313923449021846106529020066427669911548231598e-15
-6.95495486756993647899707263358457726852262276790059819819074020113379671726288576386891874024782150782102480573240308082662704292178113596518712559861659949343906548298096210351634270640652689481309854851231691526779670240544022978822713461950368056273561940038993260522493902568448052667851576575338882892144e-15
5.70112005631852385820381914626513814949905192995143801501631873960661105990737999487318806264932582495101839886569637749751228552935246534245040274861328704538464788751183128977032162990117115680907750283703065767655319738109560305865084896207243958721351964978939460663555820933482431962513402522824340680994e-15
-3.51262133592229641556789939803116782188718048779519410686928316570344947037440963138147859801144158396842307311620512893015077560560080326485967222641319218402066178260193727919572573314184864846121025500439876063038505826757465705486467476740818627283696309378294350710728717097115329534451954771130170753934e-15
1.22076350354118018775811614036422782806037762487053679358614324364698132996008478433948524759870923903880272176847279334789151546225004904438656832363560437932878280921246706227407170551490667739566868057112668219196561997416059914650422914559107340124428850626856101336880347465351244398223078333119093940547e-15
