19 1
2.44733074067847461100008336283651946483503282380294459210495527438051565177562756268537488055738023719892610775790268337803994156812888571388417120956422248744374305190149051085225245702397053965997688309050129250879368165440587212560500544379793166296861609766784996680829274474290665169497177771217769429605e-15
-3.7058026868151074328543053667565005679084052698063301294051888110108461350907490139561046624416909557001911254478730129215256527731455231161580805467690132589451016184846922901770477142766167854435588050219560854191606477284518943799424512606287036272116175835435641168938640001927701528987062684147643812168e-15
2.26569449534605831796331173831439691398823100455028204491627763099441020419037881061089394667124209681863359109287796195503652942239290720420882587053155735744210349247323665381411726721838067228841828335530810817724848511532493668816645308384776334387459319250236280259365883740625060266621542460941629776541e-15
-1.93557693030458395033817599149537609926082806185855558401103523873375244459949420683918511094789246535012869839623247612207240483582416723053899688273649674225094237764639097825271067622974099169895732968527293417248640222543905135379480184943332255138148988699118799438164579928693563832270701096376045782656e-15
1.85784940270081541703315656601069333555852029527041008967717305838745535334282866063518009980608002030333142175237006893553761710434735283074286536212913459682406200320027850664214807586915929273678064970103271494648997236601209529191627198556834190991557912915066520231398428435580569189669791828296496674318e-15
-1.9172354439032244822386598133498894038066157212131584087714374228670021687251798440684096005159765106425653106668042961646938188710702242955830427883362104208294843586608721001351889831196268688937054345789117838517858386303841062914637364492701641627386128881774506126001392788888248681988474642988651884577e-15
2.08706436650610719522489558654325768697277338133814656846565933273877623129428116252014010895851513814545303542041848116673287012750272244281746042082594605288376252200051850165675493228232382413293828633452780122668708152464265619322880700799257518614391425306859967494439545702673010898675073305922573040496e-15
-2.36805263383951650477332449643554082210039365386074422581907598043327051634249060537659081685081460393319647190739462460667689675827148741485651516709195264548215672558727626853382235992177974692277708712080085149299143312530932985464657163398003345817782389499354948188952377316172833755011081094172529577739e-15
2.77329000658328672261156792489783665116558195393787883352155495991159090872459149459694979344144718021239748703516064974491140313492928503013791147457727567313223321024983692409758930948902357561784395254929973769002117580004068057860439320327004013073947129154176022151065233649293678782648878121836340700029e-15
-3.32043522070920361576226409677017969453399394308128130401553057240195695902993936737335976548815971515954575152238503224684248045058509348007249692871197884070232541055925505559596108004175612166808999435400682792859677351696159991994549321370507748732300353962503544797268679502807735384593044963270323033885e-15
4.02189912484310524835446549886228628797516055026317235781987570145991358142613169070443367370723757633650438150380373292988958699074880916537250047836849563184710433156505751540666826384983750273345930229656332525087943341071045211672001887701291224222873684061256566798879125045166041966004115308590894236936e-15
-4.86757094658487487118199536429443131219143604921599274514462084250779053487523457872934734701529841799245965515217829863646426378961303357595243207105913378573903442702554404780592668108058446198680636155043817376712818208537986955717250706835186368268339843474522790514633711291339884900128250127402768731991e-15
5.79585289081219402561489162786267815591752420526902162387970272184776809970293499932175061307769436718996603971177572306591324891239185190477361065861830804978492688678535655390074226431091621139972975460701470212221203364665359999163320344569242842968541824770583954485678642531175025481038750939831265606459e-15
-6.65391913160811573324834718145054935745648941649221061873270501017486112353775185096856600013741806681763157435073907896453746402332783156963245045981161826311046678628081442655583981898922841792115293729199018460645481069753925787960612135063242016855824774123171379827761312768841337936265207115739347294018e-15
7.16446508096261206283736904003668217223998590663067547203424668745367636201226464370107402172255398104209451768789911805322825097418695413261841022324717803288059518967573168513224273476177889316445027957289931444587229221229381230738469095137515915511861901963057732562787023983177705659015669425849392753047e-15
-6.949521554468470965238909836480557288417314471653749549372484868223802416255669241717123076165246605584181409214692028025642091072677866998728247510509162947863289848023602513415367955737681661110047545459549212636236919076126647229976763426805101210756756120211815550201147459154362015151017972926189395726e-15
5.69666851322867335795416085686379964668804696504930387270571551524157045114357804404201083598185360483811486493109880598094109142390837016820426264184243086279798576463440850029535747706527077718003117114260388018889948930863952193007255422657614117072597450733623591838391518572053588269900229544517422751398e-15
-3.5098800954188863089391069935469156895654159926527911796443510520254507103855389478594955280024821224004193322964709568439865884964811958434787022493985533495792842217079923899562238576812663438401119886535077540821107498225175760577395994148131115294403304279455304950672292941917979699923574472938928418362e-15
1.21981136935839912787648779978947344142528072228591731888222107498781674761682276091811479242817058582705957039229088490289171974763624502374996480971885162270102947187307904643869220327910359794834879324314951574667344320156912962787313560158413499830658215005670563784923484641824838780133997816792285377136e-15
