19 1
2.45192205796873414651403030054169714275637538817411502199609008291411146198722279371695025678896912445526937078954671856722191869722815855721479335844250331242043907213349056435491032602731931607936611602863774062929890446143475404012919728884695205204624439317467711227637795236907714524982865184994960216002e-15
-3.71275490652298760873561007657550110198858428494524085850402524660207127749686383234934985933147805261888638335941780739580936322710181724512916232388486330404178420556385578792520531034846375454161020757754543935521364306117726532037021650031236822284083468820374289755124698750645452076008112721098439034688e-15
2.26994485150680960057481737787610303488326822192074887403743455121408823817258865729599421701906275791977491912776791194964248547256155742103403481136378739802337587845226107779123551978942137947501471308030811259541131814288630178317314624864439572410823143814629427409206620990876748747584608995826544856828e-15
-1.93920773934805621429655237714206993109460679429502982951680849183937177424180489234314691487045809925771806694531966153522429605859451051186292766747882502209501021771131220495614159696095079505548226099838470096868160841754722937233536498938733531297944854486743801718120066242265718248738169132466796213631e-15
1.86133404891697203374424502112813889601412056628866142563167324791894907788839195178927002604507264487061392007348621336423502701000091528661365497628969163535778060840467873106812114102733606180953539372529148400339975915879180443231330156461416595366153846142614204611428131236019819360030506156218656108459e-15
-1.92083099164561822541545310405270568707991224707602040194549787209238565517199700987152772007476535798427188224677890811148028299288438572914327650056076036127569888662505729317184465964040973037138236870204737067753449695607905404740124543872512154068845243535920968133615313555200761625154707064284441808418e-15
2.0909777560879305414209151761428165546002396181377135680017392515716208285129219414211549921979345626941100725076981908438948652050863125058617382323498522830346750270208046944377945093919647796378597445973805534439815667727995180693255745888383051699136789496200775932184661573731414334598511681735290172359e-15
-2.37249201485363957079796536287105452914214548111831229880262692240007423745483153582706352911505949899389733972708783006357230603059314270254542637018288113285247671540388271882076157984755747442686892192460706432438197693564541065232036744447035507488596261067916886961523711427559392171571133517136587309029e-15
2.77848788805403991803428583460911609907889029666953153100080773276376682680748700201295812116878415006177256455783948243071255713019636022165438277529399769299737301353532854531181098964543454741743106390884067169365182218678710667183374175224400817259757608104097578048661002509955307042046934136366779372333e-15
-3.32665696689058913055082965812034603128223750802077386937803971250761554031732237757858304953053877816864874633958010475155226973918511972990613457965064916946353761379522722360310625214820979325580053761365028465338262882835494177720062734670055879407392215258263399484515612605348514519632225740223464960812e-15
4.02943304145521357373014069331822777735282064565001742362200500427846372339712407000037022253802036498058264035153566700052005623877214626706381456350689761846764478509726677960052539363273681278133301479334674475751097508810213585021968543474470815994286445467452990052617322632121649104696821061587178814411e-15
-4.87668602550732448997057425965382876953668772141950976622227008238598889032364488568615830375222350113628026157426429369981722676303238544273067033707234600908826356488188025683700279960078452969741881418496138340742316074546469225228100277196844728124104191871914269182693373499759052781091813002493681490054e-15
5.80670240118971105853209487697982100396260214506203786130411414408939243254880386688431633498234410683717562017615189937966905961985230171652469064888073833049057649001910982722432748148252697613333362206226304696464173967216452945845427331415652052692300343159831316476413218449301209952783637743972169073345e-15
-6.6663700407725664893347319210051683505648146417971066971128042028512164612348519128631975750772558318894114509313757090834995104556226419440242906090013250642567689770117862949367839986574522561393543620806143802744539568191922364965396755784101466581953391591296708746897851953377684025236426935623616599834e-15
7.17786567888219940948111594727709037610238468596299863578253498567477331691309846496685485204245710742463924511075777432373646495037434534079005557506504563133609210397767255623932343791326185231101159254001931617713063709097876468162617943627962312873604454518094975591714165787916524136507987751155313829025e-15
-6.96251421978619362646342790819298646827195125605436186124391010334486787901710790012152693226300950796402516713427580254575216492542188427654956423026928742757825803259825130140559476563527610122331084334321525706868699565651616696053725229313752175528156683071665869706419462164622375839694745036335452334348e-15
5.70731370011690819878577652023045940438063079797575885564902544132082063593028093630356684110714424830457072149603975109399689616482722686975130663790231606896297079838680811308889718345039075628053254327252070166557670188883478019870822814389666964895609386392723799589802564620089342332351407907889977748438e-15
-3.51643550229712781346501483519826377192199313631479197884808389080501357427681755486145492676966933182929823400040768995650546710560427937784920291194682065199599913358289873437470745889587659088712362274928459687722007579519577016506341133247739366320032349390925722497230877241902501971196783419751927784625e-15
1.22208835917793864711613385431276810155735577373019266457423433140237426866408036982143634638112898972519903560083078108275849508598150150627617271069865302426755078348062499932347069566459013566131574077746287627692499828557476202297107342214739986862933494299495305190006203188600880750185773491834450886026e-15
