19 1
2.45573206913160741447641966077583112212988509159192882033241772826209734206882728206781765270268763597692306405487893725601352032447032955658326595985800560777011509658609681620990725510223525098773172915749220963933507354648457214976285925445061596592758823377954880504391657337972103995433990694267674283207e-15
-3.71852406556506611721749366875289269692385872629450533621809648893642894388573065850673782954831672799351657780954029362876680466481364033107982843924776816212653475676740996944682778657648550195008001918535807877704502299030440372531305193222657754489154488534320162128946666961865274840144442944509390992134e-15
2.27347192698721706462015352747487235414068936333969383445966392356508429709743519142815576459612229745415038509332976436679851115997788913384814139978047170291720647575820111547265585893071381654626015838618310708541972480370010915118295604710266305598641754497813447395941540108720061941126085671050938754642e-15
-1.94222070077553539268330561393987560601840906452606713317392713955023837222611480332209711595919181158028310042762873427481857175352833580152873343824514963667864528584919387465764869757296114159037153151216194765177139550056530422005591285213382706381200773689934874551048619513518378537581353289542742894495e-15
1.86422572680848534139292315764710393796296278198923089794237324706434952658460077817357440208810485241400977983356929779231107784465443029545986703890030423415147097541148405579538732101426747513574291180540731240940303404414116865325836366192818914337130322772188364897409756773698910078077592998721826958976e-15
-1.92381470891086983298790881112184154476150086717965651635717987428555948707376289865935277194310815160347720307636255670798354195734252715835661329939194730066789187692469127500440822290096689000729756368946494436145006507967042654673230768289631958560436254384198028495729385513109696361276329947565029279169e-15
2.09422524295855457250356818296262778904550622370263023500009072129076529780296712202767200953373327501481012614961376229521590117954271252899962818753174968776464997655917011548910408695213135481701731390735937834496352185277255858637071234957130476884856870349075142361588135743270554807426862237288004675139e-15
-2.37617600770375979080213636173584690298900374226860947535247058148603266384492585803740349779629270437941892606325021037849361635802100213684424825555724386499463842378346400170929530479011631049953313902163110891476504478696408152843942235629628501508897161375745488910591281603873773635367960711981070909698e-15
2.7828013413148846344669419901495026811833720047846688960252899131224373538789519438934582024316596661649220586554235553959128591402306537988060125883623515354517680335779080648278364606031063607395292268310168307459306248697864594678981549992879886598750497367556682891034058680052688357851144151160868283927e-15
-3.33182010460467335643819297574340831743879153094324417910978377016417942410575736721418527701482369989706060675862717541291363866951012596008055153711354792587468397134246681156016711404689525888553386935632668053560996792175457194992831808985022181553526039688014687439718365490056268502404068111435041107069e-15
4.03568513188649121106658163089695946501518360746797689385319106346388778422504337633904280403111611408858105839332299212934504793267786472118156630912520393232817108284582492357817780410903218238631147437854867468101998833555268065518125733961746145332988461556984365407340690896975433017552450594275334609153e-15
-4.88425031650831055869538706883029870191310739892670880102233607099917561491095244360764031359214238410756566173841765982490665050379954235564179995734374959798628479986933967359772337998922730440766141992930179548420092994796429144198377618017847459686023501696319030899480777925315831455712235486706675594447e-15
5.81570611364718385324764793795531521516328545431359636769990304696462370922285213610977045567910227718542877257055380588207250529459702311651623547571401361644801063224711766905428038850721537400257126126020332216660873206882163580253699361798875482314279935295596013059602462822971774205151375649871577729464e-15
-6.67670280586026870095549833110007613540836302735473965318086817013975720798586041422286165990049576478678968143167332883593561541986788220063215879096544502555699893312120302811062072692673713830024910253333914029815989556451576498590197717636807494461351752804968193950737644070170125035182727600188984295264e-15
7.18898668330944535060003494306616880696593605296730285305051793942455511164238472291301823214170759768061452307724181832925369329020863279216139779630575247385346670352208034474901904877892415526180611022133993167103227168788828008177610443786870307947875109957737175642148798692022649134490714598503352993904e-15
-6.97329680173686009736125214679508115990676618648924162303184876504829247010876276587661272828388712768456224264567429492802695234317902342932350034202295903370487432892385081946352636707932161735361739310374054683318447611690215060402767052335677201772325891341628646597078323649075603740628057711025851244932e-15
5.71614821729945764225818273562476340157639402015757493102154608915820162848066400710421142633927784010023392432411478264953740064353317078259944540333986230472886983894201645799969834746281456685207773432647298315502077297562031457420512783962421725498174594527714537823511991608993815659853443831275415049636e-15
-3.52187594862973699696249630021408523613853626788481973588684230903132900348961689600732741794914778986320613992469478066441769356570041700324884657524978127575735395584404588878330071275029120472324481588493420711562483600819012380220347316085498706577486061517281468724828094276576910641053411775054421570233e-15
1.22397809742238647989193538716098613799775906967373616372000036798557449053945519497506618874118259005299377489482648286107537095715823928945939592601121367815313327037077485200003562850524617827987271521570725806794305145467827845549222949311495096240446988698073172315743161115414883070962565417785022598992e-15
