19 1
2.45384594118676175374000225966319144774859742824084678111436781079838174895349655998117572462254707046983504278641730689642553789689473818256704014253941460898550836237897207892736730628640614598191492464085730571921972961872689969379296866980323406014712950188543062341550203955236421775119802755262509586724e-15
-3.71566807069569353968408310416227874875588968927555710002828274275319281820172869584981426990900804775932615534312939941648634477246210708376126623931021391467763946787799314623903907980410401031242494586948301584414883841983676981558532644004444386020523193925966145212605374774117675838336131445149685057945e-15
2.27172586477247996602176975984116304595294755448317717401125245482940735651872751245450669633492394806819360153289769235978495739696025249353330769118956630897054758620721540907684512023298425624391957562011124974966247192358901396832982387164067092901332625714472641368705827009715392323024758210057220192872e-15
-1.94072914801393775494061321127408226629553769793846663684746554758171489726630458623511835912529694520892433094201104847016369023729479569203515581459435911629012812455443551177688911055968172779956700213806690793642644449147881621114335056227835489074879434906954992433101098103072559988535714146050498504748e-15
1.86279421448540903049055555478737554664379180678049306652317159064749740424237900664970370954878624851667299275919522264618218855954805209853859805096884264682376213654834649384078267410050388139373567891999163992608584207668897714374908816831875285910288363644840643559036999645947106818510927194241445607355e-15
-1.92233763233589062507275505082713294604708105577205976444912514941201927476872811380580926418174650002656208236912426536800217451602832765178819470210917964000404241172349920692114547748251020182022862710878526843285959254523738378328368939462123728934432429268138910551870952169909403082151226236996047214843e-15
2.09261758759551930075347709111461075372341139470723706979057775248461747745714224746732626297214199261216079144548254547034354304154441415498212335785261678458636134052841060525216953246226880894065404042561969470550249791698539287394227224135932649974297213690018642006834211583061030622323830114161752313632e-15
-2.37435226077249900375319876752826643505500959881282762146311317034812314222986410721437493369534323941582263764943987529302625861080989147054393109512862033403614613224028095870085841423018290689275006761152309739058622790718709069469645278011493748062386790696808592754448658099695026541293243422996754022501e-15
2.78066598095047361259959530486190593948367226257690251923132740651727605465448485441140798718066661583116765294849542206286707714081706374124590050605887681058777434947013953729117088941912192056944183395288056745347491916718732383898277284797173892954469130791814591511271749396148945382792496826326920269729e-15
-3.3292641089300862450698029302841275454213984514074824778455979940492335590104182372432796528631361516867465070574250044282764378426464904319690782755683152389613124839540809730348501068740564262761066092054003846844182759204377615321735098086642670303055734804290419861154370876390812824773397844560798209986e-15
4.03259005087246038434857392184059782206426034089137300540614749513619284618979368090557074161977651533358606089370561890997816312864496259603311900663249890591854545179540893274851093127403718074273833548099568549138188414402960383974393509530648568315630403754975896361575131960221776665425656506928236108142e-15
-4.88050563054896353515512156600337036028960340406278925468461783580567744081947933112367913097509745859763441404178847807726409051423319570257424644146385560677991998425359649712512362119333401823537334353203552678664231379553437021962520454950523458771391361277981058739653153903758688069617366821589557092262e-15
5.81124884063957641226257035941810476557829015696117981748483478345623376868356953280701799685261475954541544687549039265551960415708786829522099525329789039600900859536638843216742079799571103112264070234043625747454941647415943892768485793173851146880265839803210122273811218734906360947336309293965808549282e-15
-6.67158758183741563308378991004949569350332503301532615376060458724626221044606035516179964964318569786482382782655013358603714166116987897001962785535362097630370544918569815780950260223480609174859315918282584820489031862978258290767418297657060001281940029422274989400844926833985208615905692665235847579164e-15
7.18348123562082767738341849112759282070115573182426676663290362794453345605167250003008205022460628820591002539621467023194849943600074263038382256661049017905549659742732712302909837980030312567048868682281320182705199687490258957701455406725759489070510700000119680961126737047952491611904607521364893752943e-15
-6.96795888298843501975211700333339434289824277222983270172917899412970208281551083907274294585317408136686556370435215282297175421902537211304816758424440902525898145531684317692336667466812918089266950263583584424678178376084311782107703719758500386460346563799884001206483368197281135086746963835094109774637e-15
5.71177468220390526698864468853162909343244246688277186333470615946192096112195393502148384012800275662860336522311991572400549468038919650763041549914222924779477168100236142186353621620660253333591474210162420185896534007545491472292881704931441462457749433069606547441129926713031832333710221875154532070458e-15
-3.51918264713499604370640549817990064091550272347926127336025386899353333965493928800984629612461178503787799540574735775745676241066669238889663161046533040397515840402307060400577411993539931085531377949576525867584513751485810396823228411660318729240570593930599065197455401061266438543716158640976352406777e-15
1.2230425780607769839822229421420050421590894933610216685235755701610135728468367824174453588566085715138150867927867123010076693713562192755763199747690665568737776663879111695957435278933984238857352327987958184204551507551871422021450254498194394257756702062494498379482352420796093603385581428638124124521e-15
