19 1
2.45727379361976518289997105188124308641538993527339776508524297014289779958347724509474372509677045221641742632329043316996244043044463613318748143386091604725744238139943494655505710882984159905548667567741791945719080292779553911161057976204252594772237584938897477602908891092368817885848625290131699297438e-15
-3.72085856115073651211413198589068204027478529975552863760615824159175045998268426963436497414983753643584506714020164902095636487544266360739701303474756410465831604039697658890346478354285871214334413201280193157525319828431694813957289073110665754586498180983708748087109804032781006200066594140640696365879e-15
2.2748991617460697689099972463312929594005381409213917627789423543523637253318530847727094172842136312020551520557302101549944795431450674748521033854099111328286318927184913607676762710105863911495948703418771051886758328103919622772946219774671756472158780765295913199597635517228698551059617779955742925676e-15
-1.94343989932830113418355522009711994700282940630211194905032826470445254610377957568958246479401713542318877315921727501798553089128816898852754860816411877524637994210445863760635780741485161878696602882047210965781955782611354833283589436268094689940857383753480773804378418225074993688070926641779869947615e-15
1.86539584863294944541964000284326407642226383382088411630820341953787757888488587184186192716634770439542663683737767595316484341007797731258639845953667199809057705536235011026151000337877036474878148221371191581992813372765867501489501753170378553091711371792424583656287734778033560578832879266506235337937e-15
-1.92502207569198400876383094177974218476516082465343535990775973011784243145195961217626760298824765264973324239423258159443268955993261128433634575235724964696756567555088130023054149059653423863693576824385156005349464874964077401128694634538687274391780258456030924247955420700803080659330192961279544348323e-15
2.09553934606420594543255406708051561910348081864857670953208403526907662943723202813733945429408332056411503988533784945318828842349332134299169458196284367905497356660301870534533866567768784137292781241652244468573246075009273690721826384579738086797240090095633142617073446565318373277158645933079784079386e-15
-2.37766674594015242155929433983914781824906112165633559088206914176552575400157850778100765003948195636202395626771329903831682114060442271863864855872043411697239681476494876578950377409435508522529055897181321912850601643920422332444241725188229862137344031049165299751122884653888219632154730988559173117189e-15
2.78454679518592145181193834366270752721372741834670803483920423554032099575880365899960891483383433032740046164030384165480983021035852545230897566187381919135428294178049335298643346697647831886888060752187352932667577194268960701579157560360073989242656966563417571652561154346480626711652327456077222174645e-15
-3.33390938989971996225908495226669262643166946214431985133214263711185821860601747584800865963957112163805255024962436387194172125181679220958851446188886272980517873633396508076625821165093952700882813323919206889585642562315453508424428488479063894309695706120554838603681871465736189202929152026401304601398e-15
4.03821507142248060861557349113952542048947156197512862929810698170076122384551465681714886658520403393013509966889730216101903913557162594123195523740553690760695567653738907610347140543546979439968633495544550069859739001439353576532921978353395221526988536240216894727920177950621051389315163528355002498947e-15
-4.88731125120271617505415066044155156662341879322159203802966363799242072533091117098376867858673465732306028880368960852619310068221706441671667464226929160336491486477765752831100418579650998622959458346009469954031293549349544301533084275249664689472339571652513474874076340677061012522662195106862116534971e-15
5.81934952738309719791440612058327892378244746151023428913329923379683085717681756846508130208309277868116770857820521397697599545829128635910982402579754494396218973231939316682397551703909649336657168650105023377784143558040382727403042062453652570221947510753086441945629523537038876644052137422393289481608e-15
-6.68088404071754243738589184677251121906762146719383058508269771933297666841253288687366830764966565749197008936263173066082376912074526360573643732366648988492750889791435606184295967376798356445069897741079848711274168481012688464534549020853034991970458155630891695203135757747585759043005969696297792328866e-15
7.1934868981318006174297447477690678335902918647937789345282905232231181238168054677198323981163093409539281786235136576546012611533395843336510016074101456795739810275098857628276645402689867625379186895767591007957095000978659151627015572415803922940098287169658899491632580827182071221169688496079818039539e-15
-6.97766008411102353138981758132483879782476176861189329661631246222698927490687093360839603376945941909586632449853096881521759674254038610644536006305966334315350540545979478221984948078235369833990265124231640170016645102048541754104446574555834484741595858641249695155637844852530425516052769745673380536343e-15
5.71972320692969399764543094803393712465894912519960440747784355370791250318209722372892657964138604229094565194849487537246208322325684128555504068164632744426170782612671976040692118465991731611211706794201102814823229246102918568447627543766637744172786377468649684400823034896406357528323387421690938188051e-15
-3.52407749585901314737514291867076153521228962112839395704294898748503891102011302933606724989221899728628652055741082861401062114372071202108938023961706307007260819657851393716175519227538548422095154883914893702004757751450099498319501199284034454234987302917088992300297285391814549539759252833893956532049e-15
1.22474280735902860433976582220419312378914671581056299267591683488513069181272372073636440065035835487842900806168945175174880534116202265862120356058384649950511099159179628999894231899263801541678091094975585380764081039459113188163902356135471064222356363519469950902518005208443866284811313783590791147958e-15
