19 1
2.45884252787569341195974106788973747759561945900872359377232812124757660974120181490092728025144401043109269277172842695065013508015899836226853799697934716901704097567388955935341253552270879369365187754204724501789232091235027278270384248405368469872564365987536383284933356026166299789690356435619494675265e-15
-3.72323395589983414966677968872752789250280199846306079364415176888232534205248441136328074132556902058915736712094405820028829397027213579224160023405768598233980163441312708774648198121619397206281117566180396550618820299416678097075870128864539669898516146575611549046892954678204502845029344744439037196375e-15
2.27635140302290941381239228091808517310349345915189174655189539412940613462866390257826965207645425514619015171803028353202957506984303594777796618055089009325757713262593345437117545108207952547398196165544943258441157372339019295871381906233896569759662083877138303276716721890952666943918242567827821804919e-15
-1.94468046263237169610365022616311635927830692374155030797926191659433436630997140193762519866551502678646020663100942431783863105937008085430830502689003811027592621640169641291121853308788030056527649934040215831841330588664733588011376786250478683684865103922229559702342871882936215475862315669626706334605e-15
1.86658647968151998475982051366134540015231157665230098114145892810856555658505406628040256944868107255312206871074122015519370907530251557748371140776017713735813655696599941394906874206036909026305552041398368274619839247623982721690869526367421029892669495046711215772506526149668039381105660002295677296924e-15
-1.92625061054369395818445157981296506065277531300286367034477694618911038073333889637030060037428869436144528946767463944827483349142390955518491674551637720912285072139741393330044138541092368603911501780805700531457082396752400820974387684195300237600590834349250950551192988510519746738477928132316031467006e-15
2.09687649670839566502914018239977617160105402958208543767159076573469551733143064619251866355193727432612152506418537449436090508936426084876880686088563331067434954444813107041419482921226652277016162571831627820420977194211010191362423684361324679299801163103291607127427709561057359530275273181988721663165e-15
-2.3791836406210743350743257192147697599891727344294240086358327515411579407504370199944879774098837630013662983854937282614657752104499912709891458043167723378318425546258989589469415109445008145204778133958346113999287226434861879316122338623042682080147434905998759015440947332862344628420606705013727415037e-15
2.78632288964249803993246676402400227780658719820178868524175249967151077476998247776378244178000592674067421211100454602548695584269332140900479705875432089667129387033153316098864969993346157282406134562114356038568927315550401063611119022850388987002054579842187224090846881527244430192892112234688235065897e-15
-3.33603537188996078816574805051801524533059989991887368870921943916941459979936140634651432579088837810331938900259251788258682029455841134122523357767804465726879013830582181490185399878917985146916810056854228480525674708785202785204593961621811703814595185165135967291821378275818399209875361248679430308076e-15
4.04078947500958653961594351295127645284058466715652833674974459119375746182308753803114546986439640980968246940900870717837296598695458462294628544225445763566223234780817355258134505669233563481023868691301953418077013861514923861821789204153939149442035771202733355856890834734226537024341122232424518717675e-15
-4.89042601929454398575162391576137684800679022396519890829379467395981993809173528168891601118162249857198813316602041643458206469159157106353250423056164906444266011550646533677283959018564686769210013786618381593117697185119408883985436333155228375776857226911660047353933490560449782356188614707053052103214e-15
5.82305706712841517119610587798409380977520001245840570261501847908907474274446242814398080052919332799240065877185127344661895084886488514043452212619313394064651865751434849630403650243878237297360821227528917668773667945730186846094792158882460155174247930267102000531279188707503124989785433826143153400401e-15
-6.68513892806665020209940161276380195002653737416996124193832050491589756961217719359513636149397092101897318416236856184840650428143384117647480005201288820608302812561671136605850574199637240056069074432571885511440423279072038956861035930736520062607165558645919232185241722809383674305454900756504067491272e-15
7.19806645482746402119839896078789802102436888517194666547133599927737102123872911573576863911569788615015533981325808322832120425720392190485808339571498207516419993179470913532569703594700563878904802314058860241997919398686689949518223082246845460648151092533870583132214916368590178138328853900381784826396e-15
-6.98210036777694871436522205915662325369089988750005596458223007415558136996383304950072938318727682738845916934302178346114286834663415479038168421674642779128097427843719483115564727229620853711288312889730924480834548213276488430062868159967326776182020627572716940478811687270585992775121462082398322943198e-15
5.72336135103518608715205913882751873198023130653290633563008655586621201279532373286140664717946971220998775681807925242306968844256352035813461558276785225164559921944698248368091095029185298305286420627316637158825677104771987308661185490700508198447963227521156272150684061404535269365822392634923200011162e-15
-3.52631797728094069909027990638992573879319749912453850723841144821531588491520502275264161184068543587727959249214738570684212371327335981853169269685473173864693407940287258658762780726528688349380961787559070606534736644963256856702463991928098554768123332099892340400974642372868193052904269160773831121678e-15
1.22552105680399736502327102249829499922806565011772008520728242508714464853170693540903636059539859922093191925515883853447709837050276804392609980541809252405196503451561860292515707211505549350941950296084941038175262048457217369387792080466313771848337854253763070824064534838060770663156095237802112543508e-15
