19 1
2.45944461064112791064462336859309791108603476062174330344108568319162746314234926309777132063123032876748034436771133356821777720609097108786107139638671780402858037602829931869365375614716887481396491592447547559874911510441453465123734638821489072856128492621803871476746397768430862432081804553677497720112e-15
-3.72414563610759757929646657795771800326846168826644756573834417725433012363411123455482871812469854867932406410244037322762736222820576201828981087157441132176583294862456724663726217159801132352921872415161776512991180229838198603568210386635383506117218800074344402459950591873033654722893811660526857148028e-15
2.27690877496827171145180487522128265163817267920845506684748056778183335730787280383124797400990841053393703081236319342191672240741479067273419591323824041888278833829881725686056712359058513310536980011556512200444743322255299027358448123199177103713941231161250959680505677340115924859557558007511275045652e-15
-1.94515659151707020267460181588795826900671005228659573975947583802535367763897903588532412728241458785562479417489264162728098259030771740823032522897176360167168564138650604987767630478232575485685313385872219970604786121014721483187319069720474271136843772462348621197887538939277581985544616167605469508755e-15
1.86704344342876581974303546511354136217877065409503567007326574375756356233125406605678452654907971590072418655611599366761469735146348070798885195014595818843461746407209408571993371244024302688464299347257013045358431287213024276005058588306148503480338193780956220230304837214680908285775819343090962043344e-15
-1.92672212025809438849495032107910166865250249262938962308206252391433893397610031261774749926395903216271392833496724209130110409879940579757048793808781298604360472120665169172683387016576731672409705626456998253972738558946250337835472481435502116293366631920591037592233091880217084458121003188343425498656e-15
2.0973896909756095180024217624897636812524468672348644333554243243596291141119201539663029108144971139476017148224551000588031819542299164083742192273698760707823109189514249979434016942793456417786206822679500713327266047761212145765549961162299028868607310677502754963265754688180784021290981192886580170119e-15
-2.37976581736964247520495748898478076106488184566777125045760835537458377909806783938116705297296094874678181394217174192154787570898035649021947136371119157956735439868728575555883124303202075882900990907686414583185029893867904696770795380890937031209183612955008411479776618726238053268460575072761498391927e-15
2.78700454229667989661225182366995381776204259752458707342365416559601428073863970891448892127679379860701702379319093700150582993660659489889080241389553751626599146702585329448856806268340025404936624058003313400156151488919964961244005078514391849819706417783709949382942138638371311777239494590335349686926e-15
-3.33685130389678414215475729485462141219808999480527527645307585073325531642318498784257042859251820484271008740478445982132118059822272713850330320810259148033933856652331849345193713307668539333093640089090405079249384714393401365471530398846752496406001115292634826386741731615271295157682866415911550193918e-15
4.04177750018497725071287096504214244699477954090173737346818819361705949857282715564593871916186465562398212671167502948579978589735302799227114491398470018192957251854731236600182761861194054968529881192842472138696446362674927614629321055909106377197549924085917145960664568930814545833610285542842090406267e-15
-4.89162142069142669752011643533107305880164072908761278678146019538701519056508470579612625664527862842246402717320207541224847914222210165266805398002737797067651468118222810199333303878797418190463084519811461752735748576214759229156285266596371146989245256817588920099957846915506080816459552617004782171496e-15
5.82447995341055136233199920961072352396781759260769218107458350417491839265816402170505869983696676036366278665899723317439625859708324280996326930023394277463155260450130848351180241139378435027313254861251413962063111920105038751274801879034641735324826364817824082760683821337986028543541457564001859988046e-15
-6.68677186138235779060982826737504394056110032745808904515950798168981237231596749419987097793821648079776964710088658029478806908402041459041765473590137953658352602422515324930299243604471407090529075572832702861112784882525214196048631835548467157504202834628617018586291986792124665122721081795485596822908e-15
7.19982397168967819637807367158652121467997717318722314478561545503789083132219628646908468362638911557301827892260257707846970473167211505260267325005393434643581401261026640965554230735195698412485615662698287062913693300446207702961846575020825427365319001502681149751770234260612553004220008542508575389964e-15
-6.98380441695073868519094109584066045199081518565054040493468018490233823973506599665751555584600818148221443688903543276845181660933200892984654477027666066444290485984053485074873183860716454546944956933873106995131702713481085874915616022217073380939536345682587465390011308598929295943351655149794444018141e-15
5.72475754681327978170920656696742243409344947411952093793740882650617435606968595150683878433020076202653551975993568371527636886707492302928286754715988264549000110206145276239038453027584355658056606422273838634579545700774434576232487699968976608741867717673344284494481910937873690216797112264985654002123e-15
-3.52717778720608130472453632450600488700412774415040126381494709469402564244671182372230631202871323991055251215316358422941465032307159953649583299287084154302576709866455094499270475960934830802438429374821617705991955326480030334670785883986647304037723757378775600373204457109746399048474976539714765767095e-15
1.2258197148899547498582159271685535240094181487655692749080187065584513792995903434361867957100531500075218590472660112951791527402133667691274989672203936585173424322938444269788597889200373296067340435313763351420813779763247015364987396298275147818584822245639351296478703196491306195313359252804256752868e-15
