19 1
2.47019855384544559410720160163472265828233619309650948664585841675467557596919002217419954333120438516374988318343812102065326925616772313408954233715620330314888097335350332608735291943256355314741078111846438580352352290221223597519766290043024556289090678831996493087762951057419051760473739738327810208632e-15
-3.74042938394813690152403470679017516082755277228831605938060666602844201548460828352398535242317230858053765308928969402238322672226183088129065909549118302935713531826976807642326630017240459528239901328818551875413003680198085217527774204552361966589308094814031254526706110983615752340188681413872281400016e-15
2.2868641687682301921017021262373278087617070301045071916091687551839778419907551710044042789966194668874016290241363593620776359414333055212899168968738465405071471668414194716231617296682291000681414878978583969707482962331181443567867020933849698873441918462853933096745115347791532135691026323299851633693e-15
-1.95366093047982239229811826662358373643851469741962920937442525046593440338178061639578115861328217215516944217535896645361749775547169532635167815984158057643436631920835032629250226422133564976857602775394477565416591795323399017619432540526641427274769696091325754806071607006675485905596247460605217096316e-15
1.8752055389328739844276952465671510518765870413325800072212923107876429923618824181450852733158287224217543745210540452700070130689648784092028412362021166608033004727616482274098402587395188972765388427058934539392570944615243441588131217621978501654117005082089500726774209257272516751163111588838725418465e-15
-1.93514412847737916346623607331697371558605650481051117718293080709835505107942722144242235604471247423674181437365863340414549657441427801523019152933977270573638429170855318454093181908762607165941942527984297194103748997372055775613866143086672855592492911787050425784067351562714688799698726885955796081655e-15
2.10655639277012192203536212454997832517543331684562809429106277188914310460850650824609619814085914546055863374347819118258783418495639056003786311604980340305006593907402138768317700172160982719595953060121243187324898493681019718013960397725709551841211325155902832803703171951930632587985775690262375280044e-15
-2.3901648671069210662779251915853500135049717158127239973813752056923923966662950321891502426843387422242324200915878397505472873198847860095471461200670548083593418130248100214270165102215210931317960396698288687807569499692267701789253220653109960525815642712456960796426033103014731009238120432721272925266e-15
2.79918071007876649432231181710104744421476884532797737142504848418772164543411597350586602823659767649143490762450580891302397296763142689876914896269190420076640863653565197423696471741940904937293682798943997618664606381915453149731785466863971580184929776837030530643813910461153112481062877754288658943548e-15
-3.35142639782959971584159215631968745638273716491844703681198762419032227058037487573488740192513177532715019455600949169016075534952168488122246518409268792884968852293899414283354323370027239495430602844581591431827798613046986197403843787050714275802029059453870296219726650863016852434611558698952089913877e-15
4.05942716688998741534545861670358904081952505369834503668078409244127146671493510322399026691170809078646990671080608370381600216316153546239133275730830476593633545682290476772432830883245073805183768476162068555618665257663288793058940602399025075055824713933174324105068840803591936012749995269085262565285e-15
-4.91297617457088289527302335996359396370303503627190117658990466442513361313565299964263500422924929991536621970703890648761468339025591120398125639449004942935903686308431400663244174942238980187828554611743420732005373635826277629888537893513516757150809476958893943185676313951863162536675113013098483538011e-15
5.84989930851819351658796575112982241753607357698086241487687055225776642662666447815973590858916503749868436568877206916744326173203734111308071755955352809976980097826257406889168745759805265748979405413564881542935018050183053724975960792246912858610745999302589906518515550742436226962053273874153894823491e-15
-6.71594462167733865470559570870941854900595452491203067451599550709762650196587618392844623271014475793714053901806773723243840070260915934854688342782308056868945124745328723550350005733410340363047482624621805071086284830133452065329761272641934081423623239090873565011830932278584844675463768227580017177588e-15
7.23122360155002121392612170258042329971741044785914630465374858288525718617593822152423198554525300322920644957302312892290148476014451420372830296274681952020335279160093823247858342611575874953542039438241896200496233975849755547479049988946315716611972929157475890336611260945600465273005387883628942038473e-15
-7.014250002083720932784883723226013382272269933930045273127042882301001508428875734428580831754114570691480683268585378302597255765809447541631263334452412738098907194164780354138005907435355410463198307187209840696979873421731707840409368417263089336477843568901663573266330334483463813254996266586445088498e-15
5.74970389154211749937804314695677135771861690869552678532594475883471464023371224176211491732237403209869228464591399762487024163595021817521560572183229830721272516083881678024510150927164312938401423894451773934155067769463389617787927402228505175581017554844843229684330382247833497174115200000796023648447e-15
-3.54254102231265701212563312728585974335135585767787947120865654799803252038030406211676777144389388496080451993145885571073675657433407448485538796089586864961433515840550248846621001063810168426976258102626437336516781436488741905047244711823200147909755789662287931810307164958041770996407840361313871275323e-15
1.23115644640190313338338144744636786246940517000021438315023010988552361331903842818981963411739760638057129778337772181238800842769306796332973135342740083990334854671055914331981767171549670134106703971585185980758695607158429622733200608173774875754458275135758738543341131678017378380984180795900439479225e-15
