19 1
2.47471873428755982143333196041762356433278952513537262965379978052419747063388249868922816622831932003045517308684483500308084458498017873745233217427147050670761802803382143550197384626012272599526674316956214727204208559038813786084190712049495917008108850394061972405893884102730834141830695987479034835869e-15
-3.7472738982846157572178264803998312234382571551360252714703991753398520520494713943222748890883467243115208258754019668552815110780327931170412610468366331082700741380232140452284554173649933246921526362315968799454781530838371547407016927106617179046715728810992829012085680921461709095396744341891161468248e-15
2.29104871037715728831235841997387921084784743766899971815472456222888544429404811768920361519271590920784137322396780221830153314994118625440800939999852022624490507053753594424655709994762996251482492105676890046282466833172120926675492272867367403163760850813763191987568647790589091855241207331498901310607e-15
-1.95723556898272229144099629650989959324613317034853482939591204484265594155869563247850453907082887669386809522880228626552669085089176893879011625912209368971626329681457099915239547291429042062492340838585635358133663796137126930904275993581148278674364170733413157041253276338084132480201539521354140153082e-15
1.87863634605058789244422300314762318602543135762542754976356210238000525520993149426353084869160787498964154591351828797010609262260287482606387862866176697178349191068246870069704262544285901955504285810011448391749454165800879947561480688011701923345798060393588715216518589287300973719740838779214029547651e-15
-1.93868421843350043100375469312730874757127562103875835978851010397772160007930067197072766311117915635078543356662920330663032421151054698998270910717230046100286039982026755630404415817352600713269040298554405051494688041769153175017786846508995457653580131653663181013753131147810625114566340048584252020392e-15
2.11040954964728305080981273414673997767573579239154614332363751729153796408085948069300936187039714681147616417388502315946445861845340405335898888893992338487617851643319828821282186889688661870403795383288290128433635657517451262365617299284821081928802261171615447022268316861228027117404158761618284862918e-15
-2.39453609188250449881544735252252521102900450022616542139979559654896685756522431245705570121121927884361642161852547091887725696328450334261736453488204250101156974564503299501939484809609097997516996002797907064690594315929687425591495337687767938714362402687945421151504673853862190049386883835045180455573e-15
2.80429902436478308388253381066915661307259850073733074652960266071395062276250670935088104793145507319412306624318729012020077117797904284801364149482038847880744021702522219713159636444567348725724195295684514898858976377758614425838613633422984116796890146014830778799585035712151303147993049585845650511967e-15
-3.35755322286205217266547412308391146126358536901169796236651734655772490973721712127479172699720727411966293521964202481219229519321843827895047482260811352536084389937261120843680853858079114627096308062443302553973414774237208009717473753227509259892471699002762383161706806477272934379278729680276832768928e-15
4.06684657675238967448136833026059863394792203725867862968511160720494550930505633465717642577548264577984629806682600567501071413275794676291876156758168436913566134507699135409152977750710181184237277572833503197337657463071275743486678267814998616526282093693981501741944202525946968446230643207139435133166e-15
-4.92195329629577176089988558294080364971277770069628434150391796664439864442515609879765690035324128143057185611687275171189140203396630847224401149940316276918170222715002170340036897912470114920770956428923171487265241459126316225074238108321045778921796651371331024652049086454314661705079597166854366564554e-15
5.86058537110556384294251144391038260054363341244023385586109057254691819322788425776860569184762416497613699455242162158020916213925967334089408557849341293064280258501016626230610897258147032653069226697318689999977601498271803743012269922870199850479673432168956000880659231246977705880077250820012657548047e-15
-6.72820890867022378831911696568949673557162261408272057944550119341334300290484606461828840732783499024866021909949160710187228955232787808149675632049374395982781745176394065572141150284424267258919108390474962551307778433845237557831537726016811957107668360051358687231677821805421410172177697650222398801285e-15
7.24442445052090543627089388330473743242523390896377268650505540661629632837167254835569574423686068642225927914026591949027047773396881368448987974119070629118504681326922891531442591040261062211333600869609706103847111276191576922025338961115729038249501476296607294417710790461397341546446786974475588638133e-15
-7.02705015536520515795162416161415440274911858483712834282335340181850249900714579711935337927175052388195620147473327144781495505152616330212750434740531776593737397818792987476130032796072067505146945504697165420710041119679382848931837747767897630585645251840224726561941694951514677547164016175026483464495e-15
5.76019236388891024069723607996744437912218935663605775280763478458822732638626968457982640726023259960156949993399498894646520335033242338478372208788634966271117627984344243167893611056490355244516724563609438758887114498140897087320274402366849756527935925400860201349991669340564757563141538504810639697131e-15
-3.549000589677465620713203912057606768093540641202176851281283502613948011944379295226974306374019296763767119348995211762360229877752402801286298573011778159998127459653934709526011440861422631406513862671671221850616272233166521005052549742369690007717916739925361130518005019036826417613042090892568992754e-15
1.23340039297936023424883105829852093589692170089646334765919004612281644152602611087560740420283018254379794024253024553577725192493809435311589290725204186240672804872318881097569213713580243295282228199069242058234722792027330904329836127453809471837575203658064096804830996415264839441304570632974322120461e-15
