19 1
2.47439321905528697168787721532054237889638401279305723070743884678385262702763375196539796114687160182949516281200954686130692018993022091853606050068154695581614000838080800204210888359562634633072051185958178329689227814867106484283643923709275591213054036190588062393307046747173883555403790894282177360277e-15
-3.74678099869789002727306612727730519301574935869221422035079541229267577265843771068426335264481597696033401402670674632091481929851354718599424519602587433320816380455261417011533619234027833546922464168953846440723320661667612183021380515933611267970758604240184524307246452534616458328123106261304155805514e-15
2.29074736462804529645136320252634232528171389390188919255421913597203684323390212974155435619604238396460575798070119086508490260071961167821585116979629569110839026483575064317497082858471973480427153657477369105285168304349914770516953279671464206815879401061814348961475651015966842911354977709839218212668e-15
-1.95697814336688801511673079015202770669799359206354507672871279977699537705889325144416978658636464693175917435865383873950763036636915192851992039265791942843591276263390623849832243654836700612099324743739413455994090339143160502973153158636187616557385029090790072236524187613107090332147435945142082099121e-15
1.878389276356801742473641737040175791531604141437571431430260404252778907710166103238471848395842863366685053815324322383923820896012808552700683219011077011803306231305036713403403923795652003941356936057291998274455080279123615734361206380075920546617406516353260453210790120455837287247243732250155201659e-15
-1.9384292760119351532392310386524740891405919207178886550188665506804678012543651375437972935767145537972146012330597347327018069299684789966828629126982893380902872008168662749811523147941956644335212834761986138904189761678508461105815524680740415313591640728536712831235000341686797531195179900963060783436e-15
2.11013205780134320989741677442286132885744417577873165783235729323741807774438104086505619783006588897325918335675953465992572420845326964092716794681168669912549770602639252719744348938468947689008980125051124846331296230671667750839498072155861981347618938386436844078675413748144261326745209558542195175526e-15
-2.39422128552618730212947673239030709411410485128078276304589837962712221630759870480862113269753153972531207235166554074829200224804873885732179245102433258249773562458902922068913178499133245764369258516946625051046802910529540935298829583932047631675461559211001752806601965603121965919572660852239693956923e-15
2.80393040748729992277027002380639490898489519299650994904200452846659276051091141941467951192166754613116160516542611706704660436841816181288747471912609014894659111125332281856716342246563373615974571187906831189959363723115468914546863067528838212847643484523837806767379294354268686857261958776166213287216e-15
-3.35711196469993918696911148995290069304183252832332085598859625038988880112137623720490186160989393526171502596657931544032725640835411047195726943221960357855040014200268032279689169636592675270747134952004988642058578488834010523336105701240338997717214057379137057955993650541396481553389368694144269104369e-15
4.0663122133076980733560900515861907803786571638326580662314088578089706542830429219762617780628555669984526942326484932152477208596102263317120713683266255926327570318210190601572863786447433941137278623483890301668645778058181275547603335511923661967917191772416375719740763824407073905333502709863009846303e-15
-4.92130672608141590739890523510367543185191415691501637811941237639596882236257629065859994450247308886280393089208733856296472885728947065411112365132167406802667433192049796358945633882400797243594651501768356190218173109496327236908783221896172556764798275936861713404360358777680793270902546112144416519117e-15
5.85981569395191998707550633715447081356542563196146364089885987406649433284084773273736547198029565944313134232115490977486670257236249071680305741562065933758961617711328228559731249142316279789709325510350477814479511493529025493860460490955229591293776943803062130539733959335451258552081917545988119239485e-15
-6.7273255306467448109962070597255588447322581292787656392821451015645512313883594332010547696615335383438046998175006443190366187150103259027441631992878717959312978844152510878157005872463109341017610596971804100251570609095698100002245969052789381899767569970362908790377770644264043924690025910109671554639e-15
7.24347358159234383887377178637280660526505195354698301025875451333776732400203777696886531055249442620158604282074718368187243456359120039790824580277364199118660459271048740905863294514849427876777041361101159308984784044335693291845826839725311784509178659447496228092938174739828464437519318185326478123027e-15
-7.02612811575528320862896664770145870256931032734258015895304366139995850657862761926128575161975877142887384971637820145042442975211826164955147133777897254935016669697977339331735310996159828827375794976213437786661810878798703758363087715684481355088692493950207378748202370245324109634825084471592398807483e-15
5.75943681361326225172518386401995699151794391116408621509001520758900886867953400835952730382441762315720279862641757561872185753759258485347876891483158214015492783036432363071771715348303098272998569722138292180177155054052981065794697942458293720104904783496801460559240225459792305717986804971094496223523e-15
-3.54853524752234120794044499073713830248496418664369197079649849920807696675629207835885081471193919005512884914975473359289123436331813891171699216503723993044885754450091620531773444884726660291100143494207487855821627330105048217720725434983009793449027922732510945187773030839866994515645610307848001536926e-15
1.23323873377873698788712201325618557305624330765405336115575374266259399315628124620896398193316626095703306130935028151081290753823086458957738574149214288332779670012373737342051595690916315390026623289034859193471974600768383268473148334426375940549712576929336866786344672992924073250709976750305209752317e-15
