19 1
2.003958671584114768689858497801691464900838861711707140289939132462252362559730131275417161875042186433050157275220978001508003263707455578553189213316448472887546747373811571864285868320144550662922098737826057596893344706471915594323768526808627337919359417959353273399387828934977576523253093715605476036e-15
-3.03449272546949987112106509911424465860940542621836652721779399067705836445501847018604252593747591335286663075543349829706657101504885284621643204693333404398706410465007699447080147066789032499234473421226557682450413747636990730139189820289517648189945187673781161700289815709615589738928039545511338518555e-15
1.85542638556050552117352943282873744035894613202681714774309026044990498549763090119097002299693285202175216780043512054815522579947340608472915933577497148997283585083259105193844373259718561658387985923115708179425062322874609592519754716896527517953983100144797722881603093702634989579690176513458827350386e-15
-1.58533939269872097596187835878008463016465041554093552548103457693458585772514106052867014867203707024664729977331503762144850928789550062696491753963708226226281122550418986762987695188111062620432620444391163863616946114110222435781472138469692584785219184832137148319248709474447045629454227338198188694118e-15
1.52202798376873507057181032986815367739777060574819492108954898716014388785240106234812488184160368583063468701147043356285990115044974205917669370795369664495650007535266926578918871180340607803923187535442272944040346672855578661760726774901443324990122493277810431572737117817905586465664355256447873701693e-15
-1.57115416031900045931562414954343995213705459757396430422923521952727987030866406551026780888929479885775957450476192202064055504358607125838564619453569549023846841736398827762753683783528404092582582091179472333221355009126472009692404307296068882481225752973271257583914396200588757193605341879328481947015e-15
1.71096587720264117005765288218756417448933635101512890847448818520509856221621587098062328564170386056714105500242114388445205649602549150047431130843195063011594578065744772226387810317597371889021501806964293286950107503456028342434668248121297325306266697427696161359003327250176208562926556634456131368266e-15
-1.94218225530447813372604741971876287170478267256253541087473299622449780878474061926551866928084358334769982324611612542527445698692227994936506721989131345061645171379090810259680898058512155085760266069368078147707645808809584262193490786612206425806146252092693820856846824412123306568329721850710179549956e-15
2.27571597924080587903518571299130863053738547330070769555148346253775372473200274089997032308712988830099247864412474949421961109873074334642143698213972718930797718899778646903413592775377609008351615756823863068262856089235483129692636980328231504199923732422531893711590322203108196765483660362936292842804e-15
-2.72629591483804067349608238490122364255003886930926896290278606192542846685912148257744797630054771473070049522624629756291470027238354344935999884346359036228208957185054087639443179901005469928131460574579658355982424237389580549386276520131148473629009786938080296720481776341024142941049020116156398992071e-15
3.3044218799986666339786764991329586363388847945528013783574279326492790609309526997116710115113214517904501888872300593123382511737257235509372684759220751634733717680898785124356383413476570823425927302585804304788149462730827839454190543191103048834384636207993299808115838111927711363069438359543387218442e-15
-4.00215709927293263058914753277997093856197391226367853927523478608402305176238573641330617310076134414552697522249678174095298024194225951621142713704026170276109953803055674467447171482510993401592996447011817247718265673924613240543373255709623526209015953480422236367065692333947044649521436958391168274726e-15
4.769226931013379217421028102364029080470561770939650321966453402405269793090126078415790367888709341025051019021362170541474005598602766894225587695272565425100669646789355018334827876994030651302637048500399995921617265109419109299942770123997391833442174215542248616593677420150533666267368929470351170197e-15
-5.48009756132974964640211935681961310003605063805126330174599202467795442572777119460197597502309050595069420147720953934287487312865491167536345521963315408973150464955770000850619160620414251738285359768998976137046959616462162614810678954839725411358192528633969814141825806593072223983144555221626337417324e-15
5.90617232678127059309951894537892418536531265448330950819514120578053156969191518856987357892496745692222645939632826023207028410938059006946536673158735417025543218328194477356029086729863364602055547439892658944464451054996292930893335103402342044521985345603992145988562901630265640648684774499070314781319e-15
-5.73482741403959856085912904319916202222950078883346318387879310660860968089211176629485789247165208225029396501311872413741841368862203746587497783679401595388929402312893796916612767318257361413299622154950673134326987405035258687938845006952173186008912718152815818312832804006157567617964614703024992891538e-15
4.70609977793307522154094240693075214525127224632924271472077352381071448069866310337153414729506183238585272823309168842779104024999549454066556253973717910651478079298738671155883316275181686041538377703057053973159064132447935513739598355445870037259289696160304876791016022847962673632249800333936466117023e-15
-2.90294590075272519765616985713034850769097898176963670213619540634196839030373274331888480473557054174334404225277486961462287524999363407311313888266286015982933623126301921866523047215756866415191871554455555542330472179493954261676981362205355074367026986160691180705299389050165012329952717845849567700786e-15
1.01013096018596440926604171780483604298186537855875428122437589344838492360373835582558460755654695900759476870110979677069593128023246350817182264172320622164461662669624955711716409871013002991641680430293317141293661321567416810963716338865539742954745671998455182038665981451946859208994243883913209109947e-15
