19 1
2.48075654261606456325331432976515715362922299608266762802639813181451321171712311639963741739353756787753460025383968129355635978319853411640656663502708926946153890176297118132710278622535404922684303143950962407761971242041350143607979523617481167256817821041447769251966690283551579590194734668265397908532e-15
-3.75641642787168537729199326850030922657699122781657928498057601202602447177232554728726508379215820868377324901582583784775734000938695780911505065703911797829259554798457636503143841299379908066976734060338209042945938919854944503147565143503814942739962633235441841981164377857120516458140839421755935626722e-15
2.29663820523724541503753092651831114698694631012055911426889683977584089048283041159034608490273360364351463776679684413379449922044121940114983013861693387841177642165742955458380324333873249873994448963472303927065575680356111182306685247573568215037633819674921741328017685034258555562473225996534130340336e-15
-1.96201040520645430923877952009773267746509522423067200074852527484924894184931761517615642751561952250750453072543581506869725619526274973390540402365187813430581897486115999211969853704901455429588046259442275621665727854184775853183900466933826833596353376393185405873748630799330469353609812981153106837198e-15
1.8832190846031939110247419696135747380170457323005838913719166629203962558554507754377876454320925906516133777065201905516312917648897436415061235341356026640634438360970751752598539578345585544095290160274936239912890031753843889307338151026676595403980661908231551646828615245867568875675650551068668728073e-15
-1.94341296732182543267876384471102880243082900124090775553886555347202817743392906395573239054988831548562824832955723761445029083804287052896293239833296659655400199113358198460724017175725463187820820050805853594089355959306206658217226473828556107180353235650945335777814351116118489422609539375178987055149e-15
2.11555653069664955586200125937151089456951109009695344072388520900965606834388167356317317366253829562589667610779060842731626243889830937762913321183727518223476062414337145270645666327323584018452714703482556033927139214157219785254448517414469078231112790823079038406881250699603148656730007314025124252134e-15
-2.40037516199155537691615516879832863947806648994049839829329695121114987768610410197127971937451021771790793656577742443694113973711509180395941672700287812658189440515952382033475961417567623552228350033291824993207315713399232286218710002621523740075410272599626679784171847388459191054398799793976404402768e-15
2.81113613996243104714323885989138055742982924558700410856813334007334801875950698900863408993595407508858311418489809010459396558216171940785213996316090193125739744328462048307809389948329630481564346996756724018370619130645732399225564930538818244109879982355856830478360984341684545115281667799842740673956e-15
-3.36573763750674251494690055818641933912054068994835403036242668511732980722070836785398876920282007483738699714432521009656403604303515032643768024588615683185781762975877454519367188541724949443268760799428270588699486209757684076029246521666123579594946010888075662586786156116878913815874656764032903146277e-15
4.0767578268055266000006468141047626701703191242234700562549190787840908295418003514536977046150785941628381108647668338639391825421104248795303888553636370601421074917636237758177979718549158981668820601477527467024625895419427434110798146853180543424248403252365710110333607909774242648450565700955306135334e-15
-4.93394563432421676995423862482630042016920101516688462226155914165744866389809234273522586625970300658496031570682119436652008469349373622921725119453960524713163380026571885428080060054774331553800387643370106609927810690170771556834019281895175795922707133727219341549641550457505760002650778701812243479339e-15
5.87486092251396486647765958053015290988872622159043261954715894547101640678568101218016709482635426471017631647030981042238872073808577607056191258013928751918197275911634045879522271899786909533582599798943254022172295307529808383260614939322028544134796908374009149811688242283903604108595390078267317948538e-15
-6.74459316261146595481481763190445113822600103095629373066402203999129070206180673587643571362109167365092023875505906081159845534168804882914521852366886363134477337839072982328999327636626475670549090002480855103139952219018324497282642871544895101692844841557480199381808414595028277431033727352323482823323e-15
7.26206029141770814741439282314632047451465440655689581824665237865405789020962084652004653151537309413185455476520020148166183146701987949876692016734012826809329316721331860043783128698005304248922273633062404713649250866195618188160268094326650426414402733216702012379279785090529300518884656640251408949561e-15
-7.04415110322702603216280124550674263401159526298764855510734930639101772192812972689081635935475575801364347578480158389565560748279170297244352121387583202837309530503475357862933448689298059131388378817142539319362435537994408440275531448844885306284953257624727200783565115666170154148337671920312460726884e-15
5.77420528617386574159528922879778523885739437376735528295021202303537585148413641040217258956583516121356353936890129333550844425571005317974410582582858811843648574919472836214857660976203148352423893976543722632153832919043395344310849890876542258850630846272673351228430207466875367010814984795772030247222e-15
-3.55763101369891066785068539381111601527016702234681166076584169767944541687446153545291654018125449454936914278125267481746147404931423299412974933317122543920990516071235087746102738815332762005975250603017582615641507822734329353260857159642928754729657962194599641999994125604266109614902526321556008374389e-15
1.23639854883703517716295332278525877999195885620808520066378895889402235772728944214312260836094271245682133718207096108417799007813146096364312637541518686940436042584702065992084785550594944787890240307390055234479864770808837839461322001329106759591020358787163321315629674388603928930848757059648305060455e-15
