19 1
2.48439663461765043443883315121842842489227358191453467706920747899403953350542698783966760655663214916742016209931642406111823179947789769331206137942215792723184479952415867956256434581549121837948108904428219409267158886344306462204009146859436601250398917583074921089234103003361499439534176841038272078882e-15
-3.76192830560761362709145306268794775623333785107465374627213527722218982915947914599489001182559426081129141274492597498388571342695597881991320328227458596703672018897884668494371622387488848398604393033935037664817953000522855622642437794193045907966263192395988415774802406257231297873258045161192073165393e-15
2.30000802424952115227210227721700836253340724979492841546040741517024568878145005285102109417648597703332207874377387148228065963561098538593273573585033971194310857583059057186326975800421227016162377330965943512064192391001402811873289620701451514194162148238674387221772752589704433740610790105391002374332e-15
-1.96488908898436392523818933170272205472243939714013881548821147037555197352039481757124926170511142083854677751603434101074476207404770222552422457298454016237922136356664174591077457156644681876832798753488231910220728454711869378067315425859677373436014821577180944800090296388205925325120569047427724034029e-15
1.88598196877751708246557260492208109242196867905178104546226277846591229875898006323612514606454460636662696070912088033701093494403678234639697334236850892733060084999576988409087837755509344229931793611529836708417005547818202230034184540080927342172318846294189679138819624475971918728073294563655916340018e-15
-1.94626389774646625571789003895794580036057827455673929614105713591253001996261000889326602434264056686601977557689999951684147426831337810685906698788692580778710465349090237157586772775412315117496913353178430547281589073246067442045805934862359316998219746381386297424283696843033575316334404308501196724843e-15
2.11865963488215408496952377070464917204387958175378634839016954344912751862828687763031876176697910410872358989948700999249868565103907169431425648896266064668109516023463927445738814021549268970568788852082139074284785511575565862075088844786549548519621900966497494014745346013391133040435978492754424034542e-15
-2.40389555825966680269619772158691653694813019225255100770016612037230581022101810824304694977739669911251466649512140070048787921593808029975476340910667175168774286055326154749490673655646662408087573400662135079913873093304192167370308163558054129593056666864074321899334815529200768485026913836260329216033e-15
2.81525830630231424394630893794485303315171795902979841563941287535692539646385901696299410927628659927051921378255750701976562588439583561032103608139381632277265761667917715223247245910899111424895636880463008236446421715864035334109662159317990519393982832932115638145143865343134517373499586132965332612568e-15
-3.37067216525931253984459812962618490069910799759456030983099917134976401045412388876280870439202792820481013745154227942886980907556917502949994703504930447230309321381696718086479181571667271463512007359335681609509768793240091574223819839259689644388171304764160934719798042504538149508908916705689983987885e-15
4.08273357711315665160798835141582426366970402632252795027928692266166353765451005945444336588041423651280615159641087721802428129280135933095328578264723748951975115192670320131887656134295081924345042130733831373663518381769475538257680739283207290068699645854454217578654385818534178343980837728874457026808e-15
-4.94117623810914995999016907764572137441510501418189246263825737948780127149443706740767206857230378028513256157868869543208365511385169477297691077305015629781035473798446786857331754599139139913551611858199970706354898071455225407059471970407992998833003223748179198859362978384452039908075741917120128528548e-15
5.8834683018964849181642566488799336306624688748491355836009858112111710168936408581891875656571019174416703106104074770448789533245293858604339094703301244519022840863603909492908154644805587361274616576194307127716343270659190645672928358881852738735821894209779549974335101216050488676788457227822139887977e-15
-6.75447215685957494324299926864260012777420177820492368875806192040978086543461530309925854166194754883907593327320770262142413042088662803431785527341014661883041933392522854774692049344939176107600912692762762496378482908396701806049799562309766859024977506590623831558902178558650571631181370598445845748845e-15
7.27269415054375051496870592822960010733079859712057151165713175455087416617456627642779102684268586516260627608635354606311960819987085690786589391815097371453862487614597839236954993473942910295841542874559038466248504261789038429861532158162522943649163937367843423370311952428734644776322161632374967319046e-15
-7.05446266013080597622471508133865291721309714574599103367380659689496001984293279287069594758589111786808124309806916023607487797254693884931991679424212555179616853241410553004724878488123799108798115901918629465855341846057505683776489415632058348785694732552983530551590699478600943419530496609412030498368e-15
5.78265501487514502907358460120766190399373219211340003251887244372028569969520724809524230436707528135548234791151442486193639118476852850129753141427271615743899340689031913404673893906252693573629457407982460106145860559018559915807108304774936149208308292640862434524395077893368657343318738291443103822229e-15
-3.56283524800327301577987543479335465718371523661380960519575984432484787771967999048172835839832654100330472256661897383276933383768237384144280964961153410806693979149069112404341119117837370138284663263586721764971013715235385352704179633209202941980196240729924103697886654582141758426036232115674578134749e-15
1.23820651473599765692830803322447084142500009663374492197880274735540811369735132136416209241507448055629564748929263723167356765369685579339555053790387073402161970311868909688444812410356664261183787858411945347392130729686191114772560699794933506312907225215543820047120800292384477852203854191259080342565e-15
