19 1
2.48344669138381092076255880844750608847620616796149232293294042634233042030550194954149474056593186325847747495351366778081410182805550541078336051843724331774298760046003771472824855376901085701770844008906310409524740756607544984978442230545123941405479655145516718929348112713142240588623468461890095869249e-15
-3.76048988793803793487125974628481405286907896097372061434793454209191659603127282347588828096321098549651396410017016421353057601706178196051175273413463234869296806642106303392213515664600130335171329371722037932264106121355444861717428272150679012272292700585895744855098276480135039187279224754275777543678e-15
2.29912861159209863081042344016953419332047343067988220978815780394320867291208234165215298356222036151924914825492446079477923558575489109709038857821034823102348602415396350024464850492621875842592955085431228414566815558650159869369868808354796393264145891699468453926581966713927990834510758456709806687254e-15
-1.96413784438948019095650992355665203987683954828858937117879474776281260498533827683339167835591774067869121562876683649322458595453517740411270738446756034920132832622389756498784152103294697086076800580123053389299168234337629648358404895745974013935140761250331092770681722689731880538428318054341640848751e-15
1.88526094115204359396505412069076578431657833329488615061090077665487689149341665006784598131931564868794646848202660102024452615635674882534808317207086629022347210726361196776936565036937113523681281478643823968435192723681555331881024142652582802182199609845309524342501146478897203147522923663653977829106e-15
-1.94551988867169732462038523972592151419166847635462087827220908899652324795533702080977021983466397161246312200274615572971306152783715468514885368533422941512572596180028708412779213757791179056272941231775352590431945290791434526342251939072980475056930525139313163273244233610175472726026143183586924357301e-15
2.11784981036292647059525950045399378210904426449597568754878975884119584047192139237057020909945997448428530340290349057807224862785696992971459631929606650807046903621344095207455209369187367822758353784700304829811585116456195842206130697058751721116970547446738851072090307704627860989334067880052414596466e-15
-2.40297682459463347140319753997135400428387451278589597108712492468063654272392487886264579801045477722674414353968035975921617436445042362324248780172707201535033832653853356262939767128657418646338621414011046230770624224612223659195421153623772205278016559109132734720760475566229879595728703179901322843584e-15
2.81418251589239539130470099521007606461860591931231156906777021526817459265686589399728491241585390837135907068698865102033460321836840378815841572634406732989582266633947251616282366930444468630379723330572318025266953120600867879786459249185683817261487264604937405678904416904492457139054206381274815201794e-15
-3.36938435348058397629417625181735250575811270294468936345738204822561043914046608446847206583120141973756081281562158076337820832386959637014766565653910523018140230621580357271490248774712616353820663255939215685606296632956783852422474101014068825617986197380739012064846141476754277751481613832936933495013e-15
4.08117400864584867275427413192119347523558277383278581288455581754434554901624702467381983494281819817174314989817934434041994085836641421952197479811426911702436285400532095462834575344791698216265263988978722328503538858886999161562480190112673941470082892426410603878992914040540572779251662242202513987823e-15
-4.93928914930148549749254174953232458497920002152085507161338024511035492788787381169360734949563651379861648989979951421981262732256573705083435738900923762991747125150168770717869867717756077998658068757568007712457499273129654717266161698401750238601598519994199974111254167254408152451678807704299061939029e-15
5.88122186068384677129938294135482164341542484401169904629271420506161199571435856305729098151031832963399007776296191193101265582223585208847640837201816425275809496016163850251512727869805232611563772337648469240042469942587825740314267416605019311943136600348051308258814065673332307108413793665678399587152e-15
-6.75189379570227846800893534475941558204202873247307207896387323901865130269790207640669585047628499462385982414270666701489353530162527611670281707898693522700015675102164219832034271222687765958239487151388013533074149225397795215350726653657656381866626026307251457833218044241132916006926554750300482082796e-15
7.26991872620092858973543536844249676028401655098455839104624526257167547668163465254733699339317023262208236046133314328983141051397846328618214752511170743388196158447660113664345923045738632839242672652816480934147783477952769885166905620444955314096948853930170711957400838874950683253104152121635860362855e-15
-7.05177130643914574340158528652144934507648634716113619778172766435177911694894550972245718420544194591776276436186558573234467369657561380950622475453460164632455818624627424509080569924746952126240745321797142953643232068430850359663362941748849919816144497289985302500422708640924357466673812247118730582902e-15
5.78044956134968664616184302902574087337784990502163073171622349393181729485678066392910718162299139878699135228904140135468840401463228767611106630638170334710998703310061618899589087480719395824161346728153862867672236470220985892309129782569614236701703415608863507846018550305562694013409288409372713749275e-15
-3.56147686834096873210461523977150478945997447430944108378007349394908477955223334249751251912785045779276953602310163936337072845171689547855291320675908918815691098273674677807549841857471813829014256947589238216838056400344000353076110474629560011938848652550554082989836453717749077053028992713796530151887e-15
1.23773459914961796108192151900187817759695589614065691566840129514312798895327346733187377471559977456912181435435689460840710984979579433203369588868631743543308952287647133154121343966029889359451868933043920991033486947105583439632813388249627085478917869658081251466302362076467142010093091000216831317694e-15
