19 1
2.48857063461128269515192399700632408564661235488273350815248478566155747979360151051636868136264999983984927694653208134146061955006470854694267941674953677554314010337393899743521490479178531814082465019628224845035055588995718615485111150556858033403867660489585155852967991929617054533414075998904319031334e-15
-3.76824863529648064334897257604760241692930803939692504407228366647473020785029492655801833245149957020812486062075721185909754744796225471394113118091216646139505879007396131447050182722493741807730588343179690770006821533137775361856909548747278627520891491870336872105166760490658770883759345882000932512297e-15
2.30387211309248706856565685168549122625771577625484715004817649646665297399941770184504484054614671305868169625187563092917019002891065290952245303907674657615443041075365597552050586864843212273490847224471213845445549306493785536631792006614567565837477710944331667890557070332749179426320881865257728349818e-15
-1.96819001014903243580780352429109471623830528955762998291725918242140985308498266583995429080055382482917226677308744844572206846791411206531717182932403847287560125502878176822191275197555695346131405682052354648017440369923005312646782515868411183115201080606918874275098538308746382212250873432545020808924e-15
1.88915011217970855900455320212956716431918179396813088976090970173626274876741789414932848738784773861342259902075284811610477768040848962528107924845040401435658279186310519478395857890947555627651406357325125060284465347530883152781237320329676815392854067777699434718472468283335245280621586058057492921025e-15
-1.94953301146023150291579785674650388671221347936141071511466730197585935853416304331596329425507684806790987248048304949805045123080360718713387842987912006092330658609357412291152369467944822710279260407445368474323425258349296363167247742239734358021238598886811934129114890671262128218026544699894640414316e-15
2.12221792470253119857071119191385681664034578984048030882576522205040616228867996042125224224357002628103200061948852123939989566005322606346864678764990798996522705044128357540140073638176325563223725083979646945633087755798486953293114056577270028627885705424686511479468085731229411284924415101747909741109e-15
-2.40793236874873626151168545331471396040195730945828174152698299718047150842180119198455605097552833028076140395326572925707874104993077319464666094910979225843151550487833824350585484706981570559002950334521734445872883100644487067328819211045293648584535734739995150497407032347153210771960309266924167263923e-15
2.81998518510914171266443276230140024096598957980039565470972246860786092513747606280391828149991016486038565328247074871985546602413289124740599079196314583791219926251224189806350376014827532015841807594384163367594911552505289536525321244879382282645187629836839440499902407150357608670289385372665936664715e-15
-3.37633060887518204845385994407862470780433177685699865397692401733760849940628021818198911017712150920272454247242079556146155059513063404472653290778580718954726051537966903852126500519232730841765840183610571245314941831202220867385572185343864919281548155853448682099778934626602237472313302359503608855762e-15
4.08958603820926521254896598613018791753153149110326461148781530679979215100983362080921202752784808232939672046833265155693059263166289360436539394417930218866628282822203802143428388645203953592667359281026186820172221293166660727940849995490836970814356207962783603600683601877461678189406640106967300293174e-15
-4.94946771199321519274895733140874526091710032216933388708879547994767749530003744802740807152939570843718861157867003199447888226926958155302626474427277681026279844550430205536408460412018609900255997378877939467285186617244657688691841161832308079402509981591972872641273302499624297964600738165279790732394e-15
5.89333862691247567377533296506788115759742530775997323247843246666046565678345066583147461465153170302556529161582754039954910275888164692578141287520042119270726801537111214949785054022596774995470628588903352183632384112217127509764864971425071764356398483959074601380202369669240588772504158445433352595951e-15
-6.76580077334000684953139298163520278874542079702859964772863753740258604095094411097527345050589420690230966859272594105836007737620155356097620239404109278025128791991513336902925114609239795252064827876908352826963749240961101077486721394280776941367740399639951455349189397907000630915182234518277838164035e-15
7.28488850957341935247629681831818777138210752406618613816933924170411412256208200037416614554254134915084284290374227562553464053656885984733834825559681708605180149732289396239343876609325172352119336014214215776825775795508144050747932065758924160275171546869217645230280522078692933960168480275715391049336e-15
-7.06628753491242726033496136799875098739760288872938831843776130450435479499938521222143437594265105588182548118894089236588342020602360078823748709653380679062719236244619578707075783007553074747891546376677645879584762139501422329151266324402827699332793811342181575950697252494224704162148413732148380563811e-15
5.79234492181788069456593208312100638389962489025944843655234232102493058550612192921457097337655519905170838474796321169154983722521642898748755555702828177711582579603832253250747847202357465026913353526556387940097662002582194539053967894844086590748761932353945389673257445783303978031609615706622989490598e-15
-3.56880338133494476637092621749097367165653763176706478618861004080690253994669510368377095302770103836323768003243721373962185923482967655743357833460921366537010355882117231951078322189900720810599353809208206396701471217406788248325564751136502228057592773008888292233802763748180703857925323935512266340592e-15
1.24027988586746163907931859101677532316990311056769013299248016745372733885818820345257121393573889593564664425655829773931285227697772226566800053521163990004837066714855554740077030339123569446564732852218280923143116458558195763389028215729445508569856853245871377223790135006709275485576743355502628726583e-15
