19 1
2.48979882733719718398103282098008775365896800125557587946037899258278083851942309398424902033569814914131384575438261427752459909302448866388544796967113898282786672987877440879792818703765192908493781042432862654787933207812369504501411876415452135600008854623485293890843145420208434138178450174941993922415e-15
-3.77010838265914129230794423172072345473812105103117439512322318153713466511998460118018720314381774524711078583551832303367921892146732307722448422973933180340805756708645116400091527024126367879825042443419729601275123345837292844997163929690644332149300161133663459129825263248842945301896887312147048344873e-15
2.30500911718922965766185364194927894690932212603020420922272527099191947642485661565194663440997519943690059430622850585959692121055763741058699431411188928320098719183862243388640963989182002550206068633037196614568076766755118298694517427518605761274219299811792155128705722930696372241014336622435732053674e-15
-1.96916130559617942198059511815478444865863240976632539905493042009266279874990205784279751611017185534764015291685478216229013200785926720413468579211941255444257766801479188487136085995263623647030379262938373375411460990127522458550917232621200928761242394720878081488060539481783452108001627920645739955654e-15
1.89008234174642610604891550437470764137836112934618479118447106997590370962650332295187546633841036162979435515056866185866001874261844786450779543534893675001157093632795694048780894294586936403914644144289008647837498877018192411803233176602004988305552007114017762939718090871890083177779528124649799071836e-15
-1.95049495698196848869358815991947230392119557633460559136032716844126492303162467773650185928662344733713236483708926875689165596997797876974356531646668323356787402422939321283148312372942300601447016443999571060856671219268573180339543136029138451637582099979205059227269565669722141310783906663683319986682e-15
2.12326496824581420057745906925816535787506504156769529754452521260602665514203423530236470340494228981839543040339546147290135691638174031030903364567495705375475855434049632450110860399730319555909593168257724351908888566409071109519941429558299279812477317156650103893311143064299583574454844123084255937051e-15
-2.40912022894311306708218858591429403134672499298315120252266717805564372252908965683188443280524327252807968965503077277799369112105302791920886407649335341439926378001625996821628823559486663852651326441269388823956280040947706741095744766249561329500796491481487030180638929636406781648247817369897287543448e-15
2.82137611597950248875199105406279847795816630571395013843375696019284818355354190557702951663099495005190514085017037923475842564398509786150128096516502358929422180809608586584992895390290764644069092525480217867188220032348456514161254142605601656996004360509313044279612233464587997651745170761794314122914e-15
-3.37799567985148166620293922785902502131456120041722086855740400169850049148034480162468205160335610884105494664406626755416191930608191397373202606232180704768207477834279277357365367913485685336219285476298238881036548869215486224223513100201530014383646483903133762961564027225470665823447206623014234071841e-15
4.09160248880296153486308416381035688636647243288976023816984919649405752640061654915266330871867350291486319576454301243057190643403707355398876564184384154878279281934990504379100096029912784859109168386249464779788233625909951347933276432379317296721717282167469524939825725765384060849734362237696040572619e-15
-4.95190764871397196146827336229680359139555878461417073557592244089890499902385657043817606627667883664562555291548051140106679095593004124494395780341562913976961977495837324846393611043782128616016341580352720697082388137281218444638412822598952974886420271751075735244461158791479961261880933810529196213377e-15
5.89624321578660244494533165869535793824989691000289340363244264045064543480800855440167669516858553136285865599563600077546329917032038806744146286672074422069423678078826987912803835170877993358409863144850317747900175827501182219200097842920703484254623589598609166686101047327692161680356726714226817350959e-15
-6.7691345542235805849104508385995677837238146794843075075433511133557437017016561063916998476990887632890488593080412023875073701041574471037188370338826013272730949240786767294516750512539737100705045400117432401018248234250335460502286138612294252378496894483414305788042736856069824666221116669442091638956e-15
7.2884771230969589603267000296424361766144459954490666774596394306609833333769714036174636550630134813285058326508068890560589699999505165753790883332090119711700377774312605879831092468374249200933180957453830827769271785158333245968527572362032752788654397219057157207761702823246711805931647316126591152729e-15
-7.06976747983702807084801952646192725501759222944431859594031616061088706245570338581306057046964865618963400121929079787307585492277750803155212994046791136678821749648764202741254138430684841804811853518897263929324085622315301242461086747291342440464995042048119533313748354574151046779896297078265533956321e-15
5.79519662361650582408054861985112398254462140612797785326013621401821962863218962659484377778502545089728576925244592798014644748444586805449217163542780126262233116543021034651859789779737405365848740356576752107514593320946962826844859471404901835984350128273992655947764285845185231399427096327802766871154e-15
-3.57055981713113980937377978512052704014787143522437130729918194408586215944773526160254759150815709537385810190737146092231903112572702206433409931164330971101812002815175378728634013818088178837036327047021000776604411096967926341930149276553365413353431211008130033763148764260306579774873310468144739123104e-15
1.24089009773059464011203022900783701671679951518518622189751150308963949664563411399180694713870978721655423310420025079848094324330124788310610241086822883496912864389460136023617729921005928370912857976737382318247093440080448827668003744647922131534057224224769734320126121505984521453348022156039089267513e-15
