19 1
1.98504228672515873558520163630097469988732663062816584682600143194410603775514284333191418155698043409376421906947553634632262247914371934588211940074744360453023652067161807271743556184678306587638981811824333436748129876280393906671733221014330824866772956388043495657683963616705489943778052293961130954687e-15
-3.0058392290373942854864245311851971308242016914846977617111491004659804528932691658696408188068807553475488701650397649419414098348613759112402765311368749148555578836140119420576007359535906207994127210309029944096595113305328661994854230768425930871123800954901151463754716024423025540904682660974136676745e-15
1.83787766999305734030473314945130566202755095386954004112353117049825330639817501952362273824151091165025444520418903850360693354423628952557119166514521538387965008683163565983879854430586456676338816754329871438493361336957582730340656157570762849739546960662269660300800099189784445353996342550906366008363e-15
-1.57030107120185357807821847153240486803865821276565510811139180852662393292600268851514457044523474586697262459269162746245283131876953348753990159857151673161687463375439541573625714512696349804816716864826681932707603958840726996822458951658322896567841574305994508470699957300775303757004209451831347013568e-15
1.50752904596411511911531128096641999129889297027239928712878156769054560136091370070662813901221246004252693280754287957190271508860603132990264087795550605235607495378878358544919035797023001094683406610277055928479496954753894281300421486900563496393932121375671122151254135646491543006573911632915170628128e-15
-1.55610461801260914469059119312682815273167301627514750668186510898173279098000527725412771271221579159492653742520527326944208812762741384120521198208398458354103462352523568209851368629338897799242565319128095739789004080337598439599344362429426369644524437899627398654346065471605862196634257428512033062568e-15
1.69446591217182100812273857701750655403160382152473796782717355313089801549267215056971931023912349179064099715634619224291048126565801214507254539630290414259179131589620455880818348038644023493715369960144278625651199218941453575440269552684641648473496276898383275956908069261794985795740532356924257192748e-15
-1.92330212157819417077074511259289363098334310849939137935296795847053291671455146108495159118725535389254437448670478595294292554901317257058923595981495682885569096215065853930195656687393555887842916096787032288578015177648958438272928867268038233705611002976255792774670256302182335949809801292241082763168e-15
2.25338894017898801495539470065292173684286521484469125614832358937730902924742852380172948681628258445799831213072231543181602033996521462004337778447489784453131746202058745198258205204679079610091765328481432985393055810491517092526797126883463967611050049783480965641929198991060957950155450602404539439556e-15
-2.69926906099541457732246865374494726285843113453368011723933465478760661587814453212709479423735577915718541186175813116167669767384769772521129427415445401183096862920329767276674983178511116800616971982701132324084513450983220041661702163791984709744441485613484319245823696192872078622000344514963187042784e-15
3.27128402755927574616631608706600295544843149366810349349571964907604393933220737292472883537324781804955351531193744481774897448373645750392282220249478542300553471831168672299511016229099981552349051746002506545618611552982949598981431837027180927789845429254162953400082884463183250603183379121596083468369e-15
-3.96151177204342006167617604215014990057860698121511288015792236285547711350640765303133464611817512711119516642658261495493605989744239270461616378945101468800867956019855612978960023052548954858677602018234783643592406409221064177851340864837029666056030162137729829345134668454640270924605507998848305649482e-15
4.7201229590179511240280296644125767286144404306471777135911034019696130937280803730428802014469695868722008513800415367811398073740539262062486956009998795841750093335476481372706712293386550414291817023317202719855812711640285689237197981174723771366867788148600724643941710399111865966268489750351550388752e-15
-5.42283694876413745172935453505708497808629995494629724611369409237053177127426234485428031436152843660737427379819143772016961299521584476349866985234816411285343890872403188752685528629665055508796620005894867306431241807411445450339266325042103132314185019280084879505824505465150509070573634898404426768328e-15
5.84348186248333913711938416867517556612806464045385289692159357520158955704667699257931792103726893310798904558154323412357742880433365133626202562942396859229719973962253737049736059247130180395218499091377916366675654052116534566592756571966701989299928165902906879581452929515856199976980463443733733711244e-15
-5.67293275914711651641469832830871088287211494157174275719290144879791396122678166609128697234285054019990012714682716527772354305820952402538763913749775015873337994793285656274645210345108301694637802725740627983160940699891180696507284266200623586136742574079365970748465703000903704236006070577327854824612e-15
4.65440795576059561261260514436413310308165880254086375104645414960472575147044921339832274598432883053544311238462419007523761340461175096324774375065799287239564321056028340429731325190090817535076105063706611014691088334690713932837057751976553127240700851237788603260694608989145177506609818097898662690015e-15
-2.87046720572830307926763516279873901584025430075404932255123938734367906868750064511556905647724263469705126935777170422494638213435013098451644772158178327612828780314404192788561738112056277148380852936198223187229723933251461251826761952852747937623516357671077044006905404739095247059346654713317832183295e-15
9.98610027764902951189397306561604198991742826122036983429683672055724245238767145007713268907042396937121589653140063811248036922743947537740953567080479879250355793132562713280022681744727691095421443282550899807255630281007829490936645238538975806201524831560638477390937056526882100526350384352088502086467e-16
