19 1
2.49551583678394605391883553807839699093288330314225847884034944037194857310421399210460160022274945770542910564211491817718338978501202150826695714727874693237559890008940559124901784604231533118297595102949170423220119004655727845182890372759699395030264512365104909404656709645471915386929428413442895869968e-15
-3.77876516274407951544296470494139997746219564477148833502259951752977282380193245657891722344266977237641393049704943030298453502233412481187483430214625366350259821935153298706819009199507575765734905691820946592943958214749693447824070724248494326725706766888368329685824158731021145687068375430103567699494e-15
2.31030166372589405566644142461703991304431870997473827685822419676370228851463867546564690183778343057920636904304760213965895319181962967607491619733134611562560807117234861128773684862729610871552920109035250478920006160406838589045583403876220255722175462936382014057437929154034768287274649241912065309649e-15
-1.97368251278451984765329350487695154994876562611580232502706718372292446114147730472864897705158813609077887940145040711618037777982084008711749288238148208074410997190315899680170778189014747452505157405607656470117717324668850858788581616234723756875189581561639146243988172701570298651187180792991585940414e-15
1.89442171000511344796410464236820653031500061158433171955004769147386970133142475467736428500806187645339662005178280184362680435833045112883037551582553027848033464368976273375390573033988256969302866694112863519902764488351168827953467484764488867443486429065776212862519982932899291165503333776102574316513e-15
-1.95497265570116707762911673323454798740885758259091469189563185825777586342774909979080291853182228889136051485819476912900653066433741157024925621400905583935666035596079659036297254703352107398153105318946688290774095418286665325072457976431533551004471216126756627225231698734742935567978189473746700238746e-15
2.12813879479871279421732699795340184939795637794172352049636370396525806975514022197951154018335822660244943458007853721620370782899091811899890774716067384460535169168484159926649875064445462533824197279041075683586098676236182645742585479013269312432579276078882507172538657994130133776524407264847028796868e-15
-2.41464954951059400696656007860057113584613890675753248279784423089366813053295962991262250866483146083758820367481901969574894262016691974425753978054084479614006666559844244305422822130030208940286513932192488302664646153240255772187666526729248661476634901914230440221517290904389221527827655794590584351042e-15
2.82785072097555113815274401942506072074255420155529739091219240641962382903869376578033050987614678807737188883097756020344237513398693420362905453653164283227521270383344292382371026558022581422135274714060614572648148763286538651988212939938629646413666523413288859775216658810944654284665507911708352187285e-15
-3.38574639816592854056549299956828191596713869636119481044118975144432219199160808541959672358319562952535309792016486113982381635680030430304812852441198861396617969334168209694049632041589267048572318302873326445071573664011551647065671214620960846091573561891429031893460502200293724052778368381393904181508e-15
4.1009888754124837988569723171344420043077128067485264304501556422787093452382469629114186153562305389363353046306600292914416621200748630405330621686251255504490144023791849145765857246090759212165705714750952780003551354013716126655952305013617163274370736508188783203049655151001785624432945486052026274739e-15
-4.96326537098338469687546424977537551893066763235681444823404475789450057637688530990423004894885355267612881573201715790816304998365912158255573012503762225334410648365976140487622203029887999800540378590360043116949623797604032813745173461438984522579218407088491840966872104682928354185302266942718639790673e-15
5.90976392147729617574044786963993958202253470271589640778518408657848450000856305325128908765894006278710682195774839498911750169077914978088660239535117145025519110850116417754040704164371258303505505747601217284005187934463583126533990163148293094670172534656276897384445551279527383423834340255034340932638e-15
-6.78465320393169704630193783154823035501633494950295388627884594913073171344360893488537671661989695715421673377304886119463951161407387986223136157659276219831195113051716792191190488456290916451941891696927376358077715271282511624969626490438306642057215986255209520361876869868526607937026976838571843603099e-15
7.30518210217627030437110189809574330586050195172887922517742869282764605925098372188864438275627985233085210146892371996057481383998199372103532510254600191836111348469916952159442740471433619828836224704671012191873666323881865792579297359295272649699994049933597138627730797943265534370483717852405012153095e-15
-7.08596670217242764614978653624249487064540293545804341449311499367564066765863602063849180607903372432074874210084129678506462381905291111798510207722625174868769371189329517044069749041106614965163387530722568755086022283417519837320400626264124307054864374517202921134864199502238303046569241735798953043848e-15
5.80847144342865830461950408023880369206050898030830803027235680885394678961039885784598779175563016913343107978948897498794354179518097473952387289745112055036849511826899144480843718972403413837644773248531596803438395050791038657315145413185690765772907455787176792790880835778424264062304300430113297338407e-15
-3.57873617168685251623246399632655069896772255373926007308394614540240566104092886313006498703699700973671192868519843946897509125287265252995412726553878665285011046488497281090502364615510904782576071233738382960006756295080108104857821899397580682291136404896646787596860159726850946209299752831065538699453e-15
1.24373070487835024278164027429591131731013365461622425992576349320076094329448774481397826202950612537557260991546780081666245504570717525006193045509653966135956647625906625183140671152133052045931360911760180772898409749307784178288730331886441924133417938042241258928527955222469305044416543930224770806275e-15
