19 1
2.50280115155033384817585631917525157467275906689286507484671668711099349896810519334865435703574470670669269515125209348344544563602444582498903209904664191001021855269471741067936968510880259592445663697460141238695958186266985576837563010775928268623666232000885111430861333201913914218774453713915850008281e-15
-3.78979669828857332427007987099870431139551856164955209758314057137466538453318107980685302734616800458020818459750349331116270555409146381620700559438111245047543344392147799956777312346616575411268291497931703454421515754592829533610089938825732078898013300690275856525339782677120421203983258559357241570989e-15
2.31704609191148993419244351418326793812263784973957697404812046725440054906452571118281375742203654616135616501793074575275955175021558572941656332570256746898810179870827539681788289523536061542501341843518737760714075184358323794087816874843766759684019454841696128581587095769917571672799970234842325742529e-15
-1.97944402406866924480700449532825383695925587394309346078632526490849388610293814659202557089159898903368358787265162430075896773680261804154266907972701999846067546098401550047577587753279312306095269216944816654296895801459032039505965150038074796810977526867525573794802541244114550711869855029437494937439e-15
1.89995152709254310972292565153983209142297258404523688494852259252924823818094402119523566803431207718111018942456761869784590833292738335241982588339709157039722033719592687660407814441741492920200938757677073115714252901286475478519149950833365129333420909855782701964392934994446683276782411118144440325125e-15
-1.96067879107816748490612127895906612477156720316194833928203618813398516002255614685293359175675918222612550080890958626423653382930015111175131482330636591918704890882116710736285656049665064558817293831548453805871775362654085437233790412555217800167812123628904983873234257291100048254618507573008599696464e-15
2.13434978593124537554057985528637373140599346286990019566132231923223497028678681513233490608673450652782154524707380356539652322812213532362238981963332446577960058419320040807979035856322353149654995571009108574947369487582886066625458771911603755068382250992960130759403798682078155379488750464621531567254e-15
-2.42169594378493210902567157959726141605477001147759094420968320215790558985835703091582280411703207339372335530288128692454674970405878045894486633882070407357863510398840343724137070179177891690928751056057420944149257340529087864785061625273920703528506112341208124053414353500715297699999571386926798021062e-15
2.8361018518280627227967257355714179273507090351106299366212297882904811731194211589851966464430131093949475471114513777637785466534210205705220538787318710430415457828766503815599982270391376436518173246485878126264097785139374029660933604498675361674314135787218473187199153524086382129348746410398551355713e-15
-3.39562391710072335955833389306497713298711821011781888257401651641784652394639544381338389999724654775176992813205253158928891195632004219948362484228943195933278888742435868433060546220669512205644900131368053158517812643673740560856560172174038491743061040009584857786804071155901555789846156012047129991112e-15
4.1129510675045194594215068341114940116254227103513380852030426309044171129893711968896318270658264362788542113401716617165270407019812822338504192817088438079125965278678654437702839192072929567743564761867269797101814475464771064670565548380086626466921725744440487419574064822048760930112505320019981475983e-15
-4.97774010833643878357207761784437846329340225123961356275783945684373828438008891161013505036482109034624652093441929444391265238948559617357188875416000213328282144130623461448758967007908163467491172065466572120882537673313990770153844468552488329595894023271099255336620080195245124138496392639007683215564e-15
5.92699556167938469257644108461949100196589025717699126471515223520751179811681821009346535953811788616097567801201946079852070819025256660505261863229365021803693285242726935071596522679830579104209881576202021771194153721586598931029414982943443023632033424906058250604776285251959828384193660986692445939393e-15
-6.80443153755503513810028397729454645858950290251347473405355702644475761684956988276379133365583758544348361165340851543194144948036765535734251594533235377526591628747668187338029186946140788186582229432716951757262825455618920624897279595953658617101749542835760223423633015149334430493951675568989084010316e-15
7.3264728498834110572292644556178999249161169171856086019621946557627311354700568565607198769583133156287375119153542625753559132445262866256072082340844766864560003978412611674977538641629391872498795561885317352880424222420240582143121652382864583924127946706299453829695115251306322403155093987693708386296e-15
-7.10661332642335356337922950030393844322675496140881130184219680900427607402425702968112487059795271574137537398619076584419176446412228472747765622662350529357239139612945103077391464327732035852549127886811092821872657082562963226476027779188142044998573511142200182221036369762445356137959383013212286524574e-15
5.82539120097074748734306982711632210136978170491594085290417269574324873002946300393691755453601915167436345775258222433063758700995364574621863864212116335327247155265576047338588059430105362624636316138532340751999922211113677689142851262597675723623482558520728487431142670611991403241600346660476409412286e-15
-3.58915782285693519826560221343476754719918334839956847681026230447899954765496173303561183517778507052975427760005681757459424196255255799779392324862887553886657703707972425036874204861647118199494211498946569232589558385888018145679777166193788114055451227751581490563092679001211236572125088148983915061699e-15
1.24735146716958155158911517401879688829677145816203992316623913152249513475267914912735306061214559510006975044862850721087697459142073816658039042137291743413567193497213146740086421455614796221105102685216674371503634834095338310380794804734608533082617533059630602568574952507110226952401860505640584829367e-15
