19 1
2.50701093873773579281366444839996910828526773620202489703390260823542505201548359651929988927108809781260100938582518218282897629374287242906506358170503482296577304688050901637877476785871480503451807374741532469683367086107415418843907436238941956141451296343480279944446641226658553986196599954456680989891e-15
-3.79617122426507385874475053017790340496578707765751022926715526944599389481448387545965252554010639885038919825022250426890613104135481851170646126401848039460016620915303776326279516683970406651988013108333343387713796386772248751628689377160147303810127866887027521868053243227558404928181989170773900585975e-15
2.32094333581628403452629738080109923858000922558589229593939107596976765498365077469332372852813046428072952997899030606258145360373140428625936386096709724335767760691447825649961437101774152463157776360575280736384362929090402956634506431594742082891456512872524485651947676522614910550356281536529747919789e-15
-1.98277330017646983690700787811867560477767498518232179297743990893567947089615960946917030148035079562109970569894880941196925776966813524310944939276652999030182188758633198396252829583205276157125225889559541527853498613667767880259383452498331241894222020307519730286023544040980055893532496207451351526364e-15
1.90314692928877536003770502742539417879525005874079577277030015198752034669408741073143768140934957063049824881142508946819389325981845217075004787089321250592515958880491530002983875935963521388964191985937947373766589806253147523699967229421475916341975461577306696709800676762137734181141593592106179455108e-15
-1.96397609227793598722117496959121269646861902665474113397364039456996145992405496486758565416440565820733496358588547960646117669672074096488548617772164421114251247940953633197847000802531234426268035240889706061439579719473944124059979114537806327365797898258086642494667431530295538089295212090050283533411e-15
2.13793883723165270606791495001665290500060281790116184779176147405833809919147399851000085400216394226038860756874501894550931676283443509107802463701736896082699716063918361460972955654240844309927191245931717957873180421652344530470211953186993833010639000664113786603191028599009756807145025208209004087876e-15
-2.42576776147740725516491122416117763575749366092922593515190407546683236806788687067690136961084470945460579510229967238953887148594854135039823258397906255478773416504096108197494946849785688510779985024816368070068347945586038967075439279928671581045414183068285599139307307216097745174911744785231031484476e-15
2.8408698700794223853378664615929697706271354089269260963762956459969209549274280143134554207057028255551232179598426099281612650170525697544406579394518269799237105611158673098028513101964482442083804608480525654153537084614869594926580344164882068815641553991574105524462626787429101168666328333063565166215e-15
-3.40133180949088033532007270300466260474793971821791085866180018360367353390968003710293836911578855801446721020135656603671896632955117091400806250668551618856675039550865963646910526479231872070435475359076518718589468780104097343509784421145391779627979623622440465572697388276217721061766985442580277893309e-15
4.11986368572329731951659171488515566644696656454224630864988501217422974725440514460507858860784917992245861421515649429133151497146415755865459101669349354625229987049223675270952143172304793882641849198860990174892969425920917330767310542219992078506985746384022151777917327660126988615481509689581925908664e-15
-4.98610473973416786946082489032118355970958123748467399454807976557033555104734623204896139049083450816403462035640834956825629434243398511925232867987349133921402873355654737651191412400657601180764465707634559095673344834448257982287622527512161094854310232464251450589661935239332640151656910124853659524812e-15
5.93695345508298474167946438927056863030174576929277807147359499921012566358118206550465311818546487588932196490163192058833770864964376316913045601054792291410415337111683195783792867170609301536529944990785835879173813044766192586585606212658623527150836738039996717894129135334540198071243893181432228865492e-15
-6.81586126084829567988088140466773973186729879924327616637816131348892692595897335644914008165052694828237686868044541820172457996507090024909386469780155383316913793030055028813193963330910569820339261534546618528503090497489126217161952468179818262739692462552831518751107993622072165683047360720541273217293e-15
7.33877674213870696691645097339441964349120134841707472975960340542277166477695686029795048671684163230210767276579857103424939377299809517419200351354675450926948771007059721587706908763837109624590027069362322067272396649449209077526072078547329361428509362954961222384642745430912032498696977547663278949614e-15
-7.1185451458580644085862057934841092943691793334451982748121697276772911520471334288327305123480902831051160859955856969393264578895265224267702931499090654328591257578906334087751771558370925080259679676195136224922643667530916344122662147727688126327877636849519075409951251435317511240395582450159754793748e-15
5.83516938467896160244078688204042221941530551420301770596181559448610623119889098568592633786921365564599149875879314000151208166348949075654365346596444302293241045227775195207399887359021798089378982125048559316944497924160451366190096219257307387392077883729325933636418670629490205298639539553682516443962e-15
-3.59518074785036921105003288056899769831784066669736503690625735582594672971084053604137509599432662630591779046450380730950612516290977250725657499998270805207558650778768483658802886406300243794509968158195916668379676108781439553137504054508734456694883849621112079336726523488724109787151498411162382781871e-15
1.24944402865938222021639294663941050982630266313237648254801951195604666132972350065059198088936690019609648432340770970552695849283333046815996564491613938531629558091007818129938860473207260583071734129520676530023016317374624468212779188224371014552630523133127062696015049628732173481297912549729182622333e-15
