19 1
2.50462289115635497735819237473471929945560637196432315317633649058038481366946255654456167695120245246760498133602187829120273465843974883893879764724647952187005643076210500955328777359478464187135310294255769525214055335621720551235966714603996341281082151031465123148203361628463184098694638621032097683202e-15
-3.79255520501294848751787538331834687066431900130473699537750180293572746326298279848005727029796691350965184612762051663681485708216371059639235523062576743479204828769020497504585967655096653622907900939404001303782587967348336387841800209463872712906759623307783944212405474642894913110247509620834150034784e-15
2.31873258165851595383692310465507214870334955798026079994980782644043523415716117222744025997056783441344005849167995664590196726881747934006134093947589257480053973839520237877236000090924655948880325425239860826201991998844260835103629725260250471826326181668025858870995819045107626324231978649025973747743e-15
-1.98088473175606031541531347660207516842924852302297470065907404996599302850100877259770679499663752934290872143670549111768267924485884371372050625577907039509361784132688539365815029688335282124344185309165036383140714753899349948135406798740868933230281444333183014908419523456253579884234305803981275427195e-15
1.90133430204127360284143234444549399986737612949528146275668255663593199040124492042464083263184265219313422700711322681198671237036728299603689400030694709257403126896894080541913284613446689393797209643170709919536205848491967726823083782142680692580232863459875151964624874285699061925699543037397731194755e-15
-1.96210566132478574386348116686764491326731808012557660293463756234364862394384395261055999437102357882232406233933882095279537493645818508048543316180808228598117519021455312346295079058742392329682113030164899220882345162142934116126594781990334204074855623988159041502801170062902065720675222560108971119303e-15
2.13590290727791763413936450441308798270897709465096522955371454533779452341666230061008442672989945415616916982238772740134716454948183870424942269035880555104100906624269971138397105741991781468349756721542325319746546062985962389536302950239714123287112571792186980797354104840496500736781447717368536028533e-15
-2.42345797615650884315441942232420996690288754745865206958978242171773619156459912943379989686978707771758942081958165696482969861043747979907854455632948844099545575310706285460046528332035907656344426111256454176559451536576058238121435709830442068700319435559206398728586666134382345635389733230264714856308e-15
2.83816515609086587444713116084367561360050579184615030535425382813605532317492671326981267585498894951940864943763871308250810228801640500691775758831743506911887984991286480228080300532366652491454529653691777996507534004708118108711949280327935935915606735565043047302704053714275966584878470276571992116515e-15
-3.39809393969023975643856007362498823521710791351746921673303417244298901054857755814999954019293609263475203502258647618172177926721660897329574641524513329670027192365543385726556536220548503222959724893257432807877335270988817560860558659459701037283051987739461605001641025285226336874166897621479541946285e-15
4.11594241919295443672635608967420585935757656991121567069556319241150892730074879523728395226426052420128915470955439977337357770454414329003720118772662137646038477962625204037464948400265697155207157769656583715652195537093440438446981275016434284535540306417802807957742490245106835365281447884011725474024e-15
-4.98135979885642538776611401933890989938916229872032406298453707780202788797792059970512951704666478291202715530998567356785813961924931228903418298112091227787574481379979622774665959173078725561825798466212239602279176191392563893905913093390149037604069698472216838971496183159358457520232679434361449100771e-15
5.93130471362272598858361748255643992018870053579210131487095248565603237719473386130754114664350249282215718671499610411190795225410711324375790879064945102318648954424834363473256980855209902266747262585429865387727162080755346917523496188245174651628546325056468035394124305485520217210871920117201147546239e-15
-6.80937760150241706955141152727340990971651537843734307015061495190090237535415023757936471968316021130956792602166705854176179299831494326681789058248600681892363813902543926039722849449679278161073039825270104835202349722864396065694295719635559506823182704936580437956649592509747459762675968263781073537211e-15
7.33179719476406242901714995084906314783537591771991081794356036740200081762742268065850238742642762995907100456993143719008264426427985966838154860590661405853178577297620173587453418807266949138544071492019132281678090230539306028949683984426610250663424865000209737016006455880416150459915666584278119434865e-15
-7.11177665727344225307418223922553110157561838051030356673894541155965775970179840694955431845429469923129075553859171487590024224252822113591739921189785228990712178782027791479663982291209186407362485872022299191848217208725808793756758575714229512322770343810924505348959703702141299310147548112860805974479e-15
5.82962257162111112311962526213919053394602878775731527910968492144282646367809302676577296052682598753815489634908316553348260622930623579677952383848979436575929300093470764103926955951480591616628061184328368939623150127637487534549676501614736693582937678342758492802328418956249722299943348585843416650708e-15
-3.59176415584142184011896513546205074441663588180724290711454053084218732977131944995099742095875467033831184834794181460990825967308337982097493521135656959723768167566085189090636301458139958867361991220845959534500481562694232508600411450869374182513703439330055817892290475093635275285740140341276577759215e-15
1.24825699169169159628529884233706740668946804077077901530884519848949201449073495163870580789378094817830298614770190163581021976507244700358127276242282194555633169173447460085176373756571065432308635884206210952922424057672221285130972828927613576662876534290507333335725810925236522791477351707877897624502e-15
