19 1
2.50883057721016140275364509269980877943303751711219143069885814864688977848455036130108612299177095711199378825877353179576918771910219289269916771243975836874227966723696037198254646018721785716334756770762409325366314584565108294177239607706537817736721545487367897890695627648306254128281366435426775120585e-15
-3.79892654995138664052092503204812728792278048528310502819679432933999876334926149953493813116829841659117204375242721882461181334407452991704719676028588822810075391529244129724069686842985981607698969504980640011809351533665421354488222679224239235640558754317570424806519766240696279711918130189600031746955e-15
2.3226278823718552593168479901554339450024549356358551905989470486792861909468224550721673467774323627672103823835970025530780092809862229926036660951331415868409784667489007397320449248978464744639105356858640187613286271866173635347111319097523005122267196391918507856725516170827197377184940454252748630479e-15
-1.98421235036334564491402303594526748577608524537091416487117094723574841160141498639409223774288797158536587775976994527035635167215014976692928837945706217539588371055571666194221229596624294285607709583048050814126807965043246849061078690362638270554979159712578066416410931536224784429260282131708083584361e-15
1.90452811685108176769692273622602036357192321645782511817392100317361177945001073443503772313481846170181330777093981052041761669016176955895382722795470316466082911347726653590184181998090193444002601659583926773524700142197472650181628854810457820065811437079209045387265652081979133929734795172813172966922e-15
-1.96540132919274178894567668243882825066344626466750426805953346235659519338856840041296605285940603343567381363646193099654323764388036611520255954259554382352150245333973205291398652052531324372054615462450748200448450586717212328164363070837489418827261165255817561114033377818559797963478704013249864699494e-15
2.1394901870143016887424149223050529609286630835829263599682595915396612433447067283047485968356581131090099100316641258635335630794322757662549744617896662011288043803456688732519939238189036001650926733827086518863548258235810378425854391047589570112642717488753249028790730447894696954003473529360908800773e-15
-2.42752779248411018152831931412152176816420259999675529755096303333052511469528084714739055483043507979106411863964084156927010157093761347481383419982364684758501656614641458536161338905132359508468516883159068566612853461400307819969901912517651032556831495081375037605631359180640004181097329410831327742219e-15
2.8429308423238738554639568223571637497337888456687272969589655760784482865786483338274607113312235391175616825015705125627513509851132175256050042901872285496250778164107664527200104077933774195181939312334768899751894404520389023223332511737674733970204325237807437363389224467532404000569672881715840307355e-15
-3.40379905609912533621535803319712346745392983688618897283837753482193749160608922912596930779682406908219568165810338735228993552688437153431770649060065555801901426644086584726152117988023960582589717022697842863678812317952100109330857682777909708470462889618134841450440760058351957515198692634530888136159e-15
4.12285169688373711842139607240811544077427535680678874454938775302269732442014354284999581531772991848982671698477472463098180621059348627038282646770252414774994635732918058320229935648339101345999815936361992230468904501381915002120434197516986610235437337474919326778127729218547875611718321918296399448907e-15
-4.98972041669258726114077807175763587279227667436486759263769631504731710491236162301660033618693072970096517483425593080467995002228177555250959223321385917885795172036377758291576618876710235576996469313981576213355334123244949523656653268225230175749650917523410334785381066612071262585008961049697846437623e-15
5.94125786643174199262968819275028285710598985174104999888461451432996048147405849409547253483159355654615247455068850961032060007457238636712163295463939260726653638246457862334774248105927211811593186468018102588293782952421869994193975214537178911575947494405733231587075386773607732668139797091005173426005e-15
-6.82080193034930099230829842753018319259114419611176688082943952095842560402137837162731827874463972171171514332369319022632519563413586749006213778335449674609256100452900212018425960221252808379287804444038209118179391433741063290095199520793155128338750877333292905263400613497726561633805483988592017824094e-15
7.34409533455292041755733870710405588280951642741833899496562977937015804052508421310955312290169131450046025409412907601148915076307856258062938287827169981684043365202543226841343485604041185785773595184418220319447110963057618191011736859038373970626040625011892216928835591137053044693563848200463655528493e-15
-7.12370295513034669646928503640350202892469426156602349035387273953340330476581976023637260150848326931151143124630660730760934105859900041435318002692039158085212211272612898230353940793854156992585380604035552604936553248118145162592923963013926042410345624151101044270367786384461127168215812609169877087033e-15
5.83939628032944049593982027203771022360124252149308620809640501109620933705123250035714958459638183152518893806557248108836933191913193449217823234454118975375965194798164761064128695334576638607457291953359296857798565546554220345325963634202693506776677273957055660237251502196920855278574697507826009984182e-15
-3.59778435724590915576066504043833719623563372802231201042621371081484044071520502164537544004444393823853813577167214536584062893763992707830806257690979147988210058224230529968950208174851800449967433406880862925398742235888647961279244767005265033947629113155464007580292962120547525605132348243272331283246e-15
1.25034861902674427724822992290163429627378344337639040574100735600788772420178620354200719843056440598628575430175397167260124466824798837050037396325483269523277016255248954097214284244038680253290982014348225943700903255777936597825953553862710135884946138908585333925428025519135537074804858953253450502417e-15
