19 1
2.50942941849746927610078478863698461747865713423462782921936275008742962177504940801649295200198694728321058113128761554250305327958515683636193107684208512993577991082505968876676936793107655091552583866680327335555033931866744965881011443400533822519534431694164179463326278490279451425534260165032576364043e-15
-3.799833325006454335479949595250522241811932611215419312322243138633793485988970450778439975864329350775308826298077922148088343833521169531136949186313727797535404506852007258082862908370764319278420815920506081549496827842150629709378469940353132010162157968547032446607082741437418487063510775158652204333e-15
2.32318226502816597046344410703781049589377606675669281859355918309873690990456717739161424863079728607595891181723023715582947928002544054748514265139730416753575377280216592374574435861953138204998117056122348879881262427685444319129879394814404889147202790977490474874367149280030755138466612693176515688213e-15
-1.98468594038742328839460675704133838499320104586764787261766474052893077997484603291549333956676230835049356437900067889965955944221988559527733402307339869018697207923680983035199918762981605062095560378550667731173559640604844315265838006475898283090621481368828486824290413786660754317670641036617816782539e-15
1.90498266432383018066211595825930075921107943464550563645371065098440235492529060096105934478290840797687316717888030412869970831087216017356287925968074035251965246560529412493177647487188539533666877710384508833899866668993847881125209948794919434594163327024560775794086301071129716095895384578975437787269e-15
-1.96587037324050656144098954379191923268015321926220326909801204817789791581886700570796340046993823099553009350581507454911602619484850898058278964636272900659177936499816944623673742190052801994135530648120409251665403552842484748508734706873790233069292452826749173420355247086278523864407555153519402353188e-15
2.14000073464926924231702273023967892162365006223736246526594961813382767361088118478855520671514029511218708664653511838472432832235932105964541005554940006175272701779673167576820527042620214586913691349299929323399782334107410542555781117954660752110263942121946301157901792673318015820277851513657244120711e-15
-2.42810701685453402002928701644496311294033986109793889203319634260786706781688177710811353918792686751935147572098932175761444379031066654235038220534930982391894515401787279905224491854495576427244136473584848186987254797318945004549374347257713786544395579349573438243934761049407045762160060061982521666738e-15
2.84360910608360883329734874406090244432080158107302454190304496822146378438949451700937640867638663403565007201843814957335603673252644486930671238163578680195532252136124949538341850324508526786649748620929342730556740672165291514413731908598161367666728002013906032782840984510135925315567330500405054957456e-15
-3.40461102423751023873474368090564433769772826873714189256654523490971840846832767922889105701028031846155339860483285409197573513324649487411641874140218368567438456713497054062860968024736428861873325976991559555303151336647626322321544103618263721585032680737833043887284672185715086791844429211136377199073e-15
4.12383504795394954893743184431128475673778877005448407450140192350387211123363712731506184175209060225991739685205738121853064867778076164939109184666744180675895963036444264992022691400349400670116146572606923200457366985809518112629147184991888295987418162270608014933830161937368066301204202646863992329897e-15
-4.99091033171721680752933284840114974679399691703190180091242535236096316960347060868688894498010511984609738171033024299947111320003461068900173608051785515269182791324902979248052602178095519437246395166231482757278281221407276882180914824316833529067684446273710848044511724495137486716952323446202310775092e-15
5.94267444294298931209946335067328232618670152150693738229636395705221324654763238021318232789241821878817329199125058858436077843999734326239274557507364113207681332743943021905069844064042445421860476498363778214911559298592935654931280045245549722043275759623920697866689298998343823727686689316332666383885e-15
-6.82242789840384813350865080805381824688226623926121301051830506333767689524375061481633764118754476304094151837055850240143258530775860380783536525911394664439777901888931661377475721049772553020085885942688154574453268813017301452545544150399989351055396721484151611912874730113254072163556808683518538467463e-15
7.34584567628260055053014052180115008114824252633885473202238218080550846572269796329690364831801508411903402701962950469814243380124694996670225623105576257293717734910367371351190864781146004007468847702687719772426964006725349219816100164618307548440952615886486596344743515729770258689595741391918632368732e-15
-7.12540038305354043953319483532001368845179183769856685454110507162104335531566235135874159118366477665585149280095636335134155809245736179231135522392688399761426908448242066551542987625869297268500665247127333705104574389681810951880923774590558312598968132409116996527487325941209304611450437595994208939831e-15
5.84078734561092714054139829902130286469931201592092556145986922487177087340630619332854941103971504342415632916338916620272248888303319034361469963811206737026334861558214135794616213354221381041794130689297453852116703037810262482060464676754484456037314600914476425924814101856149219042511647584156425516503e-15
-3.59864120118955975746753612484909966394613913319544235725517646720576876582185634251438752328104670366900028173678970288635801622462535036706573857762527112924336246199723195802391708163548687666343235722124635510591359567864815699464634607096671501122592336134100546308798236724210044255861921192020426858674e-15
1.25064631829781914325292145872286303757943939195521702862474471226318809101585394108305710323840299757316683487782628024499480480759801495423974221579985772889375003728078777810203625600369812011078953360928671732886729765643532379075605790306341663211208251447381522821597011346291389711961664380208305106349e-15
