19 1
2.51635690816854839752145147028593236419976532344385618593743184524073778931395942232895767125422738069601577352472245473619309522510870335299567452346583384012349426042213678978934131463451949631840399939636097041590822068478274204680851866210950713562621442440065567735177909674125827931260797956468262729215e-15
-3.81032304264784671004873049865895797271664034374834493176093513626194965048139375160959891895252965445233432231156765404583908439475111103058705671231796687330414077371536959335125992158378746839587405605676411670144909079914353417711380784194151710865077235008982797540364648411321332463141046199385631097873e-15
2.32959545757923435303885432551613017888378842296113549116085735999884685407559303095034396347177829836157899206049320022633740275705031782430125089299036634541978389598041449096313755521257679810560149244536384519441444918691988986444795589399368019387017505739116593467302787725712322955951169635622955386303e-15
-1.99016451939734642115695984203066588565281933781797956232465010017771868159972752199958166269229365008595547581880375763683575844609668898621077992098903556517099287882497311452961176746274827590677539545102564366994377496152791810908119697691404998953697373718049378912301996234133707649805752334303248981199e-15
1.91024096842606563243427594746050918335841200494469460428942909895595449701940822448471436121818513156662674827994307676387611855492860414318078143011973466029109153738140422640354963938752889812601022863212367763417525932718305596806285507974549202386332259685214899483896913333910176354720354820004929801592e-15
-1.97129639432704000320448717372859264068818961610175935394940850559515088194333854975288461709949404296176840238534541582349073949710353656273541798406137472783474104802827603956938242776385301775390200753493600310608725157929202136988339848125905022307042181353090804875558386677366404850975447271192671769966e-15
2.14590690327658875102703553979530709725110668091554930307606163684921950670902625162705736474023125902007309782686126634727065574517951493637599750609146145866769587062023588506611090961209041226938956518122017357580376933792661996784092027677408230093416063090749066219239768779075050088131025585010273791689e-15
-2.43480769031806330971132872688741852007757153805714516914425998818440215360977145484278713407408933125537968682498753754039458523678922433032893337552084568034218670478157607774259944401749506675975962692017696852819842289068579275587318953127800285983635993490748112998830878024504613174863249980496142950328e-15
2.85145554548799702105078084865543072934145601321712681800202907796525345908551878482572967695581382964769604615745331247931056022159370249320022965954250861935731323491224879632375083441068319891465807900074331867646058697505226163204602863549615521679749743601848911823762583390378205727915842130765235404078e-15
-3.41400427061476284178419024567635894617132570119750744342742182182190060585254978145037648790502335657065216374531865992369716995118156650974549082174377543565695471971942192270854188012045584639463883887315217183967073775081743671932797038933415004935046662135679226795320232422155097778994410377851455608105e-15
4.13521101601416898719692530202139473764519202016546342602090963494606972846461287997906380609884251560721613737510692283383353691775942313607678472163946248004462831782088614970222540224118812890329499189398800432361142290168410550504632001975341310388078435994040496605622662008753724932490182627609722225548e-15
-5.00467605677554173746099956441512730219928550712448581760145978052762208738806957216218679511079770910478248917838852001345484078019333157500496623522820947939805947054860149783652515909036038032573610760432081718511982007848382175379888464999325570643639439764556920461391815083491176854204148689700560980813e-15
5.95906247797063966756781612818320177029162953289381345468751458225290065149661545829711152110722963965071620145117291217671893496945588160198111124209289633795834111448413420237101416418313492261730193108749633312255024600897401857999000075386647512218481756577689547124950377943883960158110467620213928590129e-15
-6.84123850892011497139482297802392694966821803272304176435516419270375919218184462774879365749349389327219136324635854146149615930070045853945000250167488541050121531253955602968005221370687029559169422151481287151485021580976730108151933254200648917097800717528885977664954485774153250091508028036689058900137e-15
7.36609535308839586425320260825678797015716833066732255124529352527710365305731574658805502548326670051007130907928275770038319177863010170791344189469303506141193440368849968062830015360910696039935293906793501808202795330527958305471024813261584369730324756531390474173173848718286984210746705950525573713237e-15
-7.14503811329804630906309833168023934782493607301751676698557044819375760183387369522864895177929490507312637745934306384847478212069254658012801462356022171404788377502925540801820220049371948503810452840703457588178310503825775096352078836226647498471632186255478100743141231034527050813460936272986589093959e-15
5.85688091920946498088754578079054115245892413023703096361605224298932594179783904612432092650158600979599306964947615869615693071366163946350811189710058906546449222634104607783153284936737197793297277011155813245747464022137416206336615538331132423653079916514858038821705906634123876343141574676812362780226e-15
-3.60855436024400066479081499142155248434597116594407894618892870657461036991733334853515446313989673161897405648947758130050105770007382799560146629141181555601400113058736239379900130753453220942693501611860135497410548469592002989649430982514362472675262103754156049826963696760880919908395873591433014087836e-15
1.25409056151594064486766875390972822667216005297840512248209285774252968038373885119933889549381097873799534325794068361488822752831302273285202537272619419451853217040896093257201172107128044691685702614733851737440442220509020428992891567799356374006709060573116223902964373661655253396131481800240062678248e-15
