19 1
2.51848236300095880418722819591081320750326590338297563152590471348926678642880304609315529504142147809170145557680982210933562185863160994280343727372530664723517026308006681733023287419220689720276232886134064578115505110096272887081022546350261669413303645046613738676856001270865746588297710125818177309221e-15
-3.81354144164843066493654522811540407190456398986239842321554712682443241537746677718943970782909529045038970981556513122134776360691659639045264212100885444021682764828864146095879059438267083521337200575178863972040257542846764381140286382918078386263389912860836063029915339307083400553090587529324654892463e-15
2.33156312108935651474807414872580714997578802763444471724701280574924081889139942643979247222827145764854339732854029160381535286039835204832381833332157490767965691106299620163832777377050332640702593228204139691377422968356815636443752943197858793220750893978130213854746902028720561715274490562137159532632e-15
-1.99184543272284350248636617016913707817237129333312284365291549847398697945174865771907278671721390127259403516009593663272884670878265813007998985668313612640630272981528042115251112583034454851838832366350809977231054483528805259467045655378484467221644567839051247998782665403328191990485619572354756295042e-15
1.91185430248051811946164505248201347652141078012720564063439439024527501772636504711728957603003494417978824174809243381284308883760925883609712802871004058135381687545257103548196954217428680588064984654150146321920498307374916260192068611796100117189223542689456900090804354175905773419867709440397691709761e-15
-1.97296119277931475978680344084709783122734318921566156258444103297253056872601687790455080745430517582368432792381479357936855395237345562067775465369221456181190631859014452716413278957297835185996863034110805284611028222118020632416289977269490525263757004385714911407752112695814796896250715066909418341885e-15
2.14771902758380910958610548428632761625973073248238278508354093460522063683060107364092695101977524988135337470928317899287051151557492800034695461924824494951466693433462577852163411989594632543556440048208470947643047534515773380009104473801431029224587913928988902625233240187102548242446951383523795761395e-15
-2.43686359477717203239205136681363404862945958059991218440562422285167574230803091528402149969927029014817984953089319378377779151035574374232723467472795145610349432642390814230154888221746637078167660926109988575080416328266144000788525662474498594405980311656584559028253103308909173701118927291655381300803e-15
2.85386300949693572609293826533784499510097154796083716710051901409278741966311920281080043393757516333798449549547525096027557531286021863940884480240091132448932971712318891776391128723350429867821536100569957319003682776256880368105407009308287765055013692373968473125763112186226885341862356412487289252458e-15
-3.41688635020263884529637323894421406629716160065200252285738363245927893347126398626075922252210991495354209385343067096737685464848416801663520168530057129697467532023584927237994919818774548836955880544767100233034048407076440149538908922956330511316431109241596433319905215707451428280539133113860655130575e-15
4.13870147124370784514450327684770257359165390545728908322697248757007959908928541582446184601756130350971306302064353174703350737093674687535539304078613073966016391069930102697558425437669835451698813594103242592005000908866830575278511296112142300103476537486278187803908050782070338579027455508220693555948e-15
-5.0088997914157123392663942481791242280025044659694029682277535960397545194967629618698731205490943076183351415317614561574490658687703373002460151727005247505737488660377577943375819051973688029813093633286130523405787572370376188283400638177804927128901768543501183519767120068424362069479340783606764023813e-15
5.96409086409295690111762897595161237782324830923412414354069074498899726282455136858205843932885716014092328998387521801676716897536722535490927075771153631605077627004398106684073026487828820240346735204798219844919046240231184327945996991596155157679323208047784606328919882141112871127410998073979280170369e-15
-6.84701028140431553758130824847946414738701076556787680204051601024181404703439951083626792731609955082543651077547176491681312639304149294859543418400159656991744297565305715383569415554381767585397102379214106494959735058522855202001573192797115848637848427095240896252683317735116917457869491612784124026085e-15
7.3723087537696584002713803727019226576927412514443566021438325149411633790392319444779193789730095403293495138874427698230069864755863698349979344517876539601288874796633979018194274536295876010024541804285919682078160489850233011638229632041457451875402934150687847146550290265671100353856385824659084473745e-15
-7.151063818537381391688983989650154820241280369597273631704844943737485969774058576265030050993823671203351530668856881655927578490533054209294161427295037701880181649795086021338679093428852091170285774569114331833018475475331767864530640667449943892290684718802795381744791659252356847986609041314334974098e-15
5.86181918873345832448942429972523833371042506094153720773631241257378471838197393541098867924529026593902965468559745281392054419112120818817786436863517423084508601812176309137994727210521801325030398551152587586657661657166161851420065278474157980220248906997183200768179041732867420743131969077505284521412e-15
-3.61159622889036886775438451733907261645977867342609028645569066959632670256493629811622037417346880342838149945225152677268689727271868145671865388818561913726224267487341596806048495202948511207147526746053261264093648905358592415982820782852529514652655552641958601103288802341416463525101333072212436812209e-15
1.25514744875736172992902303363587473143209008472555567203547149447964990820871901939610964157180208043506573482684415144851040939693754199145643329355172594761035475851239968665036683652780383162528157377199079891536150058242797812398334414813131464006383527562635558536155414816366204480257527135915473345157e-15
