19 1
2.52237953564563548103965655944276383827569370236313991622399627586107291306804338417845140683137790670753023730305973703417042312281176627028928383192872292558197150426181510907205974391918746048052971837138356735812537543774336883820696083292478844403330139151810801647346634288809213989611448374136828349193e-15
-3.81944260557234096414317725483700043398955864850020882764144369315227418551952508065353869481931719483800023973083756501852311315157769729218383993195068027450297273705400139682086370821922812523003587885662845799698140335440819075965676158951377666820997900246322048102916811309727821003366852666261768954876e-15
2.3351709735587462475661111795088300789541750147423442387697969534931418271865765236996021179153888394401183240739856345379506258887598102812240174986195233880041422946569074109948657514459586219378902422023851723795342322468371916824159921694850121854407530586295926369573721238407489108301612076335719114019e-15
-1.99492750996389697261971231874416725805534857885299318162645332337555925514491483125841779616019453720482947224071621854891884233261653153859640417099334511702362393660241759821319179554889415336089119774951766253690701832659205316367213884827272882149411111674139647619262461881828519714875485162962362303431e-15
1.91481247075488639747871456817989248476634531536114941174154716823994964804400876971522975068743573417098499412622500101989775762525741209712927098894660272078044485913714177878423903511366506010350103800774329802819443237461647114878168847617715834849407184121831717829974804481944618181202954220129558130762e-15
-1.97601372831656031263446840527646110726320866837562572347129824179976740551996175850471524812517790376491777748739017649349409533637954545471462289045791563394294293882663255680626981845932901285170495274649114914936156529025465468160631574752928992612022093561689787502303416495599488189135180813726278362877e-15
2.1510417010087866724263965812315984212338901253260501618185254504172323687174799894693427088634800410990852544732628100315418344917225955607663595542139524571860754264526981505388668412439586882317437074445689844228673707248002551263743113871853170327009993835923315458044415618654614539264355519185879384876e-15
-2.44063326468857173224964914739724788119857130069753187856559006431636602215678331825793612221870899726222671532215981135168860692961657241082950603203224921988494840073090175790536176880623533711197526080027193713021986521596368817100772430608340663376235083373416492969631896330368200406783203720786695672045e-15
2.85827730127861329102582000802846454396232914752981280965983007787919800715210830407022081094681193660148534125822794449690893736123713209051772978440911662234357942659290012511723222318536770040315868520739042196882725744497247284712192379400392074740879650479799231409857951567209984730383474092930492664587e-15
-3.42217090197513304612030376074254976925147386232942682792278793185889846786318387335019205471582679695394005610406752273730882783554431190562844311642948838899358058786815700801160886575964266378890356362473964176993225540335198606248474963668537221757798251209036431247906145066454788604091702949787883121754e-15
4.14510155016871492775101126283832150179401005417209127585860510570534731206822096305730485178716222598394732741115347609416312605180211346480317617920625357780820764123345172081669740646186751146159735721409761682744663122684742390070185515071134374749978742217334652075800513927974600559112220219878951289094e-15
-5.01664442846998858061931357406976903612477124716357781255189940201860759274375430472844766950026521062283542622006791444338394319994923489094859193409647079565110732531775248364201962433103390697433392549546362136048975075119692958742684324078086178031884974357202197384010346807049690826568588664346886136389e-15
5.97331093723205645164655519488357748515138253443938008351056170514504021734957198345366072626427051520633457386450421230686820315119854730699799949104629415962533937596569530807749420624527186565418636832201048152991293628834858497849708350363385845823045068095078363326930492823207048800216478753294895059683e-15
-6.85759346595817140173434204954057730385666323612030792005015892584373552589024732800192086325157385983888210842143006842078943927272482985597411857287858414084711374626480158043414087211399012950610382487772819524761190887560124635611954537556961117768526403449799353007796515713461687247203198560793885611422e-15
7.38370175285607293698017487354902727151575058037720247264942687666585853409765632876053324889463989006865324880270404255023776581258581808078809668737350418420509757600198780665977947350407178302261094372661750142075975077258289896874994399789655178137173021673331403207670819755002892655305443462102464501972e-15
-7.16211269804988202050906957555699517616379709516950267993199974854229526347398979882065334591764143697708623765017215389950248184964556205472064245180277604535578518003579982729700591576440045491994850860626862965059410012453883060346841845131265730066414589192560029263888526628097814725873438509333630550726e-15
5.87087415659017969728511263214040109808710334120385380704257724029670060230986481382353652686456448396039277588684882118804622296558982314776087842697468011375939298945886386381382273441343482887957721922059385940505394927556298690404917379717201539199791079896809818534832991346923643743626740518370802155359e-15
-3.61717392008824154505813349266935088106494128707576199622181229704205050639407537190858056794709814229930410668837260012349148023140833451522204911543049852095926986191248510480204622077184121687524779489017729448290793056409473079475569723745351622824088082980375285028322839473294178394600954512117499089807e-15
1.25708540813244825542924605506645607148364226866245696961913815467099804019339714544399452185017327232298814474840991727139930508110601942298519452383533389205758379412330802089531804199513539842242739624751307746771751763336879556465955347002373652148702278316428681194602487904325168427364086158504445208577e-15
