19 1
2.51967194754108877863193889810408847504476823767463763190852311175361402881998507232262994019319355804032523488301327425242119314570861417175798398641837072815725595565064835135686665223425570385096398354959250482307653332966280641483758180597406943177891791389895346619559190453704520690052072793910227083536e-15
-3.81534273028505167627216781253705649566220577504707256033965964638083298456505699300134975192143941393328857702719326943441973952587138131429265210351655527866819239712750891885659613018844202622436828683950684522101269159109211002607871680055321102948403759154213786445740094500854291554686131547913472480119e-15
2.33266439214161584803280566025809693118476942756911944717067113499684871165792251443776299180530472303269562435557951176834510180681273782173768051459448058070957291598216679163862926355306881216471862990542407617762452920003404904864699160618433162401616848974722046239492025597281977536116926545282216739232e-15
-1.99278621397212937747070477353056378616339083216410435528545845647306687441551553010296988304350074344271117040035502821130761661483070226983343186259264800878904965666250131750006013466419736859631921690744643852671306314240226807419435928337358985888857871595313166835859807154302299361784745430559855470206e-15
1.91275726047743852789166134938276804347923609521238902921115442866723710252282233897818944591391621447944476773791028340695258557622407649310595082565483649465385085691671801516369060941534626128099213135047885491847419892043968998484110894865554090035119788385538531292614809473745770931401186870503988963004e-15
-1.97389295436072491116106833660947191757825605644290083839221433937694180795667754533125344289165410206892025874607650800018200915267170542289042272289271376942439284668452017834526650054932973242887174368876913666056642982745861092143404885138900264553760066753172462247909615816488959239805584791175053462873e-15
2.14873324481384175932498087315999537507975999927576461566238063915564281456915856064732163535414082592474185958277011853481885923593792693983002566751624600136931076661667838284768107007552141232240652722224331277463312408347086739563106380609022918316054060915124235440773119363121603160954794590149946672077e-15
-2.43801425145687510675718648244916942808794987195000122338085442791457437181213284039907206095975305587627183704352506201929103926293097421408324613826506891420035154806059439549129018558301655405308722419136236439568912281341901800003683343781264541248854475846394441822150492961370818197278082707193859053573e-15
2.85521042781566676080433446429818125378365496694880939882834347117690201881359132623784707917037910135981967727559005249857396345610114066419073460000974884011513758956668545563861646069762866315207296648829033092660993850460676349247238944567515651546140076787851968684123433477936466082790200621961226688526e-15
-3.41849940231167213362399741641244395675208305830357137966650560511445773373284579053822126856188154458634831280464241880844256270370828719024400387342772865952527076771732058376252071843412082412765412906154008069916489013776250434812095143182373317686106768980107805661455652873704810568982816222460057361239e-15
4.14065502000967525663929833116727473047474530599596940159384264117924225247529634115110428016296490677528580212158396675118793658471871319692856167872061133304247982718691009915055330712372099716858907822235378257343721067481135333923451237244415238649564891177189242620918464512119583840024458464084975403799e-15
-5.01126374280303844267756962711600208803274163533883869251984380895084833222500718988969536094728462849695487034627831717349693936723486290931181187689206458640239498348201302072965222588045423541099159982982515592222603662871723501771230806422493649650273231012992264043791921182533591990214964013751014082318e-15
5.96690516311462777256116412993751082076208676640929670087594894952749333030538754675184144545468135856045608118300134403729468157703172238798733116125654144633239091066858557137401589109509610062944761273038764728775637484427091519910566183775015989176022614254234880697517149136087124106527803990703443620737e-15
-6.85024063826805297647307194727479959017349905968758953973875230829146297643836431704296274343301102572900358773644681066286756083029664240287841600193423335233581704693229800015887044179915261046743668466550689941314574917187477073775721655739907288781876908345457629112867884973229190400099066397608139780236e-15
7.37578627917592114707059694196950282342000782055996198777144868876646823590570693975189494741151498055341475300114733419679098492415295843359979526715316734303826667052256807439467195139866934162325753357949846397651600747919228742921962732895587069410105831105149848982083678946897705241522376287873166052361e-15
-7.15443629137000899743920064632754212371085222477115762345724158458006234319063586551693018811568991644823623318025399643628363196001437880895338820003907057755331105539119446329030722098547475724565950409566368332194758794346907153133742500511107468221260293825369015578059348862833229423377788486045562289635e-15
5.86458304188908833956723201852293078912554929040013906257381430632417379906569435973394408671911995779415884642330206202847494761930418922406102128992858990204024129112592379734816866460630558454234177132100546308534335514675333384918603456830085251508234023819440619210647238406817153015082211063361788913537e-15
-3.61329870178022661811999915784453680991392104484872799027199833985585313967809766045678488228629096224675193494982882703275335667122971453639919499782750419161477897021513773995356194260569557018652824688201057976252096740204195457926843032730605276254308331080820310680900208872108385897774086805141969268062e-15
1.25573896673722949406497095224125774744269685196273688450770096377040823921765461528907642249220934940828265008659594524858547574146723485602892440664728375857827870735799230362624473983403726155857718476076214435686898047757616133088630389419637265422547563549615753800192763561819481671484832722483265948535e-15
