19 1
2.52383496385907894607855394718452485512197500494864578552160760947002601236676615328072720018957130410432655269485210492141653627947708403684423389316747105669784677658374083799395681779470429857341218011400485986559185887415046371938020961709208081567574658603982825550755680753662066621733964700117686978058e-15
-3.82164643926796703137993540399637547085785026409634230122186887327137996715341084591980176515541749020674854099148138663841338908409970588422160070512821756823918970256061101014371625075022890685652988545239227852309755337533921062654459657673784783376338420772915985939403859476155758722687943886541380121047e-15
2.3365183529225862961608252171084235866945113291509687607744635171828491249142433895571457917465135919030050519081332660325506179398419682970062768717662220238517129132827610409394680494309950264258737537262900272674907891919338413629578312029665488096381034327730336234242061337606501154363553495174160286641e-15
-1.99607853456404589912193611732583014008688647482972208344142053358157283346548825036965901665859290502358243121622704086327116054032465269197860844997733685414004594075895551935958294151186614261895489443432568019159642920854803348852083555471700111061972026977397085070249529990511039313050487885227546575807e-15
1.91591722050719043425583014009200668962725611980058472538909656697074404042522581999698990043476020498935829364216843388472249431352230483178238435332192453108835910132163812241005431427021891219221000293239866629891254057197674812751330131386437459749025278384295558226607335856858721067305586098583316300638e-15
-1.97715372004970887476178012797036321865126440665370283265793286761769192307506653409459213393178895019028356484975448092916004786186592581254644024182623313549852708606500718981568405074494066824047646982318530448793180102593710492138843901943328374552079106317883086778245195342729773345872682343360571281483e-15
2.15228257748527344046894678522051722227632524074450806126789514868767714527300945550136352651709468804380690717242829432818982966472689039753652480689922007350429933870730751491470479999363202337427119603829105550088419365225827684080093191792848285346741768343734443354747929313246880289084824984153950472976e-15
-2.44204107493583450948432358188088987855210082651402607081458923581632439796799496914646210999969377934905435389267531629450983486020047529756876243406440895370650674340624310869667772986520733606998425779147972780932245256587883615202397143825329976089211528445405925037968632375789938071831097593522940164557e-15
2.85992584976614391805736523766861985754037123350219105487395774265452068506924209542982518456578400182815628426384907593291042918942370620286670487523359474078992627421508459551347670890285348316906846331378890007125390509664336715230490975215597632801084751072030195831346394401702124505718823684404041529355e-15
-3.42414445464276292247749388135457691708361039646933070683179167735608209668865913639042980072006476923993833487155480969842760158338909585416440102990424419271761006302396102571402066723026936937812926596764544221380101619478456662117007530618078212626740556970942921306688073580491361366464394347586819227478e-15
4.14749170344915550815846825585257207122993868348366094895756128495490972935202501994168822967190155529890395393355919531811108191417413806427535603768973955866604949950726640454492904206760422209017734504591343562662400250432316555715531538499731298791723946252279921072263803216283482209824125413879306601254e-15
-5.01953671515130738816404770656512080167810806780048915005596409187773853774633720975376283747654919502095861927999003979300714908387499726206727011114475523223138714747716854556739732955237616494897947566243939163230990776769779088241747672116569484735370435185535711755121304155313017044921133415457424757138e-15
5.97675423406780403680247436007625233072509780524178052873924952917229793569628261101635098191362048122215917188309036643373793605852930768728600242181480961512245800380428868205309212604005454295624978295092735630766049849383756038152787822372702403086029046471502038770528274739558883389288341133148063588655e-15
-6.86154582400847644111066993479978729140936438642274720636739385992443689709487145834619315445021690858584139890681311132032801800974580240227709919144276911200456516328052610718338472946094667514138724502055123147493924623233619204094730573284081258859430325951488693207810329602970828541773886876001094977123e-15
7.38795653936103221184247186823976945426632726149123312780919119385938497130943507202755469253126659931972768300284218404736686933195933387980432293678828059979644201796903091498698789036327291809449254289219251600219751620706208847947213460837365811488887476259446937008933244556775861735886409340630385316236e-15
-7.16623896890210382428311227837656995832093646580127979307241834518308103775388485180304615052432795837055772065592358006763175822910946470148919726318991695062737818096545407636018388549128305683944041815951179805733270264483767759322424179988868231738241362829480646622878893428776823468679242615075326151821e-15
5.87425578727902474647246796977844917899549515570004884654490685886568327383947527629441567480297004036249876108276844158968105266177650984730955993817656254799527871561930486598480445512062046901670777602244418549313317403122520323470141222724140349908682460397596888130670431863217807120354579888505111552103e-15
-3.61925694029579930765466569170278980743297585479108280258261225239688237673732959357915510080923675372154890487558647486303663308544991037832299587475899462165746744585410136991672127196125792047840314504363991924273827392266788149762793306897857071600532135286321811244783658866297657484503232303365108450662e-15
1.25780914954532164002412105112692102106813897155119825151896060959035076477361139278817432805732859202121997172344606588866084857616622146762429765523871586144947566032189236880332584161612572619612502290947278826891443922848539127614000574698526875408108279547206826144535210112586659058005493867255914294185e-15
