19 1
2.52412952216272180977823712420766856493171375788666029737890228243900936895327589950385761749891974089534693604257876776327758258241122861655337594504812609640709384047675770720371031439392701697570943282879662272365105931652283633475016870491645506727522057404096318935834450916065874326693265355404174419167e-15
-3.82209246440440265196479647674655200753548096464271093002213607698878037849976440043672820987248165536484928563014417613113452222707481606574197298848004983715956853863469734146720438880539386312277614364308972543439981124481253690161082570526113140189657151222826771716157264370904602482144437836481014582338e-15
2.33679104378359039360972835688884960676690633322471809816608568876066409559464184225366045629806214078691578051461898527129027158262204516148333012882889579933337311236074932201620220002004789562637796175041351837059375807020759734319907902965306086578750249165814572415941700324145225489068969021972213868287e-15
-1.99631148611911209330711163041129132694822451602363433875446495247095846288094430932612062001209972125706599271411023396152204588379254577090546549863657312032569177363608882374351943770367858411976914589032604246239471982564847823929454672098228253486752597977601585663782754135384879039665484305559198783713e-15
1.91614080690468990809006566041129977793337615732235526365727061750325663803812434871221402160593028797347482584522256938888212649392482450605335185804661058250823475366778806521690808119092955145534866716206029337574113073539076310067004179120182913788752689268602270718213794945747045703079050581273994997025e-15
-1.97738443926491645729252497060247806517166311047767534942132574344586605648641841810231106300576836485981075653049599321827048395697957590919942086904055262401446091637134188809831804028031361394147167088775591985624309976127947384063355600887007682458160831547504400693033311898762646608720232998756655750861e-15
2.1525337148625623452679051883435649603068095845281570467921411554882926024528567542146640671207015969900092545425042571116777080457867314019149781912530010832407407402226332989568089052414869241481767160802813628849492196809290416268850946428751104526448641002396595959608972900425798500715009807128254653676e-15
-2.44232599813025617834673367027899787256804862159911559111202492846809191125003300124660401706189961696352197950343498233604159369158376589247514073616728806807994544200751025175027485240938689273280860871181363248671902449931567272337320837901301574295600424924297913432888984506136045926822402464062376917309e-15
2.8602594961551631499725367569579359143068742979065636118462500493607387460125192930039875896091085558106989126926856220025315894864029105878551219149197586131868955712196051073277435953683669832090941783361682481723144436183150344574607801502969314217179193359379699040743801861098973490827354267237251301933e-15
-3.42454387903819048307834457813459962743172118365489557575323400859883187081013295242403421401521927141933638181813447765020351553685559842912219122262562729144317248909330611342783922136787084500761329601656105910520857514099646156198081543047818577864095621819414722483681636077564059334557219210216252440846e-15
4.14797544447596420161832362062402088586614837321798540971958592351545916402338574435731061446623719507788161022462456895029381098981837549970943048152970769730548027947640132645849334402980318228965821341661926982815421440211330219135463370911749248131658074428666820886221853187078247216072688151311111248379e-15
-5.02012208446397160326131318683038774348866182418474911062044201412192019695598750243003776454534506986204060446649833347761227176912373553670575149791200678035165621158720827076831385866959481292233037231466971955494209355779856302796938977023777492994906326194430312053861865913795489479851740885491881445468e-15
5.9774511247585296835007836358513991097293890588758579444528631984055990191992968103611494958120063327603940303652601427433074576287324621794822984407054569976021364556053677503908118579319252673480562978755386431741584013535349604785491575402415736763318742560728498485979674955442171266320717475624855108126e-15
-6.8623457470532582140998794637740580209279767250085848743286677434972301615035441732451668851769436905006222237174999896812739872318614858326633521501244504472157766204187300074108919969993538753618280853152340925323853576915219959346317604317135672483926259114482024171170280405327206389349063379193852428674e-15
7.38881767501307154779304519375171971649235744474456542274594338906190032030725000132767800988411198381530281938812796247737068114506157837455973807729798792020156012533052174419157660629618422349632744933321264737792286997346144785338940779040169190716921904994280764761876797525636155591760298298186699130359e-15
-7.16707409785480482723654273723411002557813839395060175683344566564056596551684253437608718776036392433857886234373996110240721869714777676896946012574441123136115959306831269500637374310477754539192939525857996095869384228606004448467712070438050283728519882437763612137585770093787120254760748122456094256324e-15
5.87494020955786916656628270344532718147239718159096442249535570215200097772115312768330142058963012723014091361369658645870972709708012667690877402706827376141988634510778195956300761946257577905959541867906842216705963731426645445653454478980362628503177352634086113442581074012574043712473126056474544636767e-15
-3.61967853363506749444787458764846043857154639408997942867330956317378041878198282059616432015416653467843896783562050420324700319646607629901084762083755794057962866927931614494490088414824545538593971758943718868233469021583206989938139962112324644950801321300669154364910165811547311212669567379303272374431e-15
1.25795563217240281700051104240578364076078317752466245001364512126977520847529816295426071644229684969446008594077202293283233637181234065874710855934419361937489819001509308774463615330574461765522871454313323927838114095111816733177302618070770236901785218353826629444303758625124690956554946602101175803082e-15
