19 1
610292786193153583017.318257322433237082681208992948324337607468500966012369232551440525981757819568781799767402550810675645523918910310874109433632567809498843279642527503706954093303863345060315030790333557402548341253046298858316360055025293653914706937403810471080669894245891057511879658724615688413227296
-918246867877868612850.569703072032298507090069204135749153234556007611965138423912587631719193004285058957750629517251479128168804827859973740211027201282209355391554818496269075066473874708660720396819920437545136124188442066664896984346141945940662885472586016425888687858860344030421364045346151545101615125
555285067699163519144.088213126931434655464835071668643317643384019857725243436058186373617887651715733188005807424778747671294354077737792295181768120737105399526329166430698923310655782789686999230560819507132662527842826627102098621624414894375100523624954462852437223683926518859926198495716890077022073721
-475958794364514477938.751306118783881562099555549103381818559620604565978134188038684649528822332614827210892731708044676323413728579754981837994752026252126520945553978109163098441519339193195086478922550260014139827358964619188885727861339163795778747827768636632783423228754830049312332686529206673826010146
455891136960010365867.435463228594289855963715626413399114629349747332276645076323410051122163903962967979224080722372960231610310030374327737690162159005431918064144933622045588438418567728122136118058785819296870689868990266659765678532369394483645804074683854203146564789138778348422344358032758815077197794
-476344038437602858364.962354795222910597560738411887364090639073949637998857021038976356314340713701313968345893896149383990303506833624647444635838862815566401887162497999227208353528858977898531149466862214675231598063237265537766005419244025991891696987314098437996428310843481290327502430084598254404900833
520531763869391719938.754560010058392158869630882690344247884781440479301197091005227329368707170647886528910044355143567057114745433040768059341186760371001557122140263315895624919436112031478898485296291562224932231542174227279206873321448709446651890451000408211849756554108876778864251500451536347612607522
-597979336206961605932.471023368554202436129505444691889958436003900485528084169115358117613466717930764770198438388289159415055103757480491471374686479764034713618747593456427106593803628367135793258209349890786747218395140615998275463771285225674764061445574863169093201067146755015800291545149788030216153499
704582625404758729185.445104618743653934475132279686939678499454839334656978913101504554397195275398226031835529405778498414168888174342840208494481803036479826269178751256736580338156902256307798016794941852594921058636682145732060887642111793777845671916211622807457531835646570826848546237072999930596194502
-854304106546384046302.813776982484658284121358492253524422651682421689327964728817334528166885705874058630279903281672087348147386459870872727218793842831597249344983921478662902185681345840346246781875078248470810915771782372169137547443596626600128930238272156559993666691638308076398382382519300568190810685
1045199763905928923454.99347924830719267866350983704279307444187273312577544134069344486758288142900779773643349180612931721795517278013712040740450850781451610094962653938165448185215855668558108578430025053828683821865245201730670507772951646167518335386236376740112881310658593135773559162883963389473062912
-1278696062717750033726.20327251282939709463723031596128255489216382450667769692703447861808713292852900874044909928955501574334058865237175774825500176898271476083324643382590037775294677566986968702823392733324076364044402838978770014697431034815014414114679372348820273626728596618346775662528274906171824869
1547658977375084852503.98020216953575790330936758212005216782294343956687986705678698196340113323908427859192786360509716266084580176237515348388959238845607018873745101779974866393047364594242324511813452436281005256253542340308644154152835070757461381022314724380145282157072759130752594906596483790929092313
-1789717191595654791561.45839211375380069123712604853575698757759116563113633306554694250602645382284973023994947971212295352176752293741430180956634679931607714653969772853881406255403457521926151020122304585229842237872953135859318020946568614025633094054705868359073810869833209368860947617234062395918793552
1978239456913296566180.78573522101247422101481473897713281555014776893174529911487584710062188901842357242768855182174145228880876667125460101490607303875831620587304948103206375560816637935255759901035567489630900301107677731532591180350056706379257975201607247643160326357194616910266104185407337578450951957
-1930457812655367472391.2591956721224671090196504153068057658859798761180020842396377638979856843610648652776338673476478601296878181331023807680785367803498421698836569417791303094360312560661037365962737254651546838197726688830913110468750463420549866863960050006943827283268607407347579206504501708977084952
1651074850037301446733.87225834938207261719425755238810870321949418905875961490170366956416361740018899216202227999597965185549200201504939617869029441705717543892065277292959685203955885033530984669749862589529082399033896674413775806700934424217805575365926794543320631250441615496382187829700740341295827751
-1037540021605795573968.09712885883049352643205193167359553844094883301682129113419133748721373021903667934327535900138740144946201148276801221074834066694318215907637069590087972505271084699038649781991261055323047418249798315114493759090662663745076693954967813532764929453365233270106298992120208734548600218
410503033297742630570.705790099513767482207751108376898423078494015489003051419977787879699396422256018968180938338180394735670605432949616064108074636199957389216284537006919147744052866046864538261168215945157441242624366490327359256338935978436627502076429922738730984136890039242502777158165731528906616916
