19 1
2.5268116867584574333593432886387691613356685022677419815558958074719130137776496580586983830544822906739791166500832341407780931234664720196918110652981394291348729782113076152014441754175380731423144942719963751314388836756807803554056443522611944432212144549367280395859127628069701680328586332941093717564e-15
-3.82615384351465900823884572912875326444233052106501506846150510911789330676408852158647746620080693007640556494892598912337569906058870675047866170595137883484958838566244371215707808783509922737772145106287290769961249931310128165579218804934951407517873206557322834649072886472237452575959924278937876059932e-15
2.33927409101946379489339806317399607548938688855658651221606996096939053695961665470004289294705926469144720382295195531903698620920009830665016504641260199131732389337526916005067601181334422865844795863159617372024249379773664037521675903682231628320048674856639719326414793126118823200853735131619994493056e-15
-1.99843268005141650006481532536502244160427683882328022801931872382731781328566724430449949041486205996487323794593293389059437822760748020360159231074420755502706955088705841274835195661641949443096245542247781384847991974149269572801304961866120333545410497975567049394817369786819609320361943233381756192307e-15
1.91817672670729201099112373988826969424834009156184868091197415130342310272095191138588150939116502004457074399436970268008258767032351399517501586281456387844852477567548678971972716660835461613619965847661032697977171898350143260751547092860536896651487771391646084746228712686341608846154782459300796024893e-15
-1.97948531198442855198542937725937734948470953762367061967399284604292824131385114966464426715556951527253206264309455298820159898683360228224048329434175583962246972685528404102511872171792360039221085861240639878203028374107512854969209528130552590926403669384355443458984507238826691547603159967024895716534e-15
2.15482051484415661495596430938565696981403060772047878759394867675433099515827341792619276893762094493811114114700228905558405377221193952371603996626183908063732542732442070618250592189050137002718583374559442099292268646537738619850389839654215980243554965940012794863426435169269975985401019956682418320211e-15
-2.44492045014176425560992679979233669433262344513428444259497564596287601390913345566660938286891068151199324615640968321051552416827863308247069930110455171920451058464325592322999928646052639188172238558411003318224746445541843317278494722666752081958107262411287789900996797796548834442707038171058790241863e-15
2.86329761976824863991646899153052486877614159711931511398531363762492510128671285250138783151992591597749969980203781940368716798850216487587975431990249305053988585053100696220341139315845370409296869028109287938608743102452408217416766728742924311753393350052655634720367848396739208412818801897490516948862e-15
-3.42818097645838835678883916903924691047308093717751874709889655522162958169991601031063444435200857935284313117490147853660313359819891907076824473090183202477665476174292694701255359356081008224126240235955101941993132238635997703669974153132340393998782235503021530708693628021081157992132881075267528417124e-15
4.15238033143689415955219246323969966321162694293838826376686855473387377948226787149333167914018999600066198943250649358501953871357811597867805235158806936257812043634652718611201505499868414383642634119871228120328480687670511414959849159420701954342189123024537103050865302144396419129601349077481350806597e-15
-5.02545240662262501528957023675944159962524765982496940204439973767133107373560475959934967236795271338834302276658838957989940513919941083880331184591590402772990354720690767505981917817692302121856457156258790960343173843376553695963522367291936925450641054861706689597901142757220472833088191731117906921794e-15
5.98379697755389860976701943646910743233543348416148136228716570298180209648994986558451777448027716287167139503096804321736340607170499063671372070682438727977204926483031765518057536782113308648231522660514988213739488650516854689240103570591314148989179776627203010487200294358164237767443298612806058875655e-15
-6.86962984077980901322779775595628770812356781461019431721908170900205208613910618295934318068906417770135749669299834381869869674983428103998156617500331774850788704561166070984349468606782165728824825523226045052064642251691100924022931997657223363092655578460012387630460699105156078619458753743897208253181e-15
7.39665920912944077671329908776326066529512390026008830171774725293646370292248836473267544356692166919633006385887889783797427183741759657084016484674611007489458373750341149508137588949160698774726556474295842432086651065663638909563024099398788710077238580334493207649830513932011679582860763545607029835035e-15
-7.17467885447091187662974382262391718305318623040778623191885488804852244814896116342027130765121189563694806450787950256268240944753701222496502328697291095019242486908651189981316945231337773678170135391744427199905464687542395613102160003387496654397703263071971981838270107834403422375520001089502675952154e-15
5.88117265367563976427181505003795399908855485728767178287757878385076941412970353235896524700341761764919874009034547685626735186398923493967970988114592707465221916111695068166021570954304412901379673218288917287377452254572808766030834989357349815728801121229258602218716231635940152873241517434052475333444e-15
-3.62351764434183057785404419096209535928211901521504912126734424171949660831276047384430705664028396703064496810796414878352050659453865042735552019004390457012365080544523103221573201674912857032531978764576391640451891257354756233597617251633995802283416248904027525059928584747702308582739175304315770315426e-15
1.25928953999327696034889677903155824851993189578924263066114288420690618868256756211491215833002018891238070687921173364541133565768911420741534480356949291192044739816970769437976056302667558349533819616531460116471874473413070818388210114679015185267941601004632082829986328945366423606929468321321229445224e-15
