19 1
2.5280402141061247978594187165667182309577754530407067577050158464552943857284710141496528158113928547764573830720510014394032653138760988453557195538625091082919023039147996792935720642712667716060619808740120367661035924919041849750155400035931966823028665010359528805417360225218446992328143905773532670909e-15
-3.82801410077148531460616115566677338648293383031893109351226139847362546709973050119681794207438362676749087756725251683106258855352268983957384781828756044728502076653638533662930140871711679984804544201440754699938566693198693390129509911634387751341430742575144594913123323741628378706810824207665297622736e-15
2.34041141665073007200630123031314841543442928851048783844040782740995840627930739480190334071066482981076851638883213913574046497226721360175111896450032452867926916656208898422979423384699128505921793982029146597184801907203127533337757225416981463382451198522979187708547528290914505793173045088910144068066e-15
-1.99940426523893670392925999781343003800249579592681869613890857810814659677374758964110639052169692236390310296243983859504059435013032817861614167988153819342514230670173628000105043479847592379728456052470688776782897754677359359088263668493745688396193620269755820227086846059783705224468795345974330905932e-15
1.91910925525130206527145613918288418527561668393315564628235831424055885214327233357591640347365824743243481303856584078826085923426479241608654003543365870919430016270772400742073573501017749242748054285641079960611322322877434437097786175934196496490132330595006290778112087594370004151493377222074835267429e-15
-1.98044759420752447627360680776457247920569479438673631020727579821746300085267955305140031324679577292991652787027793817536420347623956209924554316845664389046176358896251314591072107151339615157172340457592069362903932182339354586397031601993687499261479445050810484383494234370263879869347745871640113884526e-15
2.15586796279173085771601833441108172628890705627597157166461265182779012540057318725095880166460605381791324406312780888803767278768103073568929639139774770328628640658764630279862292778965954264107161359311493750474932485821860175170884345497739387262637478005771713968157081947911175134234599320156474560022e-15
-2.44610882035185314733791712703973779277110056838119407963289627902506554903796494909732799536136948281460753348962696174601983234442742029570514610171985546586130463902694998037457812979459663302508433481226985406470561050076780566922074175153657471673921465930249746846099432110407012906361037017219411447478e-15
2.86468921744223994461552885327986200330793923987513792363257530185702092174599207628209938408455100687791314310304740173535071335064571130183691776558794886042974266227572573285333785561768311605641721190962469659911375692682097727029668893385379067569495211672334324788270699237516625516331533006789413777561e-15
-3.42984694049986671005074469474689583330021316931937274562017250751390659512989412998402730001223092667954186492320261093498764169732285807700415793781926675956442204534773113636392691616525251397653149444205775024992728789454772635978610177164372223229767956908104448110978944609081516630402590573499847550335e-15
4.15439799238674903036021123572789606499184826316741791837701606450701432980132450480011711750170147244893767151249955314470772361687716266996648264058701439554451730218003660691624847249859907854612191187812095388687919498637964898986589136771250028862267261121414347066274367155985586879739555177234873237056e-15
-5.0278939807054181531681219911068421532594140838609994367202940421578991438684854102815873190420984215083913314796146345052545412289759358693625320523005928745142096984992637068380985710767856466318263607033110788819187841878636666586134014753156823205146408646352546050166306716195745027420951272006418662119e-15
5.98670374150555275015310726393596586348953870664536778576557553777353781587154841343232744422705371743970683755769413811763142931109208411519430332287853349628989207725267890891398636908025938394580690932395669703243986911687910476219275442936682255411513112809351935947291593349703518982321682307178307092509e-15
-6.87296640061864471422998300411657398429936884582616445737200829612590116360663654819088668676695848601767536696409142196531979339016215313860518458410765761138338183357604904853816473869956495252475096887544620355706344052763631326748180466339842489197259603945328867199671823592256805183129768518125574296732e-15
7.40025114311675061792750009418719857877355461849235835976784325890767937055094261635625041185587151398017413949501764695780921674660231696398639397530232003676309213785102436250065022303416236206270766673714323957191798471068564161784118399740009767164976341099189671197786332143810155765242066285722951089139e-15
-7.17816236273110920620628171317928739035138689247886840190831167461649666786538108470920265697175895730093871801844121046768043807594260069712270035776115155801458819313738088524195408910895314619526747222937406059090202531231973684849515906225557357655805854437266132713667128146376584382124253391376468488317e-15
5.88402757688486905456376759599337662806162713368995119253397711765263252965850865787958692075085585082808303726946065801487570064299768880101404767610259997080077216650197547773008481779536307985361982899820908696300906614069905336588635650054971549835010461891747659885259277841128741659072374253429543134691e-15
-3.62527626222387440689888593284411257870817207330791155331179357789134852718695002358276350588607883311103271506705823452950054001243594212742702673059181392559441167728178439283616987932903994789920976344924085220206985931277132885808297746216864400569549309129907653983284007604819774959015648441418851590359e-15
1.25990058299908298754281166072205374871529728177682746474006103169819205078812357647270630380253357096184436379412719760196948697065648761952161574145249248351781917692650106379497621786266586304544593647043595090039678905630332143525321350594577732678426944029564423735915230518592275170003090986660872343178e-15
