19 1
2.52771328178189959182448403746206950132903029809768621660897650455445462156318530304575536090251739495690197579464987082529652048422405888803460008974585037921377328410661251636739093053022330190278961969605951177493824320066589349962279639424610709343249137208946717414326985839274828186170093118939937345003e-15
-3.8275190541099249171896616562999560115238765118549605548420740086156999707763141199029206128445273119120341583603081568209716113625515195062026478165039869009443943534344796049230665533626420934199873709281988099749258918541674006720439888582063541989271207209318905053587948534163821349289725585242353560471e-15
2.34010875427830377250385571417302427662850752128177416465193085609366263728270958099522078540113631120957211482165368099913017890281641527173358975734394503851794535324519165739959635700656481051674509851778323563410212493368354287877440357886159131054490805699828789644384952350465206115201109795049902486741e-15
-1.99914570880564798879748108638406019881129327464792254845923620733376096170136649643601459478932057278038086831292247551279574370115742227653787433204899932611262686724041011750616500311634072766738826597493296211381963311607197476988846541287434192735839466000819226728953129024645236396832920080390521457154e-15
1.91886109179086386807742975349033348472308741098134983089419496200551135133971217049779584555398392572307165368012155909495460323299344747724260057722033264564513584658317658558042677007786261871017604478853044733680504269643462866524523769917786172528663169679717272571438603496102619918633044234433731829313e-15
-1.98019151177544991643446182369566216399035179042420394027840916526963212691093203561791656725753747941814502682696367397677786234899007318101003679234363625576036190331167147750700284668123668305069815364354130778623360145778982877467126634149302584419508190697804251507930040728283712895574225066972673729579e-15
2.15558921478197499977754791758879416236780341598540172463385694980557597593156002658233271766573602401949213514044059615409207613333758318934482133854178145553615608589465118733158958199851760515286143210845227433788787764723638200790489440392918034705370051946178549126468434682541669687753987259481925094534e-15
-2.44579256821728760571245307221737710294780043677936256227387308461681845121955876337554857030689691447789869434947657563012086048484603792266248915906172179208521151620920770514688073344433718841380333313645755858964218471519219144328243187615734820891760390663635964450402364830974985192516997284549587699526e-15
2.86431887953410044207081298931187627217544614741425990418969974965062613273181095599596947847846488602134011297829809347983838094463828809096721821112463881198300438826374927667168698594034928522853869127994110910262952478372758306732721386335693967588883453494849022863725571405283676991053696168503925791859e-15
-3.42940358383011781972476951564591190613567533999238328029578825866995786915269840711141247046104992533640154970490703801767208474591780703014987304024967922051392805895591837988792889777283492468884983771420507838389494051212761748684911389837067378931614211925205311076739992229417913050163795879696977150735e-15
4.15386103559231063406285166095600625881771623983394280351953390606516014324908886341871257652687300389707591261109179211555907660213334029456661102605825956872488203872829794179299432934092269235574040853594159085755308396256123181047697915309355369145498507681059800649213011391060346545036170588175920171405e-15
-5.02724420275047932630671639048148936950111861870769186601046869503416645139079441630676297144167956368101037007641421289331662397717569471114334960959607058202285799860647585177011444803520433777215352886839823648207598357901979497327449542147987574884627258643705897287377302044480472059175828562690185458088e-15
5.98593015456687137589964902543501988143655509897879940946923969224932747823935495459218808179020818536217650466643780646169812403443623052754759197651636101592077279382309642801351176487117538159500890454638776169325664351115472914066928369810158078871523235648052283203807683938755179641924934134385710618633e-15
-6.87207842107633264209629420952391455752955543827122582197005228451674711928969531633022660103495343397863092627606979225770584353000402426200503486698638881881641228875054389456391997343794755092035103806226599455910373342003113927925637696439060471112774189670503882764325608973010740449356341452102189350878e-15
7.39929518810962947349601327599725599063585585635106983963304626233427818795082877100715448313025805226321056159040055518842456764892561455781131233057524461988536348402921642565463789154309517998351524474307422714443674282220053344243864922079066706789891579556160489247129709892915389639058593722409233399742e-15
-7.17723525244851206888157352816446345250255910603133207961909714204624655609843719034074106796866768291548007220092014368009741043754602190836011778606278682283957169030313138701840098723083545249451322771027643654737651263071757593879984395859624191726667309750005950487032970826587798730192449431344565016505e-15
5.88326774971933278910974570983732203782435059116179040311281589356604069138934356621438517041471548991526259496198717074424539821239771891153969880223640115911923920778484759417178834064776252533405870893785845463791290721809843172738579972588469631823065397883560155730021782646727383009584371238351124838663e-15
-3.62480820593237963878296856543589188216030417418126116624884348138835817812408915259860742944110895799363655603563646475217486859184240116621593709049032540352615301102318886753690992017016692967891853489640699461243946157978141848751673606065124996151919857010664327113282075028064813356049409645833727349611e-15
1.25973795138114689587802228584477599904615427008535504784676555162434057367445663976378278945072210031237227023974677384137452969136699306300121098773210743323514752953510716472076046366630953834359049281508555096828289986252091227084331939452394620309839484528463445907535213042488751584197902300538388042836e-15
