19 1
2.53095930792367598018213779159713680465368213283405554889123169931873147725851489396846026067123281980335819913838122061921482681949769853989110257705080823603890728750296899207469968109236306657457942050962537337352982792996602621281854624952781651746702065021264278387895385098989795905827750451804406216497e-15
-3.83243424242028270534939313163047053668748798689454886560132573285477860279767252076192848295590364425463279554707783887369474611181975067309677160391660736595485140723637953671421594570739260186655706014789989906008319725508947089243004220343718441728908568337444144390125773622552899792537790256786161825014e-15
2.34311380513713028034248492097997522239814357662817932244401223723618323371544049546963574588870915418174026351069718650384289923993294496345363526022489082827484577623947779081441720316689937734596679879548677228322133364633210973132831587724080570569234030405006563264814745987693139036640505618316917767397e-15
-2.00171283730415255125299845787494434134437343328766245850036785688127470109476599596270847220314150846236613086105059251656905501419322460213684563631730525378242183795011857771378282373072590834225272287343409411453831429745450092009265182297278965634389331242044585505706784110943115795618990874340924736996e-15
1.92132502231003155823178751457029639705770709351749631848041027235626542680171626677760554738673827627416091668470198470337060429860261595958817820053701169820662645087219749194683475678288962224930392832370176594426209905843641374567173901864161764646882161031193603297273411748709124084452720844906019559133e-15
-1.9827340545169072749550502236546615930039738085900229632745382728866761015228628679931145597732161652566463738031913545035996083271359082084819708465807284069094361858512370856309348525510458633230068562404037935635830429895761635212439727044755441477466020895519556926227384887243623740462909674075401040422e-15
2.15835677833862559156885837158759869680430217202516588871954161857265972781556786624670661940049465756354498804620175367012994134968131188049574647722599978990699824107723080384103503624235680625957719462365411847044310673052833965318761314659263361457773278242801743785075674315921678884013194787704498036612e-15
-2.44893247055208476748005604046989120260428379292638797049492252782178795470101963102515237513520931768548441994043224517706584539287343327925606970175347603708471755495912193936043632790083616316984568608264255282203044147262130120223811557793012150796257050068955239384485716009391107080773631755154122819471e-15
2.86799574029992827838328263797580856201151904423092999681921195400804396031614514624132246310106298262856140890262769092220992486578262420785594632026171735502271807451520054697544069066982175265028312720094389284990634436433620377044708336624860143183398428920612542338093526132420595374753749388836438875547e-15
-3.43380536144146048347054695967282777644599257426305297200260440196195931815588153604511994710320900923877404825859288738100490651608933037815806617880755695030929355244556282518809688770564045157921968273040980931928577020504758781426774636589547063500168519845364923256256252325102373813289685287999651428446e-15
4.15919204590524479522834681212900524276154545750237686417404472742151382423931077260311100494021807222610299334910297316726810117755328299123675987490429733523480396779007420587906683308118544483382928953553152817194650244614391799738827001499464066965253959376026637595236822445265102623135719115991115870497e-15
-5.03369524634671767020733173351161309825117939562512354105544477123903025199169394890178285560285159469868329892560980008528280286742327648954909600495598266028172153278788411779695392732315465085221129561081812781025597050654789118596363472856466219886137615216113893061857956760473341606642022779026626062339e-15
5.99361028240694002154995155075995626776781590227304806033946413139140671230055239879311260360914022636798898156106127377925985680217554340224382608011393698973760743936381418050027482134792802110980369912176299289092447584944466530998080462824218150672839122688836060694802162609805391381623404079199887137623e-15
-6.88089410662590752436113553983645807367837457311226859028574312055605263823552904947994702309982582120711618331768190825976388602364077771678300514548394307997799201566203464466130848383113910234390280033607750754010530545026580017448117209947618436754772408308176345885108426159048517271830367991319265640097e-15
7.40878557428264196471663899528644849163232653467611244706322553997340850485901041886537178353941470334799701965475390966522072661541611457794937486543377194875613868206104220386678508257594040567498626396582226229881608141832721185725372877444347362498577215157837168939044249706076842748383473297095070991903e-15
-7.18643912559002479962675791221879816357866308413497220993161931477191479378618983470553106193038562764784948094298412917438846659584411188965548562657080681354322925315149857521837047171791114788681104696006069714853375040309057609726326028527627516323465439342111466102097586268574633569174813028592546552166e-15
5.89081078827959410917808262170149812915882720698164249990830428644732309588795697735789478298993768529824977384618329452660339291943048342491512348585561671821346043108460101212557801539597193897739350605337989277239826317168555557453258943475640510263566723205665795834646753681067608017906768772561858164591e-15
-3.62945465706974390728227654477231063672601909886333017321618421369054493185494411995288148479216464286061278219136442441571995736437745830429072788960245093200406513213862171278481991735992564513205146240242503909451527643877715737115486081456626950408761459355420411931616516928670506459184231852683219461671e-15
1.2613523825568272128165284407874903548919196943397917229411262778543133868096288836962389508679020763669498504535031564229657352127982644182100440425497292377236471574565303531329622689156973711401287442164948426277131518272634120342717044182776457642963846711873612123019559570954805454371866183488205526008e-15
