19 1
2.52865025323667669726887243424392528033224236832404867767433434634995182134849175328609267326860256022708494756599126185048107842571195593506653831363506987408171056792282515946071432148184591172578583339801485644139537962955480860593887984335172338910335368826494242844660658397567436644726374137235868529636e-15
-3.82893783253181435940000165312794809631133648664660261224805732538118460164883922960188052979326111510371536056465074914912291438273938044257875023395977319260725245783351651136357040538991274131692492047025142093228546371357008837970305908735178888891484009928030658994138766854351033372072742031021308642103e-15
2.34097616856849963764569977604636414946871498518723653250703451022335244082889912320472245564206323553564289836599131255468158232798342797762268243469286593715466354761451679047087731877011325194916593528087745235816493047790429629148071310294163513299344500403894994087733445059456130178643820293958653266859e-15
-1.99988671690097485153228591066113190275605547963661535277810645796160386712418913933957966773201447848824725293242260336184877913684699106336805879377940451728825723020185440180757476107652738356614603466111673317245373586136780819907223475948815591932928865674435340171456208290087507175529085029293835311872e-15
1.91957231294593297549108591845594027583321446463479732007296545739218925594252735543593039510848742121417436402105601575192826343266951314240335424502578124788158707350144485459203436711868539560771123774936152917677710161506491167400373024157962122069298181484346967023465630344734887386744257478231960382393e-15
-1.98092542650218737068630958933344107375356976606166399236242031987533369993846244154298294663354707799077870790110267295381494682322298447575410638012566121052871474248199822038051355533295736688484782277174317791571960671867622729564147765879779977320595389622563538802268762639562444836029019986342658168987e-15
2.15638808520094037034393688208373272543378527355000029383800449707133640079351661390792409997786943505952765454321816046705969636644976536984604853933965389711238864208739164183936256382214393144362998163153184171645996183930476446970077390788215824006078940010072550356444776525198380832970187414503847540617e-15
-2.44669891947157982246517363431741286000549038246515456045268102217799740610990075408076215123078897031804309551431911056429522187838764938235040905877875043200018208864588877435207400352944213373398968309735638870661872203439633027420182158353408920299945472537786691234832448296285229106991200096617235126195e-15
2.86538023171014421099470735203754774187588157567992215007563840641445276866403063070984992268833724276866404054907035099413787051999709914465692659516604689529037411450317864084378316606584467591066068480558139981258979406132861503375591457588108076111109466433687647609572049625327337054066297027404847748413e-15
-3.43067419486825238718123106095379356062151744009971304444481454129019145837116297831647373253682807332198716131596806089391703133226696379953248511065922167756305844522748024090643364782991215989254611596073051992928297548794285004507268725598043499364547043611181326880313455712798545273333834871308797541818e-15
4.15539988638542780133040173271031318431464461323052041589848154851594920799631235219185311518014354530090391862843753802465902585267593292351684446525045302681580852171412829549492092403284561788938250443357866645981811574616446102260273907709803160844801428449985412857916146421358556799045165022206877229165e-15
-5.02910637434326863973500575594730126275441454028487307353808651766246455556733046396082386952358087704158052342018033425491522465687454542166052636309873738240179201347711819726494456692002175965102231727501160218604376858222073084299102177783179031221284806010578549308023962589078444692717140602805436633068e-15
5.98814713146267673731134650503598964587710170310767884050594941286822162182344538128684899405753924184980035820160968308694180435924576309049113084348564145379883514667254433493033062151029972965632167133031566145774196912972490940599069773524134630507169377720269036660450749613002450130965195690422119231417e-15
-6.87462321180473967446180865302980022103367006452457324568470966867828492206069917880883493602270194115698356113540339816668911387153115230048756000543209464929079587445115900804856174500254040454707424884884093132476406048077796673758472151987044004928785317126558568515891886554697942926248371719626891876172e-15
7.40203476441004348078830830479626074794693570480832159283583851459501096779390855502045971176157254183659293347467082320915141966720624909465576958765584877426221013068079891570439485496789271736879228756522922847387033248057889742309414146682589137457994027086892112018748375771016379859780089041451062229815e-15
-7.17989214469158976879608770154977766309687414360876577118096549704090430387869826452077876604214749854490141270164987852312156585789677823214462205292424662056380852643758828443014806019866829451190231792558977355893196595194822382841653863358800438126283630479754892871761982816532845297410807392823984445478e-15
5.88544522740859390981535690468988031830636824787692652635390088201772555140711530919813539023719803049805767183225955581291600030040511222359758044698468070503398169136374881546888077743742434854122391008524904762402501302501859812292464926705689995206087459795814155944215057075509404627528434870733866695916e-15
-3.62614952808839549056755192796421736785141563075866751251587577828133790558599885851762450723106847674499059725968755780526640345140637432644102597422376440395741118620012839422775586463807725233847099542908798829767274142976187939615746000265877218019137870215210287367078870661547309628850162655013238587644e-15
1.26020400498044080165870979011780057185311746833134332157051572558359490144688800650292068312585279812890513161215094566623267710072831204101628954853536591061648529500421304046801233594150185338075413378210351974590332835370469972935616673865566356578998295964137467481781901983276987395837820377579318480679e-15
