19 1
2.53182444331695289704855933669975221798527648773361274011093387803361764329109026891430330313218405914341167398232070678029467798127108766706713860022424099368399103103690539542228402676820211230401321040586226829262313191583405563189687441056019656953388839791659406038085651224851923887101432339112309612344e-15
-3.83374424522176248561982944678869615241717355917392263954053674646400252908362143609896867234851606502391507646117537011172866117314452801735626330626319339044991348499224254744187304705292601073250544651060715065625264975147131224277071243068145296850170914599116090185870499539250169926954939969497633203244e-15
2.34391471542674892713962492003217051722749617418446756560110624721525808951567955967799995904656625230695246992752944037707299985394223358730632025405823373046656096836079508142871540970742296889989758841161531815248330326884261717365555616143089550741075717821209778616668720007002239033432455211474440290397e-15
-2.00239703187667497728212887318468438624151830826419099435994731798138244254262415345426040319792147547982103874424147361139155107050958749673708383987340779563071248541913533635547024674348812993677205038860357764112346393832282594714900229199622941188612412785445638831828063890293978651292997787482845814273e-15
1.92198171235173649917743983941936235315316969066971335775908580166159104194875996058802917036372188288638569789252406735468215458507555375002749370479461811809947377261541657149214496643518416020309900113464489680233626121904487016296069294369978043720396725046386018474223164289520186510455468746453426197651e-15
-1.98341169630466761938525513944783202830162696937877068051392789774153868975231623868960331404325435025474190022242305970295781298037422963185920274074098943799546011402571883218257385464838945202098778875803920506320027127969419349137865825725324345888084383446999893818941282992612722569468759830127919828536e-15
2.15909439284735917574295061073605549053635186017711851295996231666429287762545486397578181646062672534198836462217115630264734653954936379634494755189085721507056888619827754567368926203011827940441485617185997498699688260269213050016801185806781510547961054654521516149357913114420797443552069961943501722272e-15
-2.44976932109881059487885548087788623912283440097410819831469320439783021542061741448195618794575857080766871500191759136772569085541353404052965473126579127496763421125863841478129013898213303568110720981524277227320331860441131881627541334688649266619865363577237444127481346919609082644626961070840380937705e-15
2.86897570143623151233241425054649827312191237037073299992175344282552139527527945066582652786476599897857049593042652269015495128318030954712197002500996512541883034642210324307074270242414280804357446324824468142822243706073590632127729442440180578511547347470109245970943972574880446433037036703957727085499e-15
-3.43497852794847102223783075919293006514308518736439258618135385012907590499177220182672853399947435481004362151851360034794924264710214718990400436080356231480368863829072844812307830948431522736661044156300985631648402453813943730108967396020300526061720812139991719250458242787116142704049840117637075546162e-15
4.16061287211014696051519056555317160208511914669166487784417239031492212425643199760745621586177983446750312832336002509815330782120247121999176944463928589067002078331369138716189896746335280352773783898485505400435084141183371104233242810098419634983870513163835560069058779285101900953822185457612264384175e-15
-5.03541458440442200152800382413793097397674537736977962910465784749062125975260487824008135170425949986916139636574590180052364559546315703397977233529354452406778442394388191317468227063337242389270872889960352762820616949651515609130106487441555025552568299157203900805303418579679231321173655259971221248181e-15
5.9956571964205822731093059405746716854337332042783938256973515498580670072791924097196180267775403642696092027102744701946499271156150531302886890702314054421549285174972587319366253762546097044005025304359396236470206393902599387935119632391641353297595075548586444212506765694231859929883008062184011926869e-15
-6.8832436695375693603015278494864765079924729716700732783517925118807982326359766202898968872636021481260211541191761130112167321766396295332590599360201407492428974391490403202885127605527424209198081086160222188756043212090937791966453418897348909715629020756564941321555660038767228020016895530645008224028e-15
7.41131495786902514803036114281879871842222780603409117539088635487639564365892202297112459581530081013442356634120859174912822220152001266848965075986838297187419098494977278857686764933089600565887948893238191537467905628650874231309736186624611952732590487794745940445398085271582382795345943785249508607223e-15
-7.18889214647691324062814611781419421526822221355472865917482930064154372245295368938937301111245808694561641713190455214885446173715565040375569903797029560705393310147289673860165749771871530825149147448199533426043046644713130606956283003235896290770421680218010626313622436754056618150964746888710426790923e-15
5.89282116176280068383100333304325935139483488261319300795007366542323621443743737621439781461293172052445887587515269233678162285233907512711681271846418516115222640318503922730418563483657114868812809539682958311742625854808424518033394298366449342061334627676233034365994590369763625761239818173616049819635e-15
-3.63069303036439631135767402356658380381855881116106139804214724822958014618223287137197084982151018300766873623719849907352805717512194195447681380890572761178372841335660355830775237829862894656968781296345756770264853274240585110506648332206001414563730236027261251748145541141084527575242248283250183182132e-15
1.26178266092191150815771808339548231619567543834581090237106323673037396672205051936049294273280232695098779568090503557910126940233163390459456274402548506790507430506429468213667720364436988675324569306472505305813745529853018698894074383103848322203946962606802931109992215774865006155377493602079335973608e-15
