19 1
2.53278600161981184875079886102140379396679047372662572075257123903437458693728900343117043538777090073766647124554991147459035780733486370179281089904192484169624737157066129289839003954287496036184821952718169640584116027197484164195621015279499092975419761029653891073454496996727212494518142982798604635507e-15
-3.83520025378062695018595662187947786738244211335915444436281178121690601875643683074152276573043602099698402501698675032004090138467889651791233004485552465334350311892727000103801084726371821950078645111428891543431656785933947509939210672076350308896335298401456998009518943298010481178737981355015360153003e-15
2.34480489245183785977167891124697402734784622815498413433555321185360466591408399383678522936247883088250276347268798621081083556826808593622127225345746697102512295465560395980383353685561517403602445151826564217480013693008262527835973418217356800373930461798467064585624545164364663960136051378708189966205e-15
-2.00315748698368803617325671163681488434677286931809694369196908905831946140685899282565748765014178231145753923887547845290195384387293706407341208193964777771666766199096157771181586348395711425729327032498228334315977225956062421833349643824752014069435792259932300123490053301028331513554110976655457701471e-15
1.92271160078026990298621354368059221738832124959361838187023799580109124370522940792376071568976735746457701588870130787603012690875049436148491859802217825823555505576550238831218661330302754583199032174470604781885638085576278869317123249590484491468818718781651412747281384656486728941399707737348112864601e-15
-1.98416487662400940684023981194237045047927129417596431783343130016749161645161100206967260290254668980386932496659021050722644521827455367813164687558000221360631838139202955856281712674649355027653240831110210242372107495084007282271260245440387055709967959817229830930300702052396736601207865813462251795227e-15
2.1599142375868880964821223976864089517274671067319015925122812506689270955142894053514878879645157204785095096687980510734969067595609923388284012848844163707385127494723592254557671109884147907747647162927140120147204389572347930581394191039628913445450350231644827544556671641907162921887512946575339728092e-15
-2.45069947345897819469251209606443893506401301049224068475625345562159494482273519530535121196551029917634750430262892548664432172499280992728433135967382764615610075913863771167189140479912470546764165448550309166329347668314810080107610229314483094429563531205496011661090878573654910968032936635741218801441e-15
2.87006493172619571829023929557261607202732669058712440621542589705351150132640192178483687923020935164660192631374403013074462614492636573698959473074359810346099858951013757504091951846055116730132422878555785046555719960938916455531661199832355552094195999240854537636171226093464927277278294433953162510339e-15
-3.43628252265183961920861233177596042291308089476788763934121461864630301212920720676697551247122794285664329181317920818429621500932159328533913875866102828346464130829015490800886151818265998951024934916835965458717588418971656610473374642381792993264737106061622144452488758617758944982753250331703305345795e-15
4.16219216649005058101138133879327122553224912257717680317425069858928860112113986132756862440028957629160258224151100336305990615014752937225084965129772774975288681590306587625584950272145504910743464634797756537596503133169648453238737104804851471636466011094178331191724180394661829837503034855260372723987e-15
-5.03732571345367297618442101004664002505805304472657325903962272346623622978481536098190195081873398665789156319969550705424160253850698133024661460043082083678220683733067285093386459542323476402628974418943793173078531584648141270650223747458016768100391888459807728399114410287207847437933285109490299271671e-15
5.99793248029668620426275151656964073403707209682255416347182156415497319846018291360245662304801284977974344618910572689558549641929427269615073249164762358917948523896982339714690084866805015447281159821936279386996139668006575929818489501621771463332074105197064541827504489287218528020922034584593813788126e-15
-6.88585541571469850425053366369580622976135530137037519353771725228578213393433054845506403006067661640795300748829508522662395771948840458117926584198547546466124077416429370765391976293592894306664872242548187309476172083453505453136006939193889546573085478391631379287881137060657995118274147844491687115273e-15
7.4141266459056871023298730910083896975655296774571018171986093012786725236708138474308695299208818305331210023715281535906928083958957928863825348365065509042041691371957333832303305238275844376804489211368890917434901151405869591300583466640355322747198751984764473075559465475646060836210253846026208882743e-15
-7.1916190067140621431940467940822099595350969621878490787690572669911403453432808851885289636348605467023725061876053526590290407766157964597692785165994984398019212474466147762033109919281943387144216452783505199964446370731832814612459518353958609431953273695343169712312166236460122962216919794673361685524e-15
5.8950560109718098419042252308397551879129205787350172124844352046281062464206408381703630530250034245392583940802971790527844298391973924411516641924621332042329561188482562936655792588237961602255641877003692969361773883205447406427293904312783496598355913508795644370791087543413246001434609491965048663741e-15
-3.63206971210236129141457397789455213324263994858637739100046749488600015999091273503910878042690711899628196438101203367723227280523191168567440835932402763699042841040225185495885698464044466454378204289525900776679039632097869600600287937501037031296259395890240149428847057548594392810674751275190948255427e-15
1.26226100745364445552046126017058642182661736113054149379896321597917148243423820882986789886172247384174724772989252038090489442029072823407634746320319801008159752686028721883069264620229661025433705166273902744399708980693918190166216685339418455028561466235449117612488115942212277033228568343633701275214e-15
