19 1
2.53563077365245176514316080650963370211666594780939437688199262636975552559309545325803028354842212896462176889201784682649148525313071054608959307757365155278771021859569680868666291903084896813055034614555421165049732448612898412197124585182749504323328060318297814576659515592243912145072406747480657728921e-15
-3.83950785641952301026632773727935180364879264755097490906486130775905486315012658419782970132966026699457941360999352859463125934171276807812251574698465926754160405475739240155454628790179128196401391271786705923409833169858320580104028638843811812672289785773417624965196158290171434809502591002021962073279e-15
2.34743847771103292714257934736017186740171616060321090571990055689086633620499451680107456824374331761955686040077208188321173541461791416167442194499396644914950798954654490439177897320688593653353005174097979210734385040205240942137845256199757204363531214918109306702471356902181498748734287791085643823498e-15
-2.00540728387989710701631232544642564868633121030194771986039726917975254818436412281072246354121187194874573518258329215408712337214924704058666289231724241055451153219090318089099808991891022291068948887832103126833547177080365018403567108644933258618481550118352685135508374253778365002975232383311861022235e-15
1.92487095742691769923579996680919138006750986918552003655457170543084701628126521083049815313551654786525202630358881563163346733613250963673599533431297668496160385910662926514893207637063818925142308353740135635191824295531744045706762852722758888973746800076008966666572878189492271014312906126847393484498e-15
-1.98639312944594709500367538850623427625487571881990184222794021316604848175774403816048610660750068938781922291106950802525122218406625014504094693163593476653020026458790612902417123985893293546943560403842596720341694387571796247281447544682440604704888891450818636217190099366823541778693844499729694219391e-15
2.16233969779679110869717900428626407699692295001804043894507198069589854142627968497360407125445288017684207123048298215171370279620884393657614131229975059920191673825379903776065289325706927848164132772609512895449374918154793155763482435858027680030053445532261255546979064954806581219416094988140416729471e-15
-2.45345124963099019910675293527341362910854194487468154678856218758969292419974972725123667634463532693545751375405958394501414698323860224192674976533217616528863243425859768676102154625129951602577371205280209323309585606343154677424082910802458894297115751019745955558490959438645449215621327349217040848142e-15
2.87328729598374392761567291513629474348734399592784965292353172179639438860633173661815298933466973184201961264522448538932853451736262451929743878627133795409610883923153851472549900116073170137990089168860027442452958539453938384595010054985343236720319933761219114442514735883689387783815090203850972572825e-15
-3.44014020169932001316508800277537876239990648995434603557171380881518610578398070857054371428807171045016322930438815912003521224917704471392514468327367415802434662318401329981432791970801562071311856307465656758874732461846835081915028515308398091160609758730325020059016242553797569786845553471624628071892e-15
4.16686422348570554134875002631763835854218104930728195569453808112521161476179447869875112407554479489390060774076058598629774459960302430496021613334430355980859006286150543353814952877574267695737328806433553293161463963513353867441980522842927003612505855321789877165151050657468707765890468839453055644391e-15
-5.04297936798895499510502012378419329818785531102572926676220623512313799078994765280044128629385576537525721086947433341674720675707517034959344147961442986065272723091275222747802995894667707563846901377771831544621887342608754648916352001374855457435388422673009618071120685737959736691047800451860312383361e-15
6.00466330821968832377619961530195595147254185467725300416522824345707960725958525902951763238485955301731333350152099230556604509482455257695720100035281112472820187671227201617728674779595867505340096471573230257823958447442306578581773025072239667356717534259483132151386058119172423730574370921237026000817e-15
-6.89358145556875752716707460878269601588271265838393357753652870451798567695901293742408395940573843182219719931267256455328281932382640065391631767189206910120007885083216613242150638992048432391267328149904142709399715787322338198069188290769060347784206825617363667203769251906558249694278811834122608468383e-15
7.4224440082086515266628801366678002056485495351209263222859171722783765554670996562478008437388051663801590065590287366338481769101701182341199446361014288574718866804702033956575284086412019399163673669921407515675612713611595462536952053712398117218648556140124453607909751717885005149326206358500241554801e-15
-7.19968528698439078438028790016890174556251311495941602542810195928780397385431022535974905022581749928294874922097036279088961474784981905967858826380799830028501265014849531391058891616890687609825351723418133354803850075613580152187370996467960937582666410543312996266901844061205314676478984611789497814462e-15
5.90166675022396830621546071947893661833134687717020125975456740181890235289509290097460331976147528515843641495670152252395665274823219289400116512502655121663276822044352854976367706278018571449152967573440667910550749880215191240472803913912992334208170195759135417185868602337028742812905271335977059801699e-15
-3.63614188451471080356028815230229235818501590549734767255867768615338253006082540153381745379088385832614137635080239317650596318937940779505423739276359805282334695780789220418989029343710184470528021468996952325954048336500165234750805904806681819651706818600610059239337814853155497328145897753593550426403e-15
1.26367590654952421024715851150874100981463852293197047307961657641148728074943360436508672821567510421259538079658643048672651072671296618791434246128358193184498786916370207364459228569581459506863961380134510397496286599517887936269797088273222929119429538895908134477764457228941461212637692595272970393555e-15
