19 1
2.53997881662469305349861367582983197269143506988123117050609734025312515854414236080892339172249332059315759644796598395051406214267154840886041126285514651810716332126852126264112036706947599200654687994542718509082539038421104249654801368934474360686652735703659724780948818905525966016220896542313482877037e-15
-3.84609173889748958490679088113100199918490477589025365589235021287096210718265350264361363023370382121712197853705302811240502729324166223083046107019780386289180690883416710394993129659317895074945763072750011786976793621940877101093309152378194152241231238364249471198887940264083217852366748639025855487732e-15
2.35146374021568695714336578851210535157856238267057118916418747225848455290149834211653070606958141068800494563503040417041982692362384850426592724785600384006069728044572734067056660596510382511507166267602803550481145934514130578741222104169375488721617300277013758882249323736876933128553432513350031264859e-15
-2.0088459565686358674597669364571108728018637745053951674800229092969012384921843353155966989959025131197699298254309634525899751541874641947339559260835715751751383382431051514107604193935318686054552879823297201502637208166696161125928638779088828443441370878797303159688388528088510227315648524983155658757e-15
1.92817140559137605277091711615608075878681636682307184740747005991913080019296975562005539061580418646919440727833699892806287633200654339006012951660266644320191549629266348233948844040524984753082564144888393897491304095983683176289734176586363812504135284817512633674107374132229708248314428186873008169051e-15
-1.98979889169922817581745105869125569913530851621838760061856900004402846944437007233890138971948130972324520345014947778943658015663396571538591897806688713972734466488950950949476985753903875617949268951729691878308464975865476028168145527903679189685308529752229146257705289409719171220252558009998668027265e-15
2.16604689469310022280563306247302019989863196396836717748007180915947393385453879450232838644509738085812888434942335453291424748022823613004782987670460306707086903050874600125698255514055907238842636844673608438550731788187080437240322708674785575999658293551314798131388430074419936610092700134783010637762e-15
-2.45765722332466022677326401277946864051972274619671691622116645812491741880265519563127656169313918347665676706530472526110208992343832321089140673738344641833618259245222973990969508759318890967062948885567869474321596155626737074945878478862382509266258709837954546185489318755739795656309722074270510163131e-15
2.8782125693263782235340116589740256163724432984968247357019705791167086739823401491069821134530919250415813372396050747486228494187424690145162034866031457883637324178983685788488802593678473054663802299792678517585314218475787695546570746661770811449389275614146189607431257606521936878864164637820825743854e-15
-3.44603656684958917584828070069638568967038694706421085236392270039926690690579606613319432883980059641149975337495904506686074853547778965341044991931145592127627390192693340906012814731375765035917843490608828971448921971036869239332537466860519938792494377429600665223726678112739409038140670911971366320777e-15
4.17400539222826674406436266958083386738421738934749674569976200508419922963666568719030498865762316818745447520188581804477235684651675567922883869645891603712513438727630733948504568232980429227821692981452484127734445872114877388503672521034860231678498094341589401134713983496906372292121701637716242526522e-15
-5.05162095740793420641104799217025367535074361267570605860367707060044902544187468118351848872870676818253614502023805052126512696459627279250132847104578022106811392395375191207718473346817846358324603148021609323003743129642796950984719550457521382966812780780270983751268232336568603535559309249172922730379e-15
6.01495143621904369428120179593851477116095099449494294844973360060600938604446508789016654803070096821658642574668107768235055945667018520035261251419814155131418101091109074832924705704758205352345659025305058608483532099589288410502988389715584415736456307420842118334227652599020750759009510916678785193098e-15
-6.90539087748736650341313513852081710832126201149841084982778047212232652322654648575582820367862467357832406401756233417713890355606931830334273130741289541797142690046405283037057548711959646879539441116046564884877434351915408084692208051747968025758227135966948693930871101674240005235946384270036699515571e-15
7.43515740062083420686481348150407351766399832209479542013571130370295522932768700632171988708439472918307607883666991057137915726624269885128021699073909026361331450643160886568762730472857248616417445693119191415829088098058909437786249373345008233364489656337317797270990194822061671899624884394809988574773e-15
-7.21201501770774353697485464944230563714238079827148228590110126310464416742778271741941503842270520306037087277486129420573906183049702203233910679133201649284596000042650199469966145216742350684960564937463121782335340197711139684919452835657768899463986484709947735268559371310614173198704524366957831523002e-15
5.91177172136386459559073915494977839582057080724928139319614728871100006983228883062308761520056544260812477312531009853811784578570812112455403980765281260751671716403919872814764216413792917584010937376669061815545719554436142215493959546687228523141095960487391510591402400516342682174417593160923319259462e-15
-3.64236655387992726117385802061351833893236569635446268025974964559177778656157309712256600558408374345243391554704620134844241729136470038923561820567513201197173469083446571445235082767306712010864986510609468118629157489400901042515806786457676894620493545396999376247002411055173790781039190291894580708264e-15
1.26583872963119972260163358803353863702725101601095968940546373858352543635939378418122311737395315096889958892245527569218072764740682516650516072078008438987418632504014201420223408557294029927812057244614217055199442111427635404902208747520472391218247108061417684972188637879198686701423140235862993308141e-15
