19 1
2.53796402535867449889997079907505382425396325093026743678048997341333067855099110311167422556005873762117323568445899203752305018573657273852272863741391276832244804594871119562567822266878882052932901351300841626573407570348288800936745807003284494219434384077311078128478585501210550888469144472825367982745e-15
-3.8430409067919362152555980094062168203421410368807730804497516676927864016312451963064586033917045863565092323287422338707971921955727387192730120363676534108896476665923902305251464534314129549050649111613495728736255896253662125153783378348679578773091528316239004142670237706930524885328465945126460759009e-15
2.34959851844564591679800902011295590199419747880164590422848493226239483312807013267507420622135202386718928277281058332405823207036771441301029872194024853435006566860036054591117380203756479636777109737147903605186026092540288104566522075190520298119657009020188091522347007895052833790714148909633271151634e-15
-2.00725254795297008222530916060917035959806760964244595875483035888080458186153440200691545698204507824209122260746498943207925373384394457810522801573707038938092816635758845807329762955970280494773345573789955880513413970899321879151557525987290437451249735267703280115300963086918581074459989307184841593254e-15
1.9266420470394457029801565883937750150909090963039847184116336354374194020933835401206716104332444726218428438216564712496049973094539234150471656797934723209441369279611017365927326765969597285210841705086891786719460936810296314968645091413674418109359360010033929638877720122721740059843542231072980258057e-15
-1.98822073243422377598006732342315992893429804133157840881370957261385125788830680327366500103381723624786746795468784092643055887183571131966859866982768286720397127412840946284776111663690900110522291920994108004421235177389517803785787823957227934187523542828948407840927142216988658254959712004517229680735e-15
2.16432905639754144891751809468588889020922696374140020522960544064969983651132594309011451774526770186036285353414185360243227070099956256829226718817153590517053754461912313911488855536594811127702882995836236487159711683527138082298486905811170410833017080672449739231751925980711888889038229935549663459288e-15
-2.45570826151447097894584144057590205353913708550027138999687751725222803215097717873095777071308502226922169422154473980235899687084043008814436503172927473625551462464249018195862123993977689601827251326253343955140966795607173754675244210947118345573360709631223684887266356968988178855205953264872269467774e-15
2.87593029792121482565136097598014269709704231074196595438866387987419474671767183272638730532687243626415118347099072110276941071590732656968954298828109017425304967945072488479374327294906067970204838533069284595934753638419984800353420823853118318788447998398975106943486925225440106678019473335866150641696e-15
-3.44330431002404657376271622819853688566853902520622187458374500261453043594669844988777491093019790065269490521826571396542912508600904051627336977431140947050865164920633962814107407459199710494064975556825348895070445541485583619274078085108593634294973469025108185558290758202784280539402354451126265471068e-15
4.17069631680433472407578532278184834759622925624968755686606083114466947358144410399184424380563122341716898670883268661457600299226837643973168662156631677819687271584574513663560140219172186130089360920100226976248968829038583956661261755087277067650330809977501664917355864529103037606592029552693962346029e-15
-5.0476166146458854553452311997493102133759068646246871955053138947006011622088974051462871776151316736890737669963130046078587849857382729214418737904034743792761481768099922801132914905105708974940334568910140637259460839653341577820817976327550945214575033284200124981682976878593115098206489948177757646405e-15
6.01018411686240812893741687176059579295790035898637094777921945292058776255664684437953725023312739958067807835733946472931593721277353403457706885282945473463236932009408628956826886923993571873449051439831340058010328359208512104201604215167899629358317558615214963796681294811809637772403534357209556174294e-15
-6.89991861627080855777455054807589914915293471456335606825781413765742920054584787532799494280853475487551409257417890845983390376274575189398029987597318408943440252162746619141645206949525388293160311919799576158929854174719916010965015360436311606303912237744947156289872746060752860608616737879369928794238e-15
7.42926625237451062765739756338819333324465687959418872675293335640525778404204223084409045436436744080993924866977649964073011826067448493955281900660941630051021905303772036677112315408326663551584113962123949761185382834279099374248285066141124860953697042583914317820376469714906459509675754730928766115454e-15
-7.2063016466056255359509316384823249155200737068300092949699512536098870591638485100384189189481776868548780374300495985110705190692346358479149990084938858274721818670210236582351452060195323824789057355106355817590952067157918727877503637666774694379851347937522143113088355360723621113672141030759834277424e-15
5.90708925909863214210696121010858420434744310084753717628153726351179832120441393618328334985648087014684383418308695573545352022131134159105969499635276683184385926353494260163033614001744930113344908958610145418191523702963348459459869709828713036181137109589495413712801687900538388151558985610172316180913e-15
-3.63948215121773100242965338768183014407924510716421937293459588702915958060349881685206915968923185088218570007247585377373309329431629121873176526054464317275351342094492155475921423454371617241659448241713007349208550353681569187886340085442500239690127813949970164221280482984624490022988297498823844254106e-15
1.26483651437219053712493684641875389658753148056929918312402857874808394748712447667111909207488586193091941794730674896368892881644975633468540694105878220956060893587233247216424515161417839607274981523814008813284570361958643646809470313071683620320570337207477865858035582296302543806235922464206960237036e-15
