19 1
2.53890953189742656890827521638295902808363514480728365574418802692967868361770726567680923971623539590312063522538562680082288592250316888283748346674613749973006160105139335514701979137520398229230214424956175588166478440421817309278623564429870901782012422502457170837271808560487083639639441042412579141277e-15
-3.84447260967039860492559735291673566767927994711062235491831833144717148088475580014548131900477959105587341401785034604338650691246052667022903317298661818436920474926780717572716797234959849432405770077741329005234944172342849672970685322091378870672114957262912141010200447612036846499089521041018423679852e-15
2.35047383598503149057111146705464054592580913408642555884488848308788631176857202888160640111807600329729532665898325979404425318544019728177678518095528161012175007144408421058131676677134586444712909273563540438945998439063579324642276583532150051095438406295120123119058415653470371316611234787357000143586e-15
-2.00800030985332537894447991752751826072788046392582041289068427380559832738617159914803542571847578086695012252782380379582478464415621937897475069322956437161189856696011574436476576544875859246968067761719892211981419029256958693931619654196272383277743987035444138097731319766889480832728241996927960467554e-15
1.92735975366849378953387974741352042092916865140438536583166170420609040287645532361121623941160386657079705473520273293771744339239078829775826467679964515319759899951831060098839399465176729995882378497424286459976969525074966244067002376022784505822891574287647178740199564697999883470133506622211172181249e-15
-1.98896134383398685351213192612746459779678726582174522129655332435194511618308811234261650098636146322327455507170282300248173297715970033538758640575359038415504610950593076317719452841999786336789936387927938548593669126812920405318282213699357282953298203380253253269038384664762899977714725902057901593816e-15
2.16513522191429705777457102323668959677907330493835774668963597225251986834151726290344209258436375881534879556845638444791028709453778196252373738354546333173722943629304557740400368501995726463336891818961942604811825239094276801071050213022670236010885501032957942768599867108013905552762790875957132420234e-15
-2.45662289709760087304971673838862978352607185608026848984848971246441863286540504235565765704057218338878048805916653787679951429677881300575164688401333614908474933915747449134475384236360300375458444188876287507868041413689767933433349335553803432543380348918545662235727485810635379070736331869752399107411e-15
2.87700136169969356603767078470510286080300306480986371250685476990316319958203524406416825019258911623419763167800119725965730763838152368449798537402766133399322884632118351406643928726019992943227266421498986775664091754620938167666544368508832444584325906275620681748370301793961552637304067517611143408533e-15
-3.4445865617597689173771871887050127486224615120120994851216743207484786858627224052055142418064448897820961264206033220175591928613168299843527898821869213184889906550982502197200513586713386684259125002873582880376487674279922023451328097075037371557776881191457121681564410381685642549796320256847614718989e-15
4.1722492852379257694142282642204836900256774783729699619481559316754423819562527215014858792411712155365388270486502485677609716889609140558251955722805453853468387868956754155008779096356386628586656865522214859484518314833878644115299757793952832522688271907427478767310070423455879330423065358778979079534e-15
-5.04949589618039237147933158807793997074812717311409394281518994015395912382293042996959643676905836444068288443841817048663822953852365779243885830519995358547989318549363431118325229828516541098168769952445739259994483795779444172267585175196637233154841316254615174659966413853509229576317962935950283804312e-15
6.01242149783729105651290508709357988764941381978385990498338735689853125922038825120922691354797079038715397812429522085971830496461016847983706800084631527941819642909125126657728708247417754373489119954189469379720068217587865864238706586762078208134516491983397090988432376014359370308920437318411994838726e-15
-6.90248687080283055760720038245847756333576523279119780897046154660152826616236468069867250657918861981463149707591708587867784188639341973349777988568250269356650992618718907212936064623612058478481830615819326256398145356791196525532918854639313764967557660001666000053343442562426030384403907767500595218272e-15
7.43203113817027073479297073167888466126916194863947634400521425156447960756271763539840117867801347204503399243984346316964192585534635162263763419419641986597076786427028425710405032601930653063986067004136628858603960926903288741505256804750261498027363738680301769565065018216466597645970928925203731841284e-15
-7.20898313633364669461190685171161006157261072800397370270812919733515236663979468450015390083769092653224459063478753569329862833101803063313396770699992773125261973732793817381155589199984646574740787258818985489252419518101832227994000581950174978624866397516859333995100472745896979437164105658702870171518e-15
5.90928694136508067613620799077266060392673217446755734871667667561378829229628542846244952289358162014864195847119733305466824949612517549059174741337986291978623834618328368409556947192356291972320067858795712663670223826592304147144981715483395164446328163870329753955323289083813637602029656909520357767349e-15
-3.64083594924008221492033431797502287852238489703750671549716461329445612710467934770306546039420572824894958299939160765029224398641322782963570428423353109230002708724537841082461777377879647171197974514432024750849132254739084015004382701744776510055162887035391495607333458331166876739922157941403161336347e-15
1.26530691384372101477262283645506626568900624820127854474808440134674714770115309277302768342136000869808017587478520478470623884545786167484157544094714468516561574468998215245789885820899132413488993380959886989628568847786834969354764326168654410563501031505917252466585380149722516641926687882837255738717e-15
