19 1
2.54026972121173391448831872866005655788369075390459246603553481352545767151136389246079230503588706483324034236427552939150229497508064353716900320029778361564184178406722641716805828776213636467170859045668067907391659258013939657898221360078166027773706447207147467482930245273137559797616116911754258695128e-15
-3.84653223173235836339909057962697960090460339287338109812470395792336940244286291588673630862781876735681789688858300595678551462651207026026684057554033905635280764220875665382162383770657179617750869194114156239503248263389852836747241115551100353317142629557652390580743647631508888593492572881048628841776e-15
2.35173304940304137724857852792945738974276404269889607674231552124176666430614255920469662445403163664230422634388223591469291293937960649494406777281898667203012266671209351169915334785303141375367456988515759977788080622686696635881351926393402567514920673064479578997703678607947145610216696108593522555569e-15
-2.00907602028486907373216927281457163293918959702799502473753957137762767761633404950315326613356316628980767438850151757084685935705124057035735851026891644999795904527610771316759423629171009790345164734689380093711727896551446120367753612328587928670136300548416750094929846752882952533236503477179513019861e-15
1.9283922216653799836834513670785514752280579176450386390739293090428413206400128047784600867049284145586108715315299781721193616530496956964798812158411410358186132547688771786762043079903621255708225038900856897397354777674604612758359958289434025231497248323839838604381440226049365086491234304497518664105e-15
-1.99002675412615737468947900325025346823997094709817479979107286878402053678672146587916020565232730735330174292605047361832514835321229048077437241547675756449410298475901540966672299500428976046899266919377298897593945130682805585654674083432026869614598300101819184975523191192588942623126412969790617177442e-15
2.16629492503589925100861095393851342524037192106820821097751086216407418502147696841264295710482079401360674098311931943579282351648075908160713021765927053262141521039797233156505260299987984937273144080980764633994454708316623711842247893695643393573977014629775492700552227596429324394354796723727649136157e-15
-2.45793862496796649953173235571315388627244837798446323686931632192125775585096351108331672212144090983855198598578669441597962906597078494037543108518186645302797209924636393970411023140147598402873402097504478848747511050291671075520203319213130167531692198178331880689607814571707173452996337988571314053749e-15
2.87854209668602877165991202923142917530694707537549844980004637655644635851410361402431241932901098806215063548005464921899307734579603768623180778499430824362501271940240952186899206656950338226301262049139956412797387247262200569005608043485242292239396812786350214059822624143005202197777148205371618642584e-15
-3.44643106658988048259210936293619928932207297336609531699005952527648978636409565307975035047784763661950882516268730191113762944189202796920110538589549919277529143428240736920109985632091002302141671379418752278849667004089521040232133190674533298768290952678369560497806824278148613688042494379069485892525e-15
4.17448317777031563155092129954519539644321772023862338060496631009879291020390585585294718299876388372569633929007817629087676390450902846019660430699478864814789024908685558796515063825009084897190502244759605170496821038143217037192585840392819158036616149921569211906676368349942270469367994340763660268275e-15
-5.05219913178487584594372376399870111022635635597787715467932199552327079145031947768528357641851176332011490657966927080945942805718355070718261985037019240269623307021439057971363037017246478071243499521410473414682987371896169664991734066460215534587078298508670578786363541023075102293901106433092409260929e-15
6.01563977656152351347413587236262349739831390916733977309192119720893735280482932100983185896826038218734938138328481655218864655000009696796199142984804033929617326880903562187611060741755961275220376482577596017259677869760778880476601404440835176968392375585234477671232730018595597417036046307018141183375e-15
-6.90618100521574134147248841689429734602745745862990322919803041181508647997620233964748618608175062803641938130622637567107950895006706534795975544511573606769358878378636466676513459570011236571743930041088105591262899931989714932471915929426100541568057219639761834251508380449015053525513517446244685396126e-15
7.43600801371313456974400303490063147600224066109434409210591534422007623561437868657521230432835825725279708118660667441177231587750075469835825869901841502702811490652770676779963565447504915013421717956327747903789741545850355040522216635106324115553559869448722184344668812939635996833730137825199617310224e-15
-7.21283996518199853362040518837368605789554450413005391735001748952769214138300496667794108940926360222038039775781496100297071337975741510242141462021628096190520575518550183148453160679218338846286879384511286281630261515146678128463409087560403165019277986737222158214290866817025918864346325082781313093697e-15
5.91244781994619108240737319759875510976056830852585958842622121564095867344068474747768392544886210578092981364539471424375315237933869351935611134796692040181041722121139471283170135973133602804530490732008904625055718278903370666551996850757330234203029408811264911901640979201588283977417420234384331003273e-15
-3.64278303337706982079284035430673022795164424823504704600367491271787079337207792664743189871261548686773979862076113703075349091969946663256556191592603444131779674993170979589931783383737158028125698391413055927055875706931605434834778787944657963128610031004275984030630836371199370368190028346598839896833e-15
1.26598344040739211105086955970751744045705413368480007251268919243100829331042947136021921648797713728193518978879605146262802013979206737369333379137316973090539593884332015201939119082107301060339263255999658515203689357860375580876582242531950014156606032526961827062660633027596371699435558894981293968617e-15
