19 1
2.54488437884022693799990459329166022447708155035553453648817511168564804164783465732980617178203395732454917609999203300138631610266096834548803280285483279565648209714074442776207877463677889739337784719172347087451281050516637381565351512796932023072985386207009573757447411690267429795382248161511166524292e-15
-3.85351982767604085739389182493963207388086777373843169557039147418697640469983437129161091578556424866506288540078625094551695551982488662492501592413923717170193006187852092453497536462223456805275021862564813839015188005641271001728412193285187311822745080306346986070791793443194574400618625697520473912287e-15
2.35600513752929242925998755815552017193967976879060730469804586444207918018538286896091460343402730053781598587820681574513121424515062562884664862305867087445186438484161430922345150556008328216510136006109712226849241958265201060005932479741150186179611577272757642513824118622716444272733164818312937183491e-15
-2.01272555366711431979159990453954375796642047023155039830112933063129022747684830346658306067266707860565289535054845763378246232625486875927071374736784501571335460639450065892117788855808724389994435163932807583495809025673684085175431526055045322097663281639657917928080381801484079878837726867576848895344e-15
1.93189506044063530126997965265842800212962442717625347056891557144072079182552406544674626373854497740911423648502840767648573616610184502412013707252148256971957109248633672807000438772539647586489212703771893445973469525307070989365386544257153560413545638639172147096006941245055097061612599661213325569297e-15
-1.99364137303569537872471301803946378755377718766061852705098540996636878754673716464257296241529655299593204157057403305695296148601867309981660078218752625293144618336105883737590031254264974151381066482453007700110393091027089903133254214732146759575643173776458651408192075408505434052206845631195152441061e-15
2.1702294746183224449737180585928422522865082908171408766564477170213124622159941346393971454088829297770447414649846788299666293205155241771370238438542494753454652965799680779525375635660673908744235400307119241170811121064002725764864017246018964605927729171646531881676344283495835638091609937087623268269e-15
-2.46240255448084580215207859697605171188248975799626880134126687736489070365231453238079751484263446228549630195967679045847977959046704982831688487228014520696614052184370608956781168376095157493734427762446058377535760964210002342166394268189775967749026703472962382795501548071710992622067666898823465234975e-15
2.88376946072791881432232725132797372389544438209881534894392147704172524532080155582891887340668818270288357573018744106395802570703991308723959106469481744484072165058927748113648080449291131669244709149687168547239804786954678105011174491967805101431903097698315640885679692739675905389956395426675414538251e-15
-3.452689110934150844171797263360162581668734235004347729772255903098364878042038920566010614667685204532062773819496456554030023915796826258205130608280842132714351227761863010561387015101086484174820886088205595170729473580478536930803924627038673161334856049047027555663026870897560455906009104663521652482e-15
4.18206241750051023991141968552220220136905283785026354411245884855836484613015164503463928102673624022148480869326833984087362352128153872045636352147077270641758852381346547829489910347009987967032172619475991484506049462705960998001515956249818006665036082056702852379125267891147244756591352244342748496359e-15
-5.0613708834160514453643606864182055717895363757748087207193114609785221520318755028993705102548752313567508642623515305422572950058339610568077716759232044381199399119568344178914022379162943935083085454920892353319744839459076597368538327132984733691905297951988051507775098103470535054212279267974922281746e-15
6.02655914578310945307658019777620940472776762123688672473036667485212383356141179626350400604443157538656176903158431505038604556813460001463909258017204985895907106044436631554953179835181622889172504228710655992487258988760128783651187103294170482268050741633704585458601053915088692326590947629864521345684e-15
-6.9187150889753319987704657549727953744805949936832982804336222803697100688790483703907394350248341728000271443332979007218100918193259694247903197876783355975312644884341053856622955193754752748521977460719603127526136168620670716711252969519621057093486404330580765669390004014772231783859042982274087091326e-15
7.44950163115580676014335282687895947259698993359335685262157736586180153597992710756260436255444694288048321975086971901963359148899623032542699395692548058938529189194469084332406332569427736823509835803297891692700560417795052048014614333986386573868742983067865862012953710631876440274402832002537730197542e-15
-7.22592647235116576682770296863294892996505699866683886333096669385081349191783123990672380657086540203369365431377589206437515964270914553177737600256037906865927115645330058256115888589868768322678913332469366781795810695629382037393633474457078073766526100927844328465217724734920753448000905053514284160038e-15
5.92317310082324809258843548987355081165294960323127867247994828816417291513521264698469929532171158010502166505867075890066367613845693770322701204896552172318459020268610588463195083281810497334676289402741487947374750629966229129549939272088892616329604976486565232648606377252939250620940510217981706257761e-15
-3.64938986979002590064203121818619616478484567081322262785574860500679403619387389789278154026622972151450380575402182428767256149647113726332071424520772447953146617734981878148262783417633861537369290402538295625166088799650130098968540773061746187164256272519351713412816454246955546130739085071809126848787e-15
1.26827907181407838485246882874678748285010188602308263200997118420759656134063114787645540127980407116858194768777806810577227470988511892318477070300723046192161847820037041206633798990561080672040190884938486852603094001566628400379100221375106463080440304992245359613271537774853324459547148678485746474814e-15
