19 1
2.54540279444581016685382833946875775780174545901383251352114374539890127339932720648418290113718182609126607276858620824211174010106693826032331371607323553892351172507647551852536968158103593792329504209317477800489877973470154301307244724573687412899078981378347647947237477651006280113068290646539308228947e-15
-3.85430482152061331703037735322351513651501678853099197179421302429296455075710300182141204341281914772184379353401916707557595632077660050947770513699017418737040877226302203450141535805097172515034513644505721339171658782670614185112541670709768922138399215270790676137208956292569993535484154125140909943436e-15
2.35648506775340358411766811578871958767687027949126038649334269320638654511787584782128624341558441417484011543223080769461802889975583046764531534526724475891413049664132305621160427839176625869693916958600629872548538808556001856838410451705088344810132669468403344888002830962534384272763806005410022481292e-15
-2.01313554456383265161457891205623905031056273387798899663541251079867199956788495934368840865600388333572971059275847758026723380409530770772683040819982411791448870331084657428504461911997881832645228054227747895385585477691666620777290962998462641310610841127983745285235661053678610753984432443045685958426e-15
1.93228857023097913753886599246579054457079484085101600352075799798476667015802826765306677714283057812860257224285056546944258655586936214253878490926979610858067847454565386189299329125148509850709409006885503367699418906364376304753882987433923833806978537617866812114789141817349691005807027648096408105136e-15
-1.99404743842459120820251007968550010672678937140329414228377965633096544056746842273878105830826036503619283624484015043773325035201832135610550272027964149236591856147325988103138125201342484311689176431282300956437185451264079384281626883637812380870776176918904984303766158400289965450682224487175455148896e-15
2.17067147850548977603071214838326716771353753877724303853648111405886564961476177074348980434579208728686197409227657100553737594371630108105385407261766267416764859274735613567247173461264289071109399728688706036869729694752391820546865738088445664772469933289582840496643590854430098842993304727612964090362e-15
-2.46290402516237531802867905120832530629551237489531056695779066245079704915763993377552567197857619282615901794704429768059564269005199584229385577534579089701002982662158181425944206431546201144440920852765218712263246144289353834797222327917057219634078773450431274112353122927651191067626027440265059119499e-15
2.88435668995304455310833382439241240597641172661054500794644175190441121342853259830017799493619255733354089790998881475503931736842974667766548083329887214529002450571215374699223478951821692513677965483470472334310925444489073764409602746237870121451731683706671097004663249050281277198366034070926631260975e-15
-3.45339211816418105311952437221165268012493584023282106918879549645058832246980879125204566991838054596105575367634309226741590000992937459826449759209159419015826134589656208520180851106134011083232524294368922881426303971365743357614760392979558559737268200724078133622224600401789096805136530289245001497537e-15
4.18291383502054968359778363029959983980699282903870886448043300528453816624162938062359421117301437269634026686006366860400302813181814258974565967053884235875507573360346401939605881596346623403635497032622132524433025684975923219816887568282710399992188335186044978381930723482660900277584290410178225128531e-15
-5.06240118543454743933260598456487256422671416709998467798186766204037563902555774068295717454256762275734711755120179141349942933224307691230908646497002779485153645594382715943447307818284895951457866247170484796428864526483264824719238363970424444914164906452038840449118841544480355807216631299424892215521e-15
6.02778575065489858143509589927334144389361949892864130288579169875284045227563437923848968750964679644889817460041261527255670851340656799740439644209666029648508577762056955045860869055825598740316196591410932236266995863686815590400868739042880613089640153371461391904469957137875282092282518492004701317165e-15
-6.92012306136326057987858276555525306232332984331735767152289555611292517763963392171305912178831617787847217858422424729767064129170373444226448890287616902941068097535429002143333302031327559283468068028621296263765251947682995542908164208772572230373410058965909736290513149636134024676722932442968667686183e-15
7.4510173682937592932266185632481607740351754786837015240768900964287326874386665563118495627332181517231958579767614833858529652396031974283807477173843716694463205025712680515211858207910006381890023712745244297972401994062681328744011880289717649896390439797423953640864912314020242689271294639466617460732e-15
-7.22739645679944658943220948600324787869996502721993047935328875266996443488850547832497727066705909945377958740571080042954650255342076770233962461754827201362859427819719689963190672706395270850992480166823684073910146295601204231940075026180977558962111566454434274757246245770962549662066202107890626583585e-15
5.92437783353403698428345159079818526252702583404815006122798908986388473273787877212097716273603376786152347969274051955645144574992260651804723288740475126727127510958611276981527429666996176104443360253287328647582068370574408839032545546036449701298731180901194224073068920562869423990547326375697100835288e-15
-3.65013197957379052180148373077050305898353396603877166778721292061523304311709522774782601058770499052848101574073772878029647730969088089376250210438333296314857725793402783173165734206517208289582227858973304187799038692155161222646501159727638569036803423470496182503231043511674614296362939695121770837001e-15
1.26853692284766247840361946175642643707061777680175070460574784862338881772709741574064554710845069337100346678873918143957114121061067619336662843167567473559595645552252499889682843900371480473439884512016044180470377944242139628306837144126752897109126135500129472043791380942270232355366947656641308504582e-15
