19 1
2.54398585993047730758810712381716460563240618265429297536492688146559787893990779996253505359155831969762962246160078739599432454409437074544221160143574920302842036730996217116905541714883995437099002755482975286032419989314068521739411631265858851239654007190195245443449262753240580023633565208065571447792e-15
-3.85215927427560981371607767012116799423023778317117078237103814097087406109618668423640765117409669292673099566329170548717069633028185326763274186360234256398881145472559162879037246833623682556867639088072828270738763294874141444418345318688928280575261361823790942747755441664092222922368722650642542114168e-15
2.35517331942128422211361218525244469759083158853431681083375335705244203656338014934017768072059514372954560458097378710437470247164911239279099717086600544626203402889277706200147629157554399310805987387136969704791560561526194024368840443302743500654470280608496636240536520328969051025445432573381623951527e-15
-2.01201495210978269990183588294373585008626600612801153068229551952411663681101172481424311251217528440720157825596443615910422313236692891031428751642428042641341599430456755386709303611216949808374142969288935594422562447830110541520535641155575695506216416828088662407578838768248235982869660731051751193348e-15
1.93121302035917463008834857661442291046966291226105027075401977784084639377761474959111721538256742079563574253041280941683809429207731649015816204351638425879594807826781505957056431337742568173492732969258271170371780087310682416239617113639548238526445398272476850109094810600712347867059118947813590085837e-15
-1.99293756618871870520210722634250605214069460092693735869933353568774612961325348776674320574326968682494994777599355250359668341605272023020677627598109529286808265585309895732115766714957672645952230111325367002196913609845225723251683199954527216584754007075580059509381332202436332475851773150172197608996e-15
2.16946337101691233894482034372315338422464859417990922650855960340044625595455809439189908827464933717290230559559966298373715261128390626640215306942909402164282284877774612250327647991148797673670344865569923703909949979806055222109710078312721399618063984823466322381677291950242724694567074148635804672056e-15
-2.4615333707121746639387381650471079630118417090396603109761003348757936563684576950507435371959524795999356568249546701140871368029483073385335020866987561117909966783883627134384965975394009268866995401447404146925208586127129037234407658750065051514793275023917523912298457249473706269965719367634752612713e-15
2.88275162167194576441229488525256770410820700665784087741840926892216693139094775513465758174064493291775682952646826219421994075623631685574829920809542636321686507337802187383018829378462746635021601617075064212813183796676455733170232408543709458421902982712103798353972149449690915541959358702564253005376e-15
-3.45147057770829323456110563490298561670904943772108958952224056945435415640714522751790979862559701781302299349912991276390010730521812156873471482411345422910451497284136181584891845160963138213687450101086054908488826853735331463733120271561937908440738212502789727274607843849072502383659663632170208386888e-15
4.18058661906411183242275313542084849816839538631422894866432920216051406985825847994555763951520889577291555528560673405962959464925794069247198025758930029147511073642197460940996685491851193044521247211665657737359534104609040152331358561483388488086766057253059336281845662687636658977794189082133350155863e-15
-5.05958498546656410569805579556572693405655686480771370578599211811816965113207075922242580126990388206260460374481034087194318936348506398564142874728192345551452433300993267439133696679055520294112783360885804344071574610433973720799111354952854911019174530099651310203919222128304315978203518459813852751843e-15
6.02443294073906902148546942517489479013629515475566416564180315826716816800398601710104399747250033616481348994896938477753122847318388552771275043200561133962801111517118791189102532253983672935385454467037072705581626563079225783764660179921045352113064333035547781533742000683570364698526804540340244952461e-15
-6.91627444903364478412070345675565661694002164719328295530344895336620863489139234338405373415551637445637557462683887282707063159684606853001925628682954731992015913655432780104028286840906365386151116982707324890876726386153535453112740117565605364166951285750138132772574636446851420960042859876920539151169e-15
7.44687412747383415835322038119199682180821475932430951478413253416345641643962080755623945615191038229609175322641531875735936743296924855398822234410123961758907098244214606621477289847232466247474746307528175171234179533877495116716039520154654892271261187637510051102782637255960849245475726088274635938686e-15
-7.22337821787830515237572974064289435785311183523426309601831477449758634342108528509077778489100613843571044467935320132942746615136607240495237060990856982211384479483900401773500955175768864210612437552029461845489154953915020003592117273064217066639241890524865007469573767189164179705510992583767144883026e-15
5.92108461217085530647604144103813006866204640245245096415891200687560333740736345572983450306670536193105450793131986653667123773964108184558026741581565067991576776791406115556311657907173168421934174226903200687806300697958396013530974761938770164283005795611119822494311045470676534548852983953606139282928e-15
-3.64810333454869140587895124808514287620017401806991096953057787008597937405975827130009756154891341205139256633359151045187075467320250377838366151406126457141395099438804367500100366994390171717598842024349478198454897709540715237635785510047770290655587701325689096759378163432492747591638074762906722520827e-15
1.26783204325489834830860435428118041384590983729898398640475275604142468514412284926560058589756989121145892482558140515474615699072493155362257227735729903952305114809531745415301094627623816795794321590593686336893977810466544550500217137628330879769379992027577396516630743649345833274199903020027717597037e-15
