19 1
1.96533982718271715140044454426414932000049601759734530924732234081507189331005694030088416222589080863442776358689986249937452540027252319758951862695729234533184469829102998684682598543055408827213642191416343281600057755841138294530087382090096675810235128602125014768137150542183689428141646284172641305404e-15
-2.97599105767986935307841810499663761336610731476663176891313425864863103808524898895800259879955823429050315905586639485302314365252581417108648565449448566545881456117019599950695509457119462467241408002455541265181238655513291485549174620144697577601344382427799024743799697443658912105898052118140588955925e-15
1.81958514120020569128378825264582482016289140776935670334102194493626961700521982296769429906933563009688214516005707951040951117457840616050778062741481960598381383739255518807414421971921904743324208898830377143548261986136788290537831842250905401103862080304286474325753035200835049569320381956737277949506e-15
-1.55460670452526805980619707406439701458537579137221858559428480928562314969748709572734334043326753412035308436617808451492093039461067923109029556282914005078797681897376788612358180669336710148312712410134451098572261363459418526164633546265684929132186300009496629119670378072886568842654136724197734570939e-15
1.49237183200975260158249893416193200236478858542491841060525741096404695303976031940919604481077431880574441963604570512839142596255990585656081200476728476929388319038383862305832617268441441690807421176338888238279224512624363725298941613555329508105451739899822398656290647547036855001565229579226031904207e-15
-1.54033718563322214888634610871178141164773784959620133198581823169947598740690055022927141129073685970318658435494599753652071130552258712306468864454246314440718604588579052304224333677344617654899880798487253270480606949941009255484538508797233720989732481079307795864445646178556700544012988853585184458897e-15
1.67713258216648124953945132485648398849435076593540641946005392420378965714750474204628011529505067334734830615492172008796042415879420128989424781270389409334981482772967043242168839238687638924762077665409927141493136434763194223610176044401938684896056554565704793389763513521375354240019711112743022437751e-15
-1.90340631629321518159469372758853722174049927022690694854446395505104210003522563335445152773835335867564462516923098926920403552368043534189208923914352372253422743493346466980011959612922452794182043638714407936512168233756008141249372252188901006115739068765539156468927886681790603125749894137240576713035e-15
2.22977713855850952618443024553869218175492570361892675618746651896644210640342146619810702529944553746432891581690456884045677955320806698873094622243061324758825087823067547759486781032306020568191383313363875629781265438248215618467659390794243100199272113557616335805397261583625384701725169925775817608833e-15
-2.67057409386708122633880095311283717495315705637929438224914247977620173120054926629394836586478999755440591604577348834974592840363793987970689293541842885409332901341523695353015637066110442622712604452235597281039217743677075667881444051528696581537807053126620978288495897563504616356375823503381454538388e-15
3.23594918116114497369642756960253710963416825381684761437263781774792929120000823135663264961246524904221485906058369959953901244272479573876951747703388588633828399343394250055277253345212139582380157593865608454263604034731084507083866248392098974306909376447894875140822629488585119678123998912884067706872e-15
-3.9179706741002979462562296144254081999739316387799458572931517808563956760008637051145069954146532362367713282752723997677070769427077075516272747570059002950664501368797568090111676250907700055265819857453024009078305986432960025882804242189041298574812294865543675303853249566487824934716497548952364527534e-15
4.66726127061431943883703737606577234434154641772124668867082544871177339256656301201556700150466434928299505724556640712773544424898396159477870591753887287493238295188394030695135267980225397139375702147413011171083374527739353677151697206231730506839595261337547147403683101043293364803507976251496758487072e-15
-5.36087486251695493556435831243838414007346123527195335470481916368717551029808621573724809684749477215243579893878243744950965196454630060611098612260343864157645965742636535672018691587998643083174104520737485778004444044228233910299118412469198291130848761035849216424354238029987317689757071144915658544988e-15
5.77527762305788453120918427932515376149695648929016148378345132418391245329767359614868542690422560919546609104132004484941657993751561187611834150739446860313493675058487655572565633059597179036990986016374546198049586405518817258208785698484204836945415151012524744504174207834972022882524469809571650083302e-15
-5.6052182853295111090852085090131481045889296589427536463766147013571814032604954053361317930139814102794304651642173336256225138914585828720203297232289532688450134991068391343811601671440088691263934209275036234329855594466594534348334955435570789899683468149501520596080865173868792315916930125520766813521e-15
4.59753155143443887153853286397608271923166938754038523380387395739921568944154427269193121290780337423269294722210136067507892925270620558204834313391025480762949684390645915972548016575571970384912090711463520362530455713422633464210473632411700749966781905478007602373299515903014040499365466353173559937108e-15
-2.83452211415348583995023243195517906785597976844247712287351481985539792899716952876543748837567949346364352152879034635288311138368562879243167196779110112385957621021350156780281421841504882047856282094814126265057907360484040636974801182610613454503231307888912876842796416014782004078119459006897104894108e-15
9.85783940078039620041969122231815481762106539491340477917908363041836147962756596540111085546177565325772912918190804814001475994916370826811870220551746389105555772885946513898826749499526737512817443516230805207113999485794605036283381212911365850585889952105127010977520607210286268913767974958965570626079e-16
