19 1
2.54314116658806658105231842237652589754414581043102287838417069288640992172005354183710181998451399728455974618346943465642006105473988009177780380508259144703966364602087731180527079702118517011483958723641627544087117345663590162765946810823076345400722814814295745632615164752902321739045049760586447145452e-15
-3.8508802247802853659704205138463942629293528401458865859867466346502633596447099398386923419860359367412978707221094212441213379891903956309193109041564214127408417327269003127371816282702872288790328349779521272553673270179185651594204052554319005558975475996800655137739058468681526446892292093033138107252e-15
2.3543913321696029122196788911962917525496082835846289631086985698154786529551138893711495539419618778828583857708362226077669201388721766577592806254882406354448492140728127544698085454407884881328225900136986748158175383849823508094601896869681332449425947099890824024199156081425608804735491483487644096413e-15
-2.01134692107816323122569914496074776644387489770944742793625702089704614663709724184025590645431478374401508870779558215451963740629871509987214088914161339623505159977528274154693734395496953754108168818901999812956992901422940829561691178841414067613839566020594819649220569483308647430428510354798873318123e-15
1.93057184150048430516548777932785628161706505218884409639522892324460170930340867076876292697647420477482625860307436563322329888921795330548482579306416332372201207346343657930736563408503743747002218687697733263781417342541043191963826842994363968481374738046986512066876231224816594951267976784937939182189e-15
-1.99227592697987357141642940578424711723969509741631445220033699861321832355429066030347025379063747521103542192025265474576862923642766125925745624373289720900236113573831356166958665191338703640713796518152667150166108762857704888061904472793409153122498962229664937247908350529537241376561743412974492665985e-15
2.16874317065606899888853181793273621124289785604683150723829774025221485794403533206297527628306927307171007700006907621203134563728987798093056406974951834970898627119995505554667368901077779602437094444573245679988417956308803503101854859393474659601843503515741426277170595807409378801933667622053386389918e-15
-2.46071627081149497966292302246452152494657056272015423845246851460715202064954385683712344850053728652422634119901292268724819990179869967776329012098262536798335726074996211244786008662860438733305559062933781051314714293056123500157953551845260334143232068915807370979306354685763005830701244803935394527945e-15
2.88179478014481021956954061941699318394795090212464331810144244845744124573993890246481687568246087693078911508835167115547786288636622803166960806948162509177549836996489983538182854483125061132584846979018194784187057956995502919152289911472074467804251528261558238553247418741433354012661506816355125038637e-15
-3.45032507724726714162156314545875510245124916765255212941965090438888613926432122874632164534935321522435117265254103189546726325666142277098633546501065290629462549809489928756356656212646391218612296345902372705968417103999640622410617732250916880480136348068640554472518811950256893888098304085562696750066e-15
4.17919928336634621677490972641859084531479661724211549059165662133740706676694912191846251259303185216466746471151620761833061196554459634391384439729123106453098540766307300189797704721646356785298521681896820656294258520250485002662864904972892121687950007365918770619553835320905375245100280174627269075542e-15
-5.05790615280100388541266383795179607355224188979710633608716182260982144907415116533493523917504203838898438285119766669064823053451039488959246742862081044147258551199877462998119924296892277847526294485681293235031382792558389307431205781570668160413873577338029584992291407080305473638113683537535097462264e-15
6.02243422143615878969074413873241130396593158541395197916821609896652215278957054050533449984259428942087617912754424956019396364279977365400848146363673117916617131200176747730450205783356967203068409360942318482404384902615463712717846109065027612444290604500150343679241490230768052009040642709624028597216e-15
-6.91398017177235520824285933722417523664100443392524054008472579997891617595235607524028601173576231078941857813254342688907177841080760270754611220162276876155081017980149891086116774232682504296787403967231219922802096607373163943358261217257702006290517416106973969728266285460254701091540712705719239086002e-15
7.44440422004324068819801342981707053927088069089528694608679529125485825887870322660394478668471886931191162686355188812928225585765741893242592309052433619125130586525639551062291623365805970022665549187765171294045228666274150147332877687890347947216440979184979886618958496159771737857703582699983662047586e-15
-7.22098283507054908106358773090265658897911539161014050169095174709158533991256132182666352591722837494181172024040837271966936362314683045676019291416741564121682055318911086159269580374568758134152636567611836115786073314564263331977417394682460761504539625212673644930733338290552891403223040693104924754397e-15
5.91912143870812459582239468425352442954997066983648784844592626872820868203817190201283005866285945809145368138538676405853095293573267414747466462044096659251133623920095885769292844270628399704000608274105216944511303243183564153130536928446463736158164692188541938482971861753916580939921632729072619287203e-15
-3.64689401159585664560967766416708790083902512727414282630225228155850286931174772486409929649763426123024807568238380213978282435888777502470098536944347594422302420619163036413156448506618196269860826996521843129540967348006121871231508232682980225618472209636690638429338013123896381107332992647180557112063e-15
1.26741184952884425986619653669469423827264347718056064270265489546616591177561831339883344276125239208178758982254003139013349648828593742794936523074252471486557157069807661552505952882507377610052357093246204770294213825064482922954174094237203542305482155712319124589579999659424919254331527217414264424969e-15
