19 1
2.54824571531933335238573917178498293798538550367324290370576581023096343615746201696374950828207835472465355373605804431091725863373311377726677144044996413404698613745985921917612865142389310101207469233971733596935424030708308364035284331633132329072937153060473161781479317241050135319374675715470143077978e-15
-3.85860962278310887725266310342193425636507419660076916646141955178253557230562776905052550896756499345172883478167261760728730484186118140602031873890252328925979656114690345015203710528452053731204983472986270939821519648778402248669931948100244750052302361796525870081816587449911226631036251079179607948701e-15
2.35911694544230518364842924992158837735957558732092986238815510959195090734028926461214806754254026810272014356576613761287393680919602190101008167654658641941622483546122924345252818388036103874016669201933410355876625293500291060212239572594070265644451566756379473968191328629465466477619040659851453546553e-15
-2.0153838906312918520310800509834041398043826821440251293759096193756265124017757684078379161633158536427302240499364206028788459604541220134073778521875019517642468471688101474399700151445890390158796069389639521824293328711640446588840697737476626592031690229229644508812763997957901619579744724171306161882e-15
1.93444654532437155131392045111640894648511880217299102322503204651371134456235892633440000510245271304676916984531610024851784597339192085901935484669586134239012335391342626884501972039714242262645888912029182507978673424280674698992550291816617692424473064767520975228178754349523665431158573952052958679535e-15
-1.99627428039568784889690515077412465495354643090650823043336527518549297058055123457693408845463758932845547439296349257669233200268571821486469719562457291713912022052170068493985389065586397283610794142418277275155410350794462933240542171899754401433993708221972176850384838624877409168428604889302655947678e-15
2.17309542287896845441112055012204382126590812620997050051060096935583641283921346254378825879542372009464904253604513190520423593287299148278575625890527411164723594183850321868098035645320098224578235856917495047795394529934535127809384620395131737153212960587077286277744023749169308637999742991630630687566e-15
-2.46565410841497717708950565649916891005098834552013073922751291002130730588796663314341116248479231884689985952944482128324680370791388121895628150931740817594379858164256630583002038039278706982447510564065988817374590149172735859104243267201849130278139095908370699845040815265937986336522227528026909140472e-15
2.88757710826635324785662800180148525149713637511591475457418349537979172573898846174224492639529439417333029479162973824913065969736696235934606639235921830479128050612609265772477031982410480632010938832100140594808514857813668886045725376597506552627292294372381361509333212526430123725284074036975368986362e-15
-3.45724751732423652653971615005447449873475753805049819927715481991320980186620413981441756809211439525172513722545622349377356062086272938486562582396574018969495559202472045721659869975699718143761852416322569000415000374322191048381719571447184139771492391036707860672691172572498932406505199030240569053681e-15
4.18758319835802142255378441089709681217351978064360221680123046805911029335436725744232655397903742486962963786924436772140887598494810091559238558287412499622861727992976652802412282038047550510757023378792894377521069435912752773471464269715445216816936796820788861694939022406381597952122215674336262016791e-15
-5.06805167094921868764274778587941841309701026783733232649964807531779686508380009508826845173010687500155539749691386817698254556730687362811384907250523333272425937796813476075032105606808742658208346251442831577902302400931178701583369685138772271470273708921575923060891372330191625390456762889922591922425e-15
6.03451292416303653451552544292480247734614954080658738443070902334254794553210690725803219883484661308617016694078452381480593663168343552449594098279547182733240088545800860400616878202251463348248574246919506836236511269898284771573722516552752921571706647830495039114832243144665863861102939187477024782459e-15
-6.92784505449149009690674200895429510760909099091384336891920328210176798107333484850238225571411021921381041487752668304281631059930294876138917026699935737182362310725946240215530089704640506151209970035151877433136478924478853084005600703827082068359224210345193150348957387764275420396463534176678816309448e-15
7.45933054658008505963657389218219849473929923346367313986235545757156413126164124535002788493904298429618586500210180783170008567129846148742777867798752033799885363822783138937729729231795073693084482748194340633976754028054292796094559193474278718473400180566485428769122788973812389006339692361889734829983e-15
-7.23545885927961412340358395672416844085909398049521643081000612715002518293215744847742414505132141727385520666931539005079340105951099997875346704139199972875685502385952289835870225952367386940149571644100249528409644535183016246034145988844123076196385730267283222951137650828288355873956786984842071473615e-15
5.93098555260627329218751181780335210624096780824786529579017506053572761281838504883393783875906472148890798251141651209087248833861781235011267733744874884539622799056300470815632774899421946575562506182458494923592233552495001721168302263650476676036131162534091239545213147971177964497307002597154087418784e-15
-3.65420239524939189240466013554774991409277955095975926431145780680754248469191088777349830299028574880233971269054904917857626446879778652084176646668167866475798991369077576788250033448770393236144532336327453866107358778138249060575710095011368879771399576631880657329722284790116938009955101654624447176038e-15
1.2699512498138753003884828627235552930769751982104321430089272733118501139952273631750937338459419788183516779777991533650636775326018491534949557505948341219039435742793289445649356662714629766400013213429416633044544960844514190434574950351027351355376018618906404461947661706049434104620227719812052347388e-15
