19 1
2.54991973572458750528953429654097542215125762291410116373356123083032104320445189897577179692214309721362041437243541429579553424246316908797237577277394290730583043470205961775040290072739665914935997169363526926198832779573806204797324368238827497054196559918065804993876386999739702241126391370038624546308e-15
-3.86114445422626554736383089524758649643220563812990604907861737060535565561686254505640096564801359749146920526094245169620118710928339937181315648751044269545874894824525006739907296684214501294963003426060437830769716537537508115214576499898789833395191899433031557201960047499770855609163987778601096463539e-15
2.36066669564492853970138253936679413641935825636631959396509716950048805203381516074621568683202020810658795151215304212993804578501174792920900442391071299291190114527099023455450347561242328889391082539127851355284619215237735899577570703678108939393126231984853664888511775231504712137243676163313310653248e-15
-2.01670780286258288835237259125805420633135708241446258673066412433645190304408834637142122007068769240411095857820666928726112912907334837520908453971581979335183078614918182552814561444510431156763275181033352884507160079834897737313550893397002685359424396245137199008545185544064383293517461226566729485605e-15
1.93571724381950013743719140790087391770879407202592587720066388279195433623588528289492750454312933279640631832002540335680141580085544308007566017931998670323113769431365327712357462180778469290137959278310016553586934935658364154136448807693946305822013806570333064804221286890282539595432141764348969774046e-15
-1.99758553055569679065604401769685522683237044036224819880146028852787016769878569552788532146619459316854106479860189909373417392553815935872468226205459206874683390086341171209379833745072381898700031303957645119856979693893534340035472689834832359701514984461544409231319389333451330451857510622762808439273e-15
2.17452273478808892446804481587860638882235278650306563964717208614879634187463370711165104550666309985641992324349735973801497465989281357497248902504761123232264193763093484986357784074537938627056165594469933977757984256225737952597422642630322779701994070219209788355529227158715792560923824932568387682042e-15
-2.46727346384595125154610467785034087666197896178385286797702822549249872194587425640420660882620360763769311715044046069105919565938255174085473209972110362380413498773268114127303345689569901190461144701181510330783857805390445868441006697282398280286498565035548398429916755276877701758219975533853922641919e-15
2.88947341568925781299979293461875360914872137660448216995266489912436914658968753030488370714817017465348346915249306243755955111679985813481344819164890694786763854393618022287890848041349719314996289678717152810415387911518437917138700965018728356652965745996950335962202423306406164283794458032871176661274e-15
-3.4595177268337054463405276479641730403923078873783593057690561711071398312345409617561457396090950961375614389937536262696251295923487715290744057148082209837888874283122728274673186291711321261134136162401517112368404315379750919152004722873174938607863774558835179877879113888449757005062317527046299831431e-15
4.19033270268809204575498990292255746975197655104776024673037182200609534383141264503534082566323164904416164022240121733770068218385268055759675276489700114394051329215719486910505820879281580649295714853081310577733768921810009523133450420015265528638681814375608357953979098629829833566441858717121344060788e-15
-5.07137889977442792199790529870808184159499986122644589584596874516127908623014587514005043566316343012785500386263448952348856724929566134234911167685707075147697537547055502788994219989045004360682073139413565730788767396139456507717845317319761250036319570166388779938917090342131120587219549107537214583171e-15
6.03847415101467126449203621840709607922856046324415055370587033007737415753026406637440706206340339858590717061164754923136686157433542075957956002263773930184859437009705782840267650822073982448401520184457958151203740843525614698809307058480664934914945541344619673468892086269370841843864218074499941853381e-15
-6.93239207269929813258717303574587109272088994493787173162451932251066216848228460157615426496703016884199904002722467783832106521388366583804386301652698446329275302488036967296714116685330329512778043292276011888039941585761105812297623466815279922252098115340481864183297377890438488427270002057929817219359e-15
7.46422568064652313830791700908532918012041020444557807196576152865436472217906662208181183609663316818444005990518020712422756205392641587545333404094618108952420271659892923216825459118847402992133571354683456204214583561231657014299251286345115014751513845242365055214999295314051327186147958705849447808093e-15
-7.24020632896748130403089994012332264717393204986334306650148164438170453598034651852055144815177173145250025042323843731297768206955333178726402305637744138221341800050687038686238345647638848177997991067088753441211936883619033107110891975028664533513594352493037983097867345533633411134584769693720485698639e-15
5.93487644788910491445799977320894292566393370729519245622671377047763129747219013948630962925383620017482101272642297515074703952795759964483924944304724479396486561340603259693755574354928654562193329794797067364989402372719674342008865997308949438529155470448012555327854901245366821838069234047122177259611e-15
-3.65659922395046444788335206641734220135013609946581048878664216764357187732032519605744262895331347901112207875093789890914414257259097739094128052313721308009919594228678905109979339079764452662559419290765049216176412912342477582477654649778076380349765917421369205760492022478414669265442118784198388192828e-15
1.27078406442331674514766761950491705989045038669579479369526809588255688682251802149299024620150464060501180691447987602367436503106400639741096654759017706162881722806205755752565351927125716761451209812538401159151744095807756113103054279350564860357094479055559628902637910357653343822996214423987130057428e-15
