19 1
2.5513230045928329073906019966342272451826093374256564746963783887920936063181232873147630244054730382462043420939725737596759121303137682111533325977360342827488831473686117124599648900535315112949696210361085223650042836894503323656952183149512996461783167489337981728177631997975362761715313261794599356923e-15
-3.86326930901102588084005658558359267446066732253053505740937007919100926496218352089476775460320169063713095732448333770273063545474887458400931818608976535189224140871932449201472100486857671367294737544409507036650124929642374448723329720594814996347219497932422792330576127836778072220113414200603891147469e-15
2.36196579391385650418524340566186306285163518493145440163201190439476433347285717797871457556650389585208764758217809889304107852494654425649153722263031641627324839724266110358109616344836570238942498690309318669644918280818149715239044419877540949906035917087676798263351259894112865938097438100290808929805e-15
-2.01781759012464542595245170667981778235677291190943291494594759777679805748176841548263587098264349823952128234393276084801086943420633752652542572235226939068697324450623058199214081767100554600146864142578560980350494373202149038900157804720774590167990259402938459409779740916313154563070586764413306354074e-15
1.93678242479705985001674232344578461810262891968502811045940662817427586296650587012085680065078879188542241629916479896393738599363795057886468992993954352835388183830858402588773261887234735147180373265127386069757041353258676015532341971292254063530819475188828710688936452501440890356565049921416583394624e-15
-1.99868470568225154808902092896234518151350723496987311623182703485838677655786847631830162742893602509236090808701139924395994133288516372337077855622007601572450082567820586865127493502562375719824783429969255951556347549681590855649526557993790745330078883051334279681089302693260027547357437232566576290981e-15
2.17571920195435187639868008701568259243204683244159377732003179137411026930861618775185612206659432847701467728020867987210867473813285285976229324041603848830469628129460680115551182984788598545832010200876964659922417974596636112991753412266033378715037790211193377723439597797726552852265675972569609327014e-15
-2.46863091665916866549104040224298775559003045989064723639365795525845446662167176714810550054891322009867695550495642867463333385871079522309801467979966582732052967518244639315497320782042567251358525842935237173059095939578027046231300276894285940664432652428425105292671867812943934001088025771131573315913e-15
2.89106303113964577339588248419231849875817903615063604748378594978669602699922390493631853529651412169217462109458938910082860444604026095958058938712213856001123518660563864068108687939395119347042447619640573947843846217092286025647250930209040688130681440311404916413166193323920248905555977173696687687876e-15
-3.46142077660037860868986321242996670858365597799653938768152628759001602576956256563850118031332618862527782025364472423842540856831748003872698484870712310875594912297814537962139836079906196100523512996385518199564860946337130022035529244140778764854786969670456177822331989293992524678919860993812377818236e-15
4.19263753640527653884942266081750540795402869262730641753338491163172271421150582909716813893341186320924964809845176773445273885481014249487415637181169606267654262978114636508606747885254347788745603789826860065237885147210907107396702285780983939560913732601452215604747927577643310951792387718935251828512e-15
-5.07416803101708530557551679268092313666881780471417625007644263598916112356839565302076056864926116211224625889319966763825100560174947898334696218141409836831965749610582945837144356641643520536668503863155350759479076691589122461964455828675178703485531967432351806388960308140726488783301354163286732069231e-15
6.04179475581694730122440783429164036038328841103275699486625222570825837904077666225084859552679059905680235886948865567546125215986032974158822548869546416854344468545642104820870372157403176744511742792363769921371539806728519212988840044406837020575930772895927635983336220023905802149663284739351000818905e-15
-6.9362037442797413818863114231327075523855851320954526996990782584485728230116669493021833896119879541308584891888856205816004325164539507762788506117523215944890945267748003522957341231562460848988280575287030533897168045286715336950477081704676356422541466886723717721408132200810500945014581062681431648189e-15
7.46832918389712059452411240102602155729150557297991050629673021414574742092354502926164541339599979185702045392055178518011606464215394460284044287155431063618421079946982278694721094228921468865597994040881858341582564618452048909454730572961565052578915781811045037105090604295112505202825181624742474617074e-15
-7.24418606171732177885942227809732576399547079258013359779343236343599374002752370989088773732644407671479521840811184976105860973028097421467657960053114174737826653298145984352805496281998417494399250305378800658686476845913915444563369766932751678059189812322349927661301233378236623447736332936596820020451e-15
5.93813813934152291711964579736529746562615187677012664855723114372014878088917902641652135690538102466096441841820125461418530209604686936950284058499133547111303069556556525233240305171704393523779253771543137136297049136508165551412056311601549609805180639149880125238554046636253743152816254969714010053122e-15
-3.65860846508648063750213621469642801603700142559673188112551688885851129361054379798656784522769223012181242227853690557894736885820018799387860903458041211143722032404739731501380651988936081330451658778188390187675327893909872919807856559634547091444222873398032651009178328524642754474266978075006755164163e-15
1.2714822087908158422723165671391544098626203423046264704962455195169656372566280020458501373315848932131373298530869850198632797921804205936322801728002039268176037370712395832499844455735836474671085305584923228038567220463111615058358988713164274114554375490723824453164431056605246983444315772780574041454e-15
