19 1
2.55598922776497916384342281964004002092652558250158004302037048181329237436029277544934657808685814822403665039563532096612006071641900482176208282561815237843369445347494273285658457791747812247956638639128016784086153104495962547820731732244996211211153584785259357272362064613824596802522080999218729815523e-15
-3.87033498762465202008722081458362556159257142866535735874782983868983881707330630818728011730079516131046599825952040085167131709695346456300878640845214922328653016045926210778409051665187447682209215638675340441903679694650628685993138899050357829364702718500537060244829948252250755100566671217945747401685e-15
2.36628562406672553832048158863528323951053418974834742068902293413534913159458678495847437446946393656843326621493393747391649074579298032397164842637548439166222183281434585194564337097486756211139947353946421378876464261451837266020303706130865849111928796873390224176517351817032170734172488612243288843129e-15
-2.02150791398376403973206409513709644659786030566643143808002141851093428321266802186839465741845880143658712248290666108986962612970657537433276406521779449709374386200731510157113795378371609323895174422858343603442787007850568947489627535647977408310095057080450254459822331421274127976560700809447793682784e-15
1.94032442237432294594159410791980095546901373227588665249564889805163820940750870658490418304178432252156652276892638311802302169713649684845779390908013364643901674101520161424270965455113407520643909845443900104977209732177393802500928788904904229413276827855713599336495456970669978888089068584696349431637e-15
-2.00233974368573341095624283524269481885221217985955837605799456197916359553485581369018796965039965648495555288972429489212351909197048562789151927863408436157554229519828267200396089099824894168360453235404207118028442186055196698307996622470688843919576588774891922521234863948364845245732081205679969017319e-15
2.17969776250078494916793473801896014964115566512489908673618512849713374920351941638098553241200657764610575732301803257085270014687460603911793924589537640744939020349057122099217430453082239461938211215309894729047725832196391521244149590262467905732271336906710174934152615607503941722990814629294511019046e-15
-2.47314479806677090029454996326637399624512087048709165114040453292444881399015078109182600810614651881086571930983447121068918170813991577660789765521094890833128501355397934056716134296713024100394337053943066465444149919591674334150072775421113411327459328031834009922575597600133684829522757894675242428781e-15
2.89634891636820571900453171625984567748688266977406831529999829231169510741485341819739944835347100565533756485775249745056736203141636620517391897890563712140310554750689816812580422932071165739291728437636232906059228620264089216348702665937600320874266335724326530347278626174466543444068445429742211409188e-15
-3.46774891669613960490750161656566748762794008430154407287399545446571106169792508059627551435412496288523415396228425681849806896835196989397757362603065127614269478419898004834806892842584386884547570944771543082900224597052783166646305749128331638978935770920043055287411968237908009169598616368535116721917e-15
4.20030171927446803489645794380983888623902468274973176235164786689982964744088158873319961313671392285592244816121123751135386425691845709286024656562960021429123687509313070630148711273593992112463789964576053347437654976914525990445237878145787049489076150762890631727406643945468060944366886940669410072574e-15
-5.08344263907793074829947792763776581723585086990383279462378714381113768640576722629772310275413249103793514212154697241471082302565744186863237432015697858567233943777023230253317753246179710163987469823455039530582755574422495805232327201005974162146426159707176015460937491370152718400801636064086280059663e-15
6.05283666565945646873296291257364788733972001617393045376368852881515392892118633326286357800468721228799485934096261566868591028617965217978267915719811089843032927173047653683853679010009093535056213583243325350633633807300898384512504113700547589636166321633870086302164860262111884537020144702900780692777e-15
-6.94887859648733918685570953696331575441505919136353077403171189078515128368360009952266354762057450826724633970952798484730090034607696036140682339987086147434458708596442153492026524713056455686677248171140995486386469402616260377031107943724555800257297265372001237471936177707963986813477342543016785183293e-15
7.48197447079756122672593510906624608781839505862531478604741860944826492737097762733646857558211016010212781983230761345886669420792283157405979675636059834203067952567742747579669558022829608938503611505403677972767006739446403688591152821928011444170880559430498218230308289166234530486205012625044350472316e-15
-7.2574197924313990526608947177732552265860921174251900508796746569475333537395022857927727026807484876674697802688083230274512304368809126929086999050357877639153579226688230959742310660979403677601216298794757003877836401194703979127505081520509168980159637722919386880812348537405375111803629224466372753332e-15
5.9489841940138916201037554860542094443817294222051440098457637960718527999658996028063742521772465562947099398641656620105274060828904330274676510566249746275348957729157793030370632769966765633638395272963855543550859707653585280302464842972272351297495556970383505447263794924084004032415645788629106029416e-15
-3.66528977380585016117724328693664309156100073817891274068693154162195675914568579158465629903856763995045791405761258724710696398994365606428441921176371304951562807849371632521511195498189675374011441903137063243029200692842830620577889324887124431451137196924420570882057562211522053338824803112061776091831e-15
1.27380374422370723966681312933953735915909954123090379136137647251681218268690865754182484390484125380382212316982809516194268282010818809379970727474099438196909907125025203222988208095181246580189310906004476158835522468158551641461748517624948270391779271164933794281191694569326642066511735973691626299797e-15
