465 1
2.77232081946214742815507694147664440084803900455189555313253120123267841690975230667231719029837806943544061444245821503504661811398254491337118764081861493406505093547317956721161907228313864816281035905905052411626537070195342965364283761886556973111344666796907701724430860706002523151871299420602253327621e-09
0
45324251.4195226416170215963037709043083690829297246529892265813652467806367418690178016498035885151210138420077705827454232390157078273271814449818136601849882851077803537563644915651656027488979768778850122090642855046923094818248563600866556159216599666061462118119585283437819315819312192568422835745332152
71022.9594308532495648661140355362862838292132247464934368892418402554024720985084427410282740901844985538779843098194353861094446196360134196806069291350379825794234731029329806957891433003727115417752708717368679895586398960505864267355842198715051857984950507954896539222927882887537149373643038268906564368
0
16707140729660285795691.7836868621020190572488458669327242382591603985461661263731566603275099203736755758503327855923227360175624274955685639894852498086893513201626601535516313353026981639106764024446201636801571188468809571898960555731412384656870412693623196142229232459961054567108463931671969586713044427
0
0
0
16809180105372395546421.2876736308269884646542259576033625758530383270491827127647988755665265111784370236147051137529358192780369092823996009342667877920044564079984667354132929751092555569718235773201805446398436939588461844410863450311057305669862004531340783021299531971941965804467367760532323345099603099
0
0
0
0
176457910.654706737739176991361612394756877669726395552837274203755353671656668054200941465325145852199965949239356751454780744564519305361563572091197004456145065011197413129278967155042053717929405657122151870242895789224287712058121414961884145886619182886695698765989805283080237494900464632239916640782158
0
0
0
0
0
16809180105372395546421.2876736308269884646542259576033625758530383270491827127647988755665265111784370236147051137529358192780369092823996009342667877920044564079984667354132929751092555569718235773201805446398436939588461844410863450311057305669862004531340783021299531971941965804467367760532323345099603099
0
0
0
0
0
0
1.68353120529609161605136052247657845076308316615766903481709047666932115148403265717530245797760884068194375790873474937555693841894851678887996502203169779800833149038000175418442773546358212251429782090305997022472188836024909639709084588899976230053631578154808429515934046349579449827398894357318305839012e-10
0
0
0
0
0
0
0
35269320.3507722400554162702203711265959267231016616054379661107187924795146835559471458130171858577889480439933428662132021049142078489809192715452275920188493083272566679246440848719479844361187979099644870530519906829258338789760752048802649084431282444233407655384710043992567569546672662187572398254318937
0
0
0
0
0
0
-734454.67538460780159491828145678979031919642941641697221812779349155296278187343798088272565403239836883062381099357966332606189601085097414827115725733828465160580757999721983331458834301659688017429086966070152857810915749252364580659471487996392499492657532573649127977749695588856771583552470179075473823
0
45790847400319515803133.4183705832487952938049848447483944747457203354396059450703346587918621859106981621008536499031943111169053593441812897478283765789838170472926796532690630647477690033957910597836081102408316535784245617253918636306578385125314208019290376991994492547223377274982345018928175218105684754
0
0
0
0
0
0
0
0
0
16809180105372395546421.2876736308269884646542259576033625758530383270491827127647988755665265111784370236147051137529358192780369092823996009342667877920044564079984667354132929751092555569718235773201805446398436939588461844410863450311057305669862004531340783021299531971941965804467367760532323345099603099
0
0
0
0
0
0
0
0
0
0
11388393.4590243204260570273859041548889433695212959134198163707731793194341016657597898040895952660076472602484018429125404364040079476125251869124230612734195494043835460831434740596291592324163750278513918612896888607471232799487914124116292610376399977567081688197930077239820902044697608100906510770610749
0
0
0
0
0
0
0
0
0
0
0
16809180105372395546421.2876736308269884646542259576033625758530383270491827127647988755665265111784370236147051137529358192780369092823996009342667877920044564079984667354132929751092555569718235773201805446398436939588461844410863450311057305669862004531340783021299531971941965804467367760532323345099603099
0
0
0
0
0
0
0
0
0
0
0
0
1.28498442040007046908770204633969104295180567686245819319665597336353750349448831552174269211786593297689214429926919013843159203754870427705549288161415952608650721455678044336371625421238878703962643321108079036523847454380510165532176743685872382572921037630241243864370171170010927926215003141450063351095e-11
0
0
0
0
0
0
0
0
0
0
0
0
0
4092515.56282308244777680012086149824510332349492706757547536793287367723718923078922846914169718423268898424110681192571448630849816727546500335738479283114980684600927007851199650015431609753305929587055220902627020774233474135428463174403702004721212382258071833788697199107886616215561760871819375932097827
0
0
0
0
0
0
0
0
0
0
0
0
49441.5441415071188206792834510120876156932676007341105243317173449872984313560673862026886806957174087321115717290366322620637142055565991791667352344224303690855555537318234947504948522338381131451574980810061811677131231557539767797585219199944549640983170189042894360446181853423018068470786679846743513134
0
7242261900502417403778.43915993179612395731526440448412344737122852589566038598380819063525910162842180259158428082835538977571549829622681985396468332732957512901981415381282973164405588524470047381352743136456283555173566355275290428603986757060621263865631515418695243378872982668169897864244180318923597007
0
0
0
0
0
0
0
0
0
0
0
0
0
0
0
16809180105372395546421.2876736308269884646542259576033625758530383270491827127647988755665265111784370236147051137529358192780369092823996009342667877920044564079984667354132929751092555569718235773201805446398436939588461844410863450311057305669862004531340783021299531971941965804467367760532323345099603099
0
0
0
0
0
0
0
0
0
0
0
0
0
0
0
0
2175197.69713485627297470800603931792807609611334149098958507658255334904795289345449834896528888833526016471047794247397575502108202372881543704462834701643976627344756065831579495325833622575662045203466107688402764976535616352849410467915717528556037960406076846041076047641675626419959258692413811798272261
0
0
0
0
0
0
0
0
0
0
0
0
0
0
0
0
0
16809180105372395546421.2876736308269884646542259576033625758530383270491827127647988755665265111784370236147051137529358192780369092823996009342667877920044564079984667354132929751092555569718235773201805446398436939588461844410863450311057305669862004531340783021299531971941965804467367760532323345099603099
0
0
0
0
0
0
0
0
0
0
0
0
0
0
0
0
0
0
9.90078616873175401301243601538856312419829940964050848599200386301503798989511606078937144097076187742941393420040259835368668879248197371129706231610976796921557140849148588100443162748914182258710825897375922249148894308690266944296743697642019776708167339834823077027533284163938263611712484708971923983079e-14
0
0
0
0
0
0
0
0
0
0
0
0
0
0
0
0
0
0
0
16029.5249758101689515029129254359989960531090586753815210096139104894551210333826202715090995676179446695102909838828063989093229018509198325431056727245355552781898336483701031150774898241456148899615828699364118343627803858566884303140447209411567628725312392660603896078068612699318907917399501124825799781
0
0
0
0
0
0
0
0
0
0
0
0
0
0
0
0
0
0
-89.4936691250022364959623296038023138049535295983097193818208308993679094533813248709717679165233542156111582277623055875630601099136967770870198789916185099576272040248882147423534844819017515186791441332360722344379143653943567963885197341895041054420570119805967434409648500357051092689233088582177779510845
0
309527328692299305826.48724315625426671296418902773963002458140717221357482557051691187339962320721049336969809379229818231988419094413732142991459512395773617036487070438641006438683509387003662925486732101578864241489527657306010425915691212433950526646813433842526347434648340064496640908280329252597142249
0
0
0
0
0
0
0
0
0
0
0
0
0
0
0
0
0
0
0
0
0
16809180105372395546421.2876736308269884646542259576033625758530383270491827127647988755665265111784370236147051137529358192780369092823996009342667877920044564079984667354132929751092555569718235773201805446398436939588461844410863450311057305669862004531340783021299531971941965804467367760532323345099603099
0
0
0
0
0
0
0
0
0
0
0
0
0
0
0
0
0
0
0
0
0
0
9012.70491608184514224586686353461912514419093406603281426243877178807795476425898117849693356268850465350939456210549026259311244212989283586468281006410362660725741089251323448938145606940166207306816196167302415217072548864940936402860671197249753239417766898591753409335618815175668126335326691553554095557
0
0
0
0
0
0
0
0
0
0
0
0
0
0
0
0
0
0
0
0
0
0
0
16809180105372395546421.2876736308269884646542259576033625758530383270491827127647988755665265111784370236147051137529358192780369092823996009342667877920044564079984667354132929751092555569718235773201805446398436939588461844410863450311057305669862004531340783021299531971941965804467367760532323345099603099
0
0
0
0
0
0
0
0
0
0
0
0
0
0
0
0
0
0
0
0
0
0
0
0
7.08970369737880574385133086885201075038246572954093938472102185538303565451585490792020723946935654395045086284718136277229850080840175045731876605572138333535463838195450805583106595118459487384868291558091772351335607899616888429145249493386310190823909800886761232432377838306848721944862449024989736158145e-14
0
0
0
0
0
0
0
0
0
0
0
0
0
0
0
0
0
0
0
0
0
0
0
0
0
2465.52995097264247174870350023764538253973623532816349117842095861937079520240076303710857017868581120173144875138171675176178955105555447429593617324766809346865796041012669943335166932431905020721226767030540017411754662685356704334994585813984740345802684701130694373487171050681968778502739567351385411565
0
0
0
0
0
0
0
0
0
0
0
0
0
0
0
0
0
0
0
0
0
0
0
0
-7.57504735175729367583806991673191637680193029022287754837278470352214087773148872937136838946945065063645563064845949436600397563653625612499824787914799895078312405729964522760308430672275552239509772950381212990186745564151267906125072270720761070288196692310546516158903552295487894403504374887991151856326
0
2367637735982087311.26818636673190432394050826486698341988216269209218591303098876731131816385940515927061310521734474262772334479143622610145799448992029722011203031482303062815318553157183165710897508151709422221983355231695015817862791080891796797969151068725443973040973878092562910955613940239185398360527
0
0
0
0
0
0
0
0
0
0
0
0
0
0
0
0
0
0
0
0
0
0
0
0
0
0
0
16809180105372395546421.2876736308269884646542259576033625758530383270491827127647988755665265111784370236147051137529358192780369092823996009342667877920044564079984667354132929751092555569718235773201805446398436939588461844410863450311057305669862004531340783021299531971941965804467367760532323345099603099
0
0
0
0
0
0
0
0
0
0
0
0
0
0
0
0
0
0
0
0
0
0
0
0
0
0
0
0
4496.81635557769717748441871515764051123564355465206855805385986263715956812645888956310603350056361911349025280055818326479291274944942907868692795209145286812542100455663681617021946141150247141128971403684911563735238408697254010925585744781945626523139894343363205308542954038859146777270754939463615283578
0
0
0
0
0
0
0
0
0
0
0
0
0
0
0
0
0
0
0
0
0
0
0
0
0
0
0
0
0
16809180105372395546421.2876736308269884646542259576033625758530383270491827127647988755665265111784370236147051137529358192780369092823996009342667877920044564079984667354132929751092555569718235773201805446398436939588461844410863450311057305669862004531340783021299531971941965804467367760532323345099603099
