465 1
2.51099921239935064640969663705947517293862283772551828883913169366811142350020212169933928841365825379980707585875468406381302614488850770877923243493419279911200864995598790654552359488921335244339742102217626560407067331259359672741539031920176443539522352602643954419129192944616820041847391339484591061571e-09
0
54639551.2426663951390946393673487531969089436880098810025278681997021926081492036524106896540876487417789775148980963447548253412139379744555924663465565332592456560128607650610128887166782604895965730652268801893248958494765211345675070957537228888461297526229150731219370279461767224182680823601474236494699
69435.5200711435618070160966981716888093406408546401890605230808084801990522327318366407823424048897010480319290420207871141279682887896965392824743176107571363924677260062589442250658463872358258913770236689088184407204682406183297026758275338424496724311125662266954650339768433489443083612790711586615024931
0
16691405539229927061507.176743055170655825904547974836637609367724879980128200256376543080897666068933406203659304670954070334250805231864607044183219275481945293128802815825691773461867693236591126519166382543271552719868668932451858498056213311692696782853180276617843363471847166110642330033738227968393737
0
0
0
16809180105372395546421.2876736308269884646542259576033625758530383270491827127647988755665265111784370236147051137529358192780369092823996009342667877920044564079984667354132929751092555569718235773201805446398436939588461844410863450311057305669862004531340783021299531971941965804467367760532323345099603099
0
0
0
0
177889070.069416185908847080009562921754900211699338059163649224350296113383929136731152888473343870101639547649341446801886802252472314466057191038784010825634938968207596266334266329884266910957581405564483964869123136998835127552729217075475029905155989555065180905033955004887003449742314371664996778803251
0
0
0
0
0
16809180105372395546421.2876736308269884646542259576033625758530383270491827127647988755665265111784370236147051137529358192780369092823996009342667877920044564079984667354132929751092555569718235773201805446398436939588461844410863450311057305669862004531340783021299531971941965804467367760532323345099603099
0
0
0
0
0
0
1.62410385854800761855546332982778977299416781993636934021839840473556046840574142440676453911936100048842927841955387160058376657899150485705655754036141741883838610877913529070269689308840881157600653621301094549676177343422818639525183510930240395861510259441227163157562413959145996926104682253994677265496e-10
0
0
0
0
0
0
0
32477968.6022072322039987847273307475234888911615383229529895717983676633795953973510801728798398410061765321573212346735209089988976293356872975622838409640862897163404194009223047042628276396956365614323938863539990845114931096463186325668702838250422862697798579452892918532743676467570211041478420274930895
0
0
0
0
0
0
-613645.041585976742198737385566822504110612737439034799031063494641367546676934290390872064997357119386041135060232380017206627421250575519259991156176353201040378067129729162491431614681848139576422146856152300510794852307716699524612205397545763521290163130939542156657466661342326545668298512345937334000579
0
41462413582882357424276.8338136037199775438939743878135301726822767235828806287387450997813229076247070436643973657487481621659498510459533998042035336873758435127981950770723550429729748461643748321588749493741939008119242997063044936173116684394179120931953839762373098397089235349277694571868948761195009768
0
0
0
0
0
0
0
0
0
16809180105372395546421.2876736308269884646542259576033625758530383270491827127647988755665265111784370236147051137529358192780369092823996009342667877920044564079984667354132929751092555569718235773201805446398436939588461844410863450311057305669862004531340783021299531971941965804467367760532323345099603099
0
0
0
0
0
0
0
0
0
0
12233914.9162711631438127294535386073638245169664208724403452639243542342815829726789580210197192087870580828932371839329199332558716688527981045364786143026226127562542651992066159224927547031968047405456486152347920882269620144963954598747565058291307745774665883850237382327726318474615314101508950683268989
0
0
0
0
0
0
0
0
0
0
0
16809180105372395546421.2876736308269884646542259576033625758530383270491827127647988755665265111784370236147051137529358192780369092823996009342667877920044564079984667354132929751092555569718235773201805446398436939588461844410863450311057305669862004531340783021299531971941965804467367760532323345099603099
0
0
0
0
0
0
0
0
0
0
0
0
1.42276358878160548409063294940634208498913461336858087226131417287082904510116541362589725910153129536049446016755191038285682899391656815200495288803311115963766072906511994955636531786585370817589912437213642541801533026049488952169588443667676668238406476292617126118725016696381520583482739551802181196256e-11
0
0
0
0
0
0
0
0
0
0
0
0
0
3913628.08116336145025511108599483673538772815747093703187622839117058811355688301523942515861866610424156922474576943907341186655800446767669570041984995776457862507447134276185377767096489511719865672930336136809241468086998651256895215244688840600574898096662889519612450311805071610002781869666440682825387
0
0
0
0
0
0
0
0
0
0
0
0
48235.0674935510510755702950789771921095398012779986081945894541711780743687740795880036154379186490356185461461912809964298393932042537814970045266679954412013610409930069173879070218056214382319034954576844298351433978873068489075262116874712870540599621862068491286894253155371820879005738504514129763191748
0
6778653650968507714263.22257632115632371409252928317666687307446650153326865585996061730343969586187981146118952743000778192734585520012912356114068058057918889922886098582086642927162861458130235359955541007150020154972244864234244162271168884872234348486970415855895577451612347429546013639106086131693999927
0
0
0
0
0
0
0
0
0
0
0
0
0
0
0
16809180105372395546421.2876736308269884646542259576033625758530383270491827127647988755665265111784370236147051137529358192780369092823996009342667877920044564079984667354132929751092555569718235773201805446398436939588461844410863450311057305669862004531340783021299531971941965804467367760532323345099603099
0
0
0
0
0
0
0
0
0
0
0
0
0
0
0
0
2507442.83175328857329804114962766264741274748403347811989882802926920916571523076187593961485443695403567860979793916257608485393870833469368422659672125070015376829428329030864182690387573308781935247735633867269280509349261803113486993591668452919045454296162929170774827303525025030247387857610072321253437
0
0
0
0
0
0
0
0
0
0
0
0
0
0
0
0
0
16809180105372395546421.2876736308269884646542259576033625758530383270491827127647988755665265111784370236147051137529358192780369092823996009342667877920044564079984667354132929751092555569718235773201805446398436939588461844410863450311057305669862004531340783021299531971941965804467367760532323345099603099
0
0
0
0
0
0
0
0
0
0
0
0
0
0
0
0
0
0
1.04327873009298332670776136912628776396217603505667391232504848826417804150304748481181836382868750863476379161704377432584532724164597381224715694802823970830951381660109863172287947238762988238311350804191886903073540494689651728365995948579978899428608133457751841103154910969326776784259776369919720491566e-13
0
0
0
0
0
0
0
0
0
0
0
0
0
0
0
0
0
0
0
17026.1941984870792163539875294248722718615951089672462091407028221755815510751315794269376274068169836004317878178165240911928304746900262575695957266501071420894544696207843548634723532375871903607646759285238938315653858420608947430874983644639704325633592211513569605621317140810584362964398856232341001867
0
0
0
0
0
0
0
0
0
0
0
0
0
0
0
0
0
0
-103.151828542042342897660550135894437993671635329203908062413107152798457754475744563618121499412301237378584256814050322299883593015430177546632841658106401266163015892944888033022800721099399160990288014651285375540694988082673202980675654175752521519842577650422028558413154727616753965612157816161774609101
0
360373251922597105730.03533646485285970225869637056599193595453479620383616554889498281822473879261585596990705665255701522414129012538784322301577468491281662630154670851380520033746841984196857656534466483029993324080217463774474272595531342613571644989760499222806603952009280748504838431905812962910526389
0
0
0
0
0
0
0
0
0
0
0
0
0
0
0
0
0
0
0
0
0
16809180105372395546421.2876736308269884646542259576033625758530383270491827127647988755665265111784370236147051137529358192780369092823996009342667877920044564079984667354132929751092555569718235773201805446398436939588461844410863450311057305669862004531340783021299531971941965804467367760532323345099603099
0
0
0
0
0
0
0
0
0
0
0
0
0
0
0
0
0
0
0
0
0
0
9608.41889190769707731783760243113204757723651168860847726574115927485424620140376043755805580263439548514392401835386582665977953874984244366325513412458399626181382176577512990670128662556567553888899829313735488779086901093554560371147452702077401750028433083621966458531359201641991592674187091828227527311
0
0
0
0
0
0
0
0
0
0
0
0
0
0
0
0
0
0
0
0
0
0
0
16809180105372395546421.2876736308269884646542259576033625758530383270491827127647988755665265111784370236147051137529358192780369092823996009342667877920044564079984667354132929751092555569718235773201805446398436939588461844410863450311057305669862004531340783021299531971941965804467367760532323345099603099
0
0
0
0
0
0
0
0
0
0
0
0
0
0
0
0
0
0
0
0
0
0
0
0
7.02258445915847872287733890076703248118593961412602593977494304163191737091942027099842862255379829430799739105671069613376165633608505948126699647603789390296763523088273167847946984533142977254369240336087153964832585155184239235518732214515134680144114823924624322216459816552919361491477018555170992375286e-14
0
0
0
0
0
0
0
0
0
0
0
0
0
0
0
0
0
0
0
0
0
0
0
0
0
2589.53557144509868554297684752770222048752047467137407466197087273820365061670184606587204213112189203850039347717117601503985434740024091417524136645779741347573043047880979757214468555441596024606519117657754366155257847584372194065382054461565806398015427812548470655837431609131704925834361388465346248654
0
0
0
0
0
0
0
0
0
0
0
0
0
0
0
0
0
0
0
0
0
0
0
0
-7.63004732071385484612237202932548378896043862459061488772944055625993036565453540811597387772333221372418290639785002224397994814925825465981280572077945156451189690593484948721296539039382824524698307673735732316476513874365143275583737953762378805504230794358712777382661851910302686919267418386371518605384
0
2546272993678448072.57551888554175229891164831165054218285733408344838691046445750196300197104929666742175902262133636447304119438190448726570169204442426906026269761042107248617426876198242038800726759634365778161700697200218330768515833633187741578113831455741679430723617724004908902616552156362063449335328
0
0
0
0
0
0
0
0
0
0
0
0
0
0
0
0
0
0
0
0
0
0
0
0
0
0
0
16809180105372395546421.2876736308269884646542259576033625758530383270491827127647988755665265111784370236147051137529358192780369092823996009342667877920044564079984667354132929751092555569718235773201805446398436939588461844410863450311057305669862004531340783021299531971941965804467367760532323345099603099
0
0
0
0
0
0
0
0
0
0
0
0
0
0
0
0
0
0
0
0
0
0
0
0
0
0
0
0
4533.49587687129754242035448312846205598044192485821230747205975183504490849614367528477506452793741211147070446336715837792201627436437901044267659153181139277418483236358338415086689283170183062015509827440209980430484477384369998660498347716628449622101360536176161178706567905883375094554362406047032196002
0
0
0
0
0
0
0
0
0
0
0
0
0
0
0
0
0
0
0
0
0
0
0
0
0
0
0
0
0
16809180105372395546421.2876736308269884646542259576033625758530383270491827127647988755665265111784370236147051137529358192780369092823996009342667877920044564079984667354132929751092555569718235773201805446398436939588461844410863450311057305669862004531340783021299531971941965804467367760532323345099603099
