150 1
6688412186615370253721.94499677135669021283626199768708060244784913869308820886994002958207824549991343155838936159332391846860923829299369552183922201885266412186175509180857981465236925200626566198768916336643864164447525134378656563680089826511715594239053476355050171064464521158740323432272853310138727536
-10019517141850505399560.9000364624263084841950725841848985139199444120982448145868857848180544039102592439758555766696324570763324096370615275306937977269910544666704395885828842132275740681833645744206418413980133130489823953294773153288341656753363059498636868847073356023427031233771359345213608413845152928
6767040386634278752785.04113583895584265575990342505634296986981114621096572889469228401420289619433080326484265332762321416232853531411751376934999089884619516114082895508678538870515059794755626090565359550813669924363193145550529039974019304527499655832252642210327063673612688293091759021564291820161667583
-4794684747466578208929.74691536856419955969559983698217769790556174422535972957635194613531298020291373545860154737086839312734535956301976835152104372182883980587573783429631828174042779064967069754057478289233641371197453767323442246788466099251154880305371386111928097521800249434939943987673685471994820777
5605331191539508511476.87203086758390167946574268515284388377027309818883098204120365857998418290978192922306243723222339622435714214279336578790765478285900283057142820878565597868237285784850949256024898078131677453090956529193385171544901246654694502034992693720239357024839110575770841128725117920672711376
-4476788527316362207381.55907082682622329438734850100422171222258828363531242684374457065692870851902984808205079180844364701712514626277761184035381957318552167104156678586323972221571862634515320168479337431051789262946734152593799080588742287863088583072136265838382896699735232147752693465490701938260529923
5850162374590168891805.71320261271116882577885545490302374550790890773225670682522780203681506459390882103255091324545653449597372587829627244883714466086854528706162123416353614938012643110240106662330202121187652202840532685680170101074315047847060965619744914703113962608578541321531417801973792139610691593
-5321879679155257152980.50678199765960067093865884035134755899384137644067450030541551301165906035122057481545936240343585552066938823657189221849122607178364402462573864093835507118463053122685186055914439028126015687740118232773738510185226861180201061295974875913119498906344724321265939573967482872648094736
7070840926390398872858.44555955445208079357207419353027572257591425388546955554130577233526703496356684563811082293881458691868596251623085709370377785883570916077525431221677287140827258309605126800924087563867273408288334312286341328578752977573207164958921743209269245053016371515125770175640525936875186927
-7276703288346047569939.85371716679185345478513416676903951995523488074807765066107209033892842845958315017736646225286787286572486030541750877655445165626557545264768341423336562104379340002862420517133125756948377844051307451082630782341847243170180437270497933338067922373781416334515444482190997511998248981
9624472309893716896857.94989310952212559884845946592258230671539455030300721363341486398515347719037322402184893289445836451723885744386635137965851155547725317262314070675329834342739017865453681467888494700511739653118096267402137846425039208694990905756285632722191813345228030255242575846649540459946422253
-10876622784096531186784.1131867674657538809671012897607303588814989364577197001111871871560563387793391281369778084523907623165139265835658383479937918566929274040652800662133228936147309137177082497860097607679245364197614919260405245236711502901249744122522297157012238017786067928082568152784810534083796457
14280417219110606092633.8974944614249645121061307748809595875078986888636879653546109806505463261005017979857887212524309509016521745978235823872506390894280460338352355930215365487278152638556630404383564696353687814349503014581757219460682385617543784733479281478740972585086189502579321160707030678078563181
-17077467637960744949726.7471845668507900093291342434951184888770841502425500559593686711079545774892462231725477146017091534071906682497770350841247774686658539254905064452101221315243128070249942021865077785129126342979861893611520779229009037487993694601667916600982597046943335524074119189499792418481463201
22111728791072653183830.1415221647859627256877428038011693604681117633270459007767205910175944135261518200651623593664824611320199527331463337976971856111745762351445915226567647395994456923909599514739291666971033114395347794401489346994161042817766718093113601920715487574870489418903931716399940601997860475
-26885851749023693096631.0056761299868087538642055175150777424796934488427600165515444299824028311410839241154458266834773242498830036219960547197181936634550472273537733366742327283790185512385793584045082013799330770679007377979907431573035911962829679570071732594279876860964350713327850173037421349593266352
33665633985881512132058.2582836357429234908810896182016412595184606308138736392142857636951368933598296605636983333085385824231393129440975405902348457766266213678442933406193337042531615857433827443504006126514279406367763617076445568973196776629142082479124644162222610298361564944894890613871014646279311957
-39726773081389158908615.3090231958417035327577928906833679716007240129763196564090716649500562554837007862121972768728035325538848744850162257055638203748770745191021211157543796753966397251604904876883497822346044825680171369771406690208676010584891144743841851510585854811008323083449375736720918938952178968
46246224993391646251689.9415003757068833574710295802543812893089081015028901605132681585398930183927777562593761770882875039411812576493499781939566560568836788972837087433459211164882467855368238129401463712922283077502771227482006776213339480590645715899674541797926074223275426299266238465399614393096369954
-49647974060589720731538.0330231906391292733289790368318952471432266134722949027774725054347381057390770079247298747450752661920981230441736199132044520792131497337928993189709246948486179231373248931153222094437550805088478639572256791304529826089961546111353586393574832053205915699299626529863786619592082487
49924588984182359134146.0253349017350618420984786467393269349606979579430016252615543823524011187359167815407069636948722230472946092401704573668701647727992861192675629607726667761801166320567799124247041612075832897621015359298242441249326682971811356241732413256534681969609818254134550585936487241317143243
-43633144950842713799054.483816995773957331134905989459340226344849152307294912485434931537041912844489444883893631174041010847695707283277186151585632542682019439953328562003692471470645311643261238252474164754918805090659724259342110260439788789021982408370279129458225701013976802707335190646491060744149234
32535981791467607581652.96124346856056696210343160905863912333884251786674912168496975030157975424455767694852740374513164843986520996977755950882001810445634795840021093953986341304306930921146914853137366722824975752851404025342861731245102088035437383405499388000243798507164739268133753002858074690096817
-17767778189018466548993.6980601517271586343968522795236102092181894029602432371088744393530437485540533454499402995970359026911544320375388785834961529617376619876353509010308221468440022083800448327044297033181997864086491007572281583223140076359557127873978822882834272378283444364330231175919849945468673599
6077066467991529945025.92399722779746223320729052007106923894613358030870999177769876316417363003234811715492228202738110215943616915383726808169234719681927831420653982289507545409816641221857935020433285212278090911293041039998846979273493148879311485410304297334027582011635685892678253620935100217012500185
0
0
0
0
0
0
0
0
0
0
0
0
0
0
0
0
0
0
0
0
0
0
0
0
0
232442122932893446845989.035266659799810539695277342845114899742740669712903975726471812346160614677534654057238506689302771905832231183558610348999372366533424031196220480124009896059365716049061108440639780985187034909078568140496407535304570456756307084922960825446904358585652727185532548988441436779897521
-351297616593342166173203.322502010810195574595973600677705131633723605276570671023473910452703795150341014863238457267730062687842177282706217542477780263683308818249420566748292387567738180336304745623690219622275051924346613988636533610196625531984913331404222571512911165904321626783693134024269436273825535
212764721184972402344177.453113784942819560775855603247944151217629150272672132190647680875603858136452767187092029335235643401560196952562318000680518281136124058586155226786959821462153703916997910367399110553577955956637760723961844321165567685843111232161095334869284643735662351646601032547355183149873792
-178796019139378470135559.853558709670539994996917572496150250941700402248251435381915643377458420805045861555382296235678026438172571757847628137917034153289947823288803426830002823892937431536720697625160906252693339435595627794035463118626880646921905865442261844001598093500725408641665423778870239592162729
167779170882216522469301.509754378748896977843728334641204924503478979739227006413719425250481261740779396099316932700111021864407848148742930086810695136427050139787673321227823604064275501427113154215876876409938303720799615491227627855929188771548801290600244260398462621168201197201554275255749177797044812
-168460811354445471788576.06694156974474911537797926020114756526227803074258825080771828446457044613306581575750772224994937081516802714792704196927286869534751466313081350064540433169963231763113991104273924249117705854003331526429164432501853854126082343501283792066160551297587594450360630521399188077193593
177903449243673277746381.37089864428860123157077155766900108630656576615896244167533754360474152023988597083464747858266302730030024909179331436220227779847411278302671952622371589809400765499784554798347251748670952511176402337770151138221897634079131404076530369324593210972972549751780450732685708954174364
-195741322417081095626947.158859361860382085822519665755802922939151173702203694029594635618441955589541482557109329687007667083549143462685356201640679508056495892267525582144894049340851578448414957225746193670730124283122627475172790361651867547627428563338642975539089843655593239042401085852961936132965809
222934742768545152602342.932001384593995116844036045542810625580784269718213403958004501390326298121880610934763586001184673786293297371081305089337752756749802062034514909571738294992826344974886018521644994654231058063979357914338971410782898073613595139022238996393395063586659807625163756983033922639616876
-261451188258862588467958.36017056826808962351608820116140723521909327911526818899614208010687941545351183521021797266952511655664092483998414048909051276815043340922366765443731613073072807811864406065209869661736836244077556004076301314866369051183682957946027074628959140047913038371602544476491171232778494
314213586421440582993485.241775951889735120504070263432525795526241450233115723366497344880854122762727410870844185703269705124404025254234591676232960683659434403141712949539394461401694762503806319168811608042246525323390990801610366557257352263637652529400432736665775004099588765719120544916667553486886757
-385095868182096998148282.546164909834124324645418140492054545536202295688125777701985992590546788810847650715066915552490164079888308328759888078689296557671649406956001733289131951209967270548593813203532710262769441009432510845869194643322383750510394173673069157809166912678374631162218977996134952683493047
478802838058965361233112.611185801400640167674332419251201897423814641385276315380792128056693440278251895204122802418532901403712296767011227064655588129204696134736215051381589929658597480057690449499475255311041399646780420560069059236870361808124145620051341727350776378410702963868666137717552991506939408
-600414121343424389049341.456111701319995811077526109496042848932540546330603684730551589876346711626606100078664788021338949972255812478965860802433794506652853563030312073142195303213359434844989155432577450961998591209726519129758176112408818764736076144891955858677358423574073841210899764682212991632418285
754256053803326267429184.411838010723202544577447288589048024609004124718890660946702327752797421922338405488926709866973590933631636812985270020495291110952046597240201354746063664048619549992457520649675973857497918335651943000160221621699851261250895722482810800684127138083048362506304296371809051131136123
-941641178613231386173323.330905484551195081942878323301031021278127825094052136104444638206902247694468622621914702040809310875439788822239681552393175794263852536575702747772170615039668062428416299447965679266321121408454474075066434297981407070844694137034733900692643392735250022573504134506539405344003493
1157013006678270101295798.73747512804999222991397769192927617729076296367934764478607758998932726151183078819082868438229880975279690309382209309290057235541979321164617200356483697753572635057664731967213563772677187142360868535549358441531627837421274471523234960486907045971429984644449096858052989751632324
-1382450051931019971913748.91754885351242316646979248217963148461215658809819074810334822874432006205538814559899064060306508642418437196632479758341068449648593852774412986209708299244976487571461123647209546569745926253949419139462579276379155611548071382641941120823069240700730172693281636642390370879089174
1581818126929262026779180.46409154738607392846650455426023508353796280260597339197278084204748369836863118188890277606044473578940221712646802932924017027225630710997534673373027513694413702863586438817840714318712658044704594399363716844956647108952030343489276496226973721618336586303679930381778503706106787
-1698586079198824946050037.29743516619926529037592739547597680817442272016674321646638393943077990523672876167265688564950692833987626722593686326407741032387876301801958102266571006869107648631796682283272675373445315438227864013206664064909838626002103364324119367213842502382028983314864850061236552806351404
1664923859147186104277934.65467109006101536578226386301030146940939040518014258546730719568561690422105914418806194734365373238359493855077693436026071346243170959909441966461470297401022958120214925989578812838224575804503245018897422718261320894036320818843143701533008399669548011149327617160040165058097917
-1430659925836573646343583.733466459144401023542589591875676521172773439768258464487990752095379435694906539826267230772824146197734662529270707258189539780282280103539743964445952273471571211889815348881196708065966474481021119127931658406614224078072596674015754988240569280374710086169750532264954940230489
1010820188857111528113158.91951316447745824516317490600850354200655368806277792195888381815770119588883265648479482090246603541681760917479573457560877925110668289971603238286296735217013295761995861650867490606892250307325155029628738793438838111645083255763156787072668687268463249980108732549572903661462351
-522207943957264128191649.405046670259519288630324408119655151256120253986027846531573799405731896993857154238410727538431393185434667339643953535746966862376517851877361507079104749322449598840128967738662222069800192936649961409067740657201611658438055799213971096282390990855010541771308781688396539441787141
148011480506997361913926.580181279382451889035714475997950966606205411180467897553261342661166573719690533987342429638457927882368632063229024545292107889185801941135915511345754418643186955330184743231499133952818205644757933946597100510784506093989467595107044736223735003635678769886485199058818873589025303
0
0
0
0
0
0
0
0
0
0
0
0
0
0
0
0
0
0
0
0
0
0
0
0
0
0
0
0
0
0
0
0
0
0
0
0
0
0
0
0
0
0
0
0
0
0
0
0
0
0
6688412186615370253721.94499677135669021283626199768708060244784913869308820886994002958207824549991343155838936159332391846860923829299369552183922201885266412186175509180857981465236925200626566198768916336643864164447525134378656563680089826511715594239053476355050171064464521158740323432272853310139020999
-10019517141850505399560.900036462426308484195072584184898513919944412098244814586885784818054403910259243975855576669632457076332409637061527530693797726991054466670439588582884213227574068183364574420641841398013313048982395329477315328834165675336305949863686884707335602342703123377135934521360841384519728
6767040386634278752785.04113583895584265575990342505634296986981114621096572889469228401420289619433080326484265332762321416232853531411751376934999089884619516114082895508678538870515059794755626090565359550813669924363193145550529039974019304527499655832252642210327063673612688293091759021564291820161936064
-4794684747466578208929.7469153685641995596955998369821776979055617442253597295763519461353129802029137354586015473708683931273453595630197683515210437218288398058757378342963182817404277906496706975405747828923364137119745376732344224678846609925115488030537138611192809752180024943493994398767368547199504627
5605331191539508511476.87203086758390167946574268515284388377027309818883098204120365857998418290978192922306243723222339622435714214279336578790765478285900283057142820878565597868237285784850949256024898078131677453090956529193385171544901246654694502034992693720239357024839110575770841128725117920672922531
-4476788527316362207381.55907082682622329438734850100422171222258828363531242684374457065692870851902984808205079180844364701712514626277761184035381957318552167104156678586323972221571862634515320168479337431051789262946734152593799080588742287863088583072136265838382896699735232147752693465490701938260741646
5850162374590168891805.71320261271116882577885545490302374550790890773225670682522780203681506459390882103255091324545653449597372587829627244883714466086854528706162123416353614938012643110240106662330202121187652202840532685680170101074315047847060965619744914703113962608578541321531417801973792139610914514
-5321879679155257152980.5067819976596006709386588403513475589938413764406745003054155130116590603512205748154593624034358555206693882365718922184912260717836440246257386409383550711846305312268518605591443902812601568774011823277373851018522686118020106129597487591311949890634472432126593957396748287264833943
7070840926390398872858.44555955445208079357207419353027572257591425388546955554130577233526703496356684563811082293881458691868596251623085709370377785883570916077525431221677287140827258309605126800924087563867273408288334312286341328578752977573207164958921743209269245053016371515125770175640525936875464516
-7276703288346047569939.85371716679185345478513416676903951995523488074807765066107209033892842845958315017736646225286787286572486030541750877655445165626557545264768341423336562104379340002862420517133125756948377844051307451082630782341847243170180437270497933338067922373781416334515444482190997511998573376
9624472309893716896857.94989310952212559884845946592258230671539455030300721363341486398515347719037322402184893289445836451723885744386635137965851155547725317262314070675329834342739017865453681467888494700511739653118096267402137846425039208694990905756285632722191813345228030255242575846649540459946810231
-10876622784096531186784.1131867674657538809671012897607303588814989364577197001111871871560563387793391281369778084523907623165139265835658383479937918566929274040652800662133228936147309137177082497860097607679245364197614919260405245236711502901249744122522297157012238017786067928082568152784810534083843784
14280417219110606092633.8974944614249645121061307748809595875078986888636879653546109806505463261005017979857887212524309509016521745978235823872506390894280460338352355930215365487278152638556630404383564696353687814349503014581757219460682385617543784733479281478740972585086189502579321160707030678078621691
-17077467637960744949726.7471845668507900093291342434951184888770841502425500559593686711079545774892462231725477146017091534071906682497770350841247774686658539254905064452101221315243128070249942021865077785129126342979861893611520779229009037487993694601667916600982597046943335524074119189499792418481536157
22111728791072653183830.1415221647859627256877428038011693604681117633270459007767205910175944135261518200651623593664824611320199527331463337976971856111745762351445915226567647395994456923909599514739291666971033114395347794401489346994161042817766718093113601920715487574870489418903931716399940601997951541
-26885851749023693096631.0056761299868087538642055175150777424796934488427600165515444299824028311410839241154458266834773242498830036219960547197181936634550472273537733366742327283790185512385793584045082013799330770679007377979907431573035911962829679570071732594279876860964350713327850173037421349593379313
33665633985881512132058.2582836357429234908810896182016412595184606308138736392142857636951368933598296605636983333085385824231393129440975405902348457766266213678442933406193337042531615857433827443504006126514279406367763617076445568973196776629142082479124644162222610298361564944894890613871014646279449794
-39726773081389158908615.3090231958417035327577928906833679716007240129763196564090716649500562554837007862121972768728035325538848744850162257055638203748770745191021211157543796753966397251604904876883497822346044825680171369771406690208676010584891144743841851510585854811008323083449375736720918938952342545
46246224993391646251689.9415003757068833574710295802543812893089081015028901605132681585398930183927777562593761770882875039411812576493499781939566560568836788972837087433459211164882467855368238129401463712922283077502771227482006776213339480590645715899674541797926074223275426299266238465399614393096555823
-49647974060589720731538.0330231906391292733289790368318952471432266134722949027774725054347381057390770079247298747450752661920981230441736199132044520792131497337928993189709246948486179231373248931153222094437550805088478639572256791304529826089961546111353586393574832053205915699299626529863786619592280804
49924588984182359134146.0253349017350618420984786467393269349606979579430016252615543823524011187359167815407069636948722230472946092401704573668701647727992861192675629607726667761801166320567799124247041612075832897621015359298242441249326682971811356241732413256534681969609818254134550585936487241317336498
-43633144950842713799054.4838169957739573311349059894593402263448491523072949124854349315370419128444894448838936311740410108476957072832771861515856325426820194399533285620036924714706453116432612382524741647549188050906597242593421102604397887890219824083702791294582257010139768027073351906464910607441657704
32535981791467607581652.9612434685605669621034316090586391233388425178667491216849697503015797542445576769485274037451316484398652099697775595088200181044563479584002109395398634130430693092114691485313736672282497575285140402534286173124510208803543738340549938800024379850716473926813375300285807469009798298
-17767778189018466548993.6980601517271586343968522795236102092181894029602432371088744393530437485540533454499402995970359026911544320375388785834961529617376619876353509010308221468440022083800448327044297033181997864086491007572281583223140076359557127873978822882834272378283444364330231175919849945468734032
6077066467991529945025.92399722779746223320729052007106923894613358030870999177769876316417363003234811715492228202738110215943616915383726808169234719681927831420653982289507545409816641221857935020433285212278090911293041039998846979273493148879311485410304297334027582011635685892678253620935100217012673079
