318 1
11237207831336908260111.2639300534198699809387366810898232909550022994114225332488132614850677762488733750364975731021862212657718164791062347932957732389088190484059632167918173352970973849280602681410640081754498259125630307923862162812768623972702688207709475822882001257797783304610838619469651369968833287
-16878907782583594580337.4669720486080391525854985901254920430790983118822776895465037018676936544941396677079311203373519765772386208906810038590754602750377455183259367229283836583498311685428547739290617339368099650596940763359569673376618637485525266980005727586204358092412386469486863328673224258412169498
10386279433213456843051.163322154551522159079098773799878218847971261672186194267285774943359476734185942077670705682986852784415863925842417155548692168873511894296260136900069934813855136727032797101929782738498811960339565158246580217371162836704638459536842946585837737940248701439817837882859828224668382
-7967465515606580085025.87434439513772382371493724751992671047329148520829111414175310401680300464429022772438833061891983290012569631666595275839437451976850842200708516634185189410123989535458794930986269762701594411311922861892145594869689986583723690746766780414189000482368296037640520428643808521402606993
7779507826431360076986.32577349801397334849346728588405684706030393622799369325512121360911702772684306251614120844158568738096113881292872465509604594905283740959955400663046502362502489985976918587940471814361391059566787609761619735862284677230839992916077829857293578154057823249719392021948070017996683129
-6633113718832091632678.50431202588752449735915718394404964952804265036272863478005132914650510698657507647335318614368299784364825639201147097825838674515241565785677745128054198299486761534438309120189241033870385583863307991516279682669098576900880038880945777226530473925073520738986886340893384188390706451
7280433343625390851402.9253120845728791736051323393998878837303882651785436881424502615405072212351613538437899825202185588509934244713386825224860062365537380222688535119682929467347051787992837066758350086393997460740720147183477271833675926336462094848771248879855141650244257667535621121351995819745621648
-6585544561023116957039.88405852509031324001111733605417200384484868198057377045405228152488074808742893794985131433382658743742057659002142991564302651889647647733373464755705961337261897633642385914953422462572983670378511111969089865840165068081391482272801786022953860942074901487594382459284357755076882142
7608983280544975031829.15442059673290070610928633372775004009253266500142255418375545992663293290879504755842341854432552108664891228944036097584031614697039674493784158075377197714151810672987151446089161811532218843599712093473139740889497336423496598959239862238100122046517090371847295804294515130758237507
-7318819512600620648142.51218901388622190313957880701986918370427928097297368823248785270014043587166737395576038412881605305449352817954428908040179220695164552076153489138852446375317053055491670739170028704813037929446596514911840781928653373233917928752515497188412196725582308345689406189638453168283681991
8661229961717002307795.23782164215699793292449121997237476076827294199394629171318125104613581610164900396498627384452296956375989659499873135366103285425605973128363440326237114890565418492305379880349945523799333803787654371347801730105938945876471686946582318719872853727742677950647135894077914045439685274
-8854361854381966324418.67462933619608558130498755182722985377146370712461604887680732445217696071039330919936141429147530618896605468242082237123685583754169413751429068622722873113049205304193158354882564387960763830651491890396678008705590605415034738647686398585650674251747129763326350889029855378366248513
10627028021622599449434.6900739775865951752740650578417279413713925117935661302268677323472586573986246485588137629150155459595130534345114679149894564632091145151345223869485091286566048081416409567123096311459538105804375700781958922814139418235418339975980342435142944013687242825118472735354967280285910431
-11487946052746686817135.0685801613797089410360080687088822307062775193969252827623574569553455681343038960166845082969621583114159319595376623072072101109686836672163251143074941996738614138416240777184427721298202199694468885690076501917802464531792530917476573490213687809432528365514408043188879594596414897
13955606658997475249893.0488107449580147729087367107462167437858789233279506722749991117093894730107467264656788057686590528248827392542103490482027938779769650112134504037458208999533166969726737923897259839336437087235869318209456403179842157326395012887559341946136891278857090001820942918333462447653942606
-15836446535135662162419.6228474481702600098667835515558978276667579208777279731373864349655363124285787602960560206561554901082791413446264358553298360492929921245631230740327399902241779989655915363180815324909079367154536500080127396451051379699135607971407916486664450789794972629852243165152540632213910653
19491199403061730535577.8444863810492936937198399920269211731740509999958399343025316255305757206569722711367996047416838597382681261084613869607678294764397622612713330484199602089219816549516628751195993401711805804917576703983764913094939625670300783884645524403265966323076551211779928639316645498596738614
-23038721635872272657768.2454305255464634217737949564369169523524552698523591842434852387793049086391371408757090828395242475873586184458813682516420549838299734043950961420399287583541912058194918943651306826570167365257564233386134143971359364806987741624239227106338652455613617749530073951407119985588491288
28768935381931056386523.5299795982643089952374863404937533856130082057039370640891036271466162709572426982124372220263212395620918146686749092941540949745044369396192060582329280379338185172446850485791717219046228939404063271800265566953532229521543430563659805633149226318521003252355502014919041723577816376
-35163938218723893603875.6914954569245441106823063356132501037939074943486698348216372575951713022505876940811840301440052517947771609326357410356434575240970158551627726035778395014615005256781220231073084240938727865580950993870962688933432281512172097298740999919555978881081309052045464595279665513932069001
44578927483308973903255.2258072668667196042522852455724002651490250382943979559453527121788154380826773074476572385777148055700648714171155876907241027244381441533866164366511467103684229691820890258197708075079619813849555649539416977352199576976361139408696358691180292433026172308910036522634308628107513382
-55980297779642601696673.2197665475432355466460195016982170380425928055462606530818866224381668029615230304193656254535226865144664499632708776599582397167072864137474043056965523811790714632715040439915315155044772985480679863210872257902073501127060155850650024524692707063635951761964716616076214303286892241
72010846343511062712269.1856710427342299056424288475442723659439690260010179850018753365538573536577952194416567106357441050731491151577657367670658121405982085404076299509790357247495411277214094369394453206887228591864930639754134125433106327762024130694990350159290709753895148679517108697768975299740997728
-92363837035883527981796.9531121391228752485792503096513018511641265361678266867044384462254927209123752285329498116431844467656361329150754058728940680289930189472966261909808414380955459903166488968262954125890893225054941026233042732257674220526173483674928758883180334699522230613405634416693762993493166718
120340196271192295652939.001148547548274784538543350803507443339870221622254364475174060679331112775061055064061787536407305716510454842089848757144573620316972068583564986202476695655388422450802847938593705559613125657188009510938064010130589003956289023753329290097716838827089567027264677754542525090069924
-156797534440461659735428.937511587775567656349871959096456556261399763675991930429751635726225563099595789306823589364221863660203556957973783685608347410925483047746942670105863257513922680892070815452767506426274451713206420534724364843067286429869961095381083711704890737112372761072217115243915741673183649
206294587612076206591070.690217265040646843541753937655483917625562648992817153476650937427076388544353551776903333098851557644785918365475395332194381400079757544338209376570110860161597619137608210168514079369957299525904834405677130578869502845124908790720810973133125570050461960780340819977427376329492155
-271562260085308983412587.983246774236529555417398642111601234504669960172524341626239156672698590907867568610260092167784769475466877133732973285751992365307592777480049129366965298420474919731968978666421003189036507091993860343891913333780134028613117204017468024310595462058534324081047364024418773153661874
359298431253675223051449.672136851585189303258176026038592776909512855844499505301269867934394122494698618264989021741416538718453674816631661397027980609359158388909169677875003275293219099655313341596458168379119026357423083338972363250792479917571500816397488056138803947326512562670348087538200045042554689
-475075307131015462540352.771748363321030289774845330739855504455549337597772523703125361316258682380366443163526469135741905426832118826734313929043884597851779570347608998002423715263413214847430981831129985354105897920502023176208001653180927759386872065550896986996997930187100634916613560869166410777134033
628753491561600767058057.183785821716467023801535695194578634365508859066115819878857754360143501592749201005265549998004948026839079616884565592227882994502377367963666664592122929585066410340871553556494232147905590416801542329333963440488482788817948483021746927288330680971527802718446947669703846681908893
-829606597776546012794700.300963490987235406002555217828797700714969774203316848572387991813630450320043679546038869301248125506275167375599813449775037258952421067727767336765083906695749238292147469286384741268704647214539396856763461605817465329473762155667668353238052515435408224062972159766642687506208807
1091091863592949162011582.91098040297452049271688249900313159530663026116321353162324113627082893511599692323952929339882156156937124244630666662045018180073339867313703818350998836000148368139332100372776759659285760030607181154694226257748613203902161759047953051358386563844505680117608178495878527041647934
-1425660304881578761849182.24263099146759349158518114187438061590382876468644356320579914311004511805797427954504439216394511520453272027662770784985248757747368628538468857407700495542056251600589790110920378375892205027939168081640763573694725937899924150127109991913696759668540284834632942141242031433701867
1848199127763218258016442.01893919858166275411184537715508997873195310835608979661993365421575325618581366184530263163341040793087192902499493272022223140619704226933230983885142183507129720556923496739237758628239708624769501248486074783936941778673864621643779808794565807840153563788957412898630751868193275
-2369538835714598964065417.72018441956420899197778851065795702293329409975827906190011741806513361159196700236756096661921651935820065471619081769561095135837353113851403191608221679574950138086630007251264105096131225886711594584894194666597461565192607600976628498181480362574523112475373968366326645944312218
2997495979149769294406526.77513205127585176473757586279449964876709963189039650937892443967307169612386471189271212772156734207853431081298030598128985090709780196802153533506102018719451150353008782665738249431221451489846485261476567811231947165029332294169558470360388579953363796799144149593969635063301951
-3728053446520647122809856.12263062112326541870669004545598170271295969517910729195609387004719404996969430542198857339461415789443233494466668991055441829297293692752771925756266007215396940444998273947348175569491050801119853984188335281327288720782003833941376606250164003893713683681006913820700078836060094
4543651210306218278526172.03705274011003282146106563090192787925202517073288429739330243480595028369887723848584282018169435524846884021561114923726432250070864389280709339790267841882160443219042179887499067154226461216052430856031199615121666001250787084251510256362061411705048368038643290672099142053130152
-5403074056629401068853297.46186584835657582107993435001263283355054536907581813849951373647415268857072839506731208538637680051847186446176591882065552535814836182355714178317968884072056859325910374653940545084823202189924495041661639074743265243874631041733468867369673092520507541110047926233974270750099921
6240576629957793757324942.71435140330381539221745301428366515165203165018955793101160154381086226321302773839592635895473000586302427335819141889689939818815161800639513542229066369181168566302514469407346935421227653991000426622120755249720030646803646713224463348037272664557217204711477933775862862234494742
-6961522016353216063037405.8117953527929740194523875074655547562061819504737702653456246781737853314899332714905364990390283661314045424793118457126706010220819823051162394694258013661205624771421460598729908303268457420209063796832528232437034754481566072636637148906383502173237940529495819064473892638546194
7453134227573592518809370.29953820052210492467474026982448047039645379009663785772053629580866475559903631371339460634712109658096594770963521864793297951902087179285721564395000737495431727898523241202202351520842599871743686546416211853789971526462873206185205408761206563336435369012814143190820079014967667
-7598650520615499949320575.02156306965107994849047181194267061259427170070783127867421626690194779556150936746305410239558402718391011283477440883117721427216848208818674962260810321060480967509847880243267280747864148767514623610032772474700560536968446884733149213539012386690535329365081065001680330680252027
7309711158554424064413713.2320120540678759116730108776547575541525440478037521789751739047419838225436056393252549363302800320722303127199339875948417076330471226480424680236236070489281443211726983670322835974387714589061603866368843153158929420472496537966005446106199537770483387236542497299347431986000733
-6558053579643699635967287.7806842266514864572169544001162651882892728051773968717464066745561451003784041382703324179692171028102172261891188126750875367133371100482945573078259212030171888723622320052827449519767613617257723553980054135372811734235970553155282774644038417389834214841268864968577513675473919
5408337775231240398066097.07471691153290048097986903308053864692169458657505843992338772357489729183720991599794917130260103142069317476904638055322092252027694848178289555974948744769884725282573805577822366819074496717467430567730032677497764735574109478080986759350222989147274026737197222218167710170062829
-4021486681058839494695758.07550528920587458661565570498252024008326466559317087908681449543068843797323619841143726807935071832229405227170793683307862481392304057662800641792404496011748138109161992162727548791517421672888757806086794278630722094689019554566151451444928795691578342665283340636151305574104993
2626905401490511261180845.31306190396879135227187114091545901697205995700141548246195922341407254336234820330764907812745621346937557083990503110037408046340213616870884132440211468679210256189555457272790186162470848171023383044306989756059795524519150318948766581262515511759347672668924600223333305751722488
-1450814014755300177239546.41755440707364922478571121227184492309040379742782865776354569737347215977357773251897159523798552086620346435930996452581384124936553256816726906985641308686321820134271431169376186051804592803468375861879562801807590673400186365750240518711746260027773573085837611962312534137744207
638154303123771101030850.106832692391242650613178954706738088288172873224565388759264061516442071407317893414774065268780585364346718879067116362316742178461243470063769720019221707242288700381542375403033349997354349376379021387983804952679943428159618099216533296250489734551389463680826227734279638879790283
-199965407202687584944481.697233818521429041319963824854084613011031695919178558682489619550011887878763136368930907340541754207724079491888404516260318169248296392612638463577418053395971573512516693832992492605994836006032329599854469333513360526419834694393326985786566404719059368743288247040886962838321795
34180845503876384450814.0259922069354874413879528017555972471296903688792544300359407665027770674813057762653304028851054356080011123893041240293104555678229898718209508919459603866642569618337332211631777937626260051652753283696790970758195662436935213173302281611392915711564700092811744684363251369187862774
0
0
0
0
0
0
0
0
0
0
0
0
0
0
0
0
0
0
0
0
0
0
0
0
0
0
0
0
0
0
0
0
0
0
0
0
0
0
0
0
0
0
0
0
0
0
0
0
0
0
0
0
0
0.0259052625224183187872182617558678799043444599536493314620419212185896142509503952686402421245259102487296705037173302379200821511858587811785293627635098601015194184259635551269786754101640346111265495200776033035433736039055647234760739618963076753076896359897966499689131347936769948564301828144377744989694
-0.0389995945309273284598497909104798375704105870189889269067114372568760087144782210324280472331126036351600544978616879049545507129256577701368081249582106584482284301506470628114913969149835696112597048523138365887516172917764843572468215321912458686829584871180098652717639281768261339126239365544616379965599
0.0231673978088197259238935600924714971919218756848207333717284686680222038399601552060531166726964207428208808194216641659647654700929222787244949071950381603319822934974732751594044790581989861286271024370202284404316026270121511679811608285004571597738213412779637585804784919937127589942031820380644299924541
-0.018808171020386969468146149056989245876610049555641405868413028391809582427627026898792230421884022466601327896557690325458738516666369885456028988281819314781642077050735726891561013813823166139266141928585777065308165718668662597357131695752695065453453791005473178473057618633341455868976606880282663552525
0.0168037649764128859994773378395608876402647490517196903982486147464257747461925662377424944768848531714248774687003640744406812337346052111317752125494857791872773924990550613503089168225096182786228339621541537142736593156992222612014889889079905033996917824495051691113818574536634542622947446897613764763256
-0.0158447468605461085256472257157975415485450613531207247559507223460151295032264899513041872458260628624316080277830478247101987727515394016266828652585725860282054791174753441719938902394628383340290768227204306549463503475143680051294998398786314375661148451170333046511188208382839729477715756737342632066693
0.0155175642516937910959196214257063516307081288135785736260952187978018734731322046062397331919108760031153956803274351595090463340674260321054476000480481157238866401041747687737032235039725144630147494804105660171187005579707260750476725346643780734370591145642717118687477506191648864376217034157116730260654
-0.0156583514073012982970612623838730866156646170220296491660971408278672448606546978357229409767393331656918315224926765029614740741882300415427197740440791182875870553256080943519279894298692633243910831061794716814291299507073798450845901151909582550585150398171996623645182263508957932034174685655542307138156
0.0162042913045430243180766927596778835641745236601203698435937368332488537196524016773870706294797721545365148950161135829009666281693539394163906594217622782943622987412209810148106115202319088136983918905651358879793542583728138796625500569506023551214823029999404608996247117765069645316524164400683025545979
-0.0171461584603120293956636334133372037701604339071108199878218043561578012898646336373468009533007777230975435536226322395141929983056213902944658835396851419699973870848767871221021199353988666065462553017458075711399793892730252534248416689787892045534875559762606023436014261902037169626544622280856057164565
0.0185113158557575943837072436045899486495763716400562885856707584131540443255253251044479825271976493396630077022714520247738476624401385741465521883221148006238005701814862502474529346905791384005526461681570896270853224819181270492688157361623569321229436503902553768277096318351651491090030788000237597246613
-0.0203587081177273630653184263852852282885238730295412122358636113115790519704064101514911224141772496809305500724164767524286032703598067728662829625861902361764250885419115245058641044036778722638559287706717481412852127723509320804457880854471739190538129136852136906051937143285213392819246261652654656725122
0.0227800128176484139109602704275365172363561481724773184259129395905915485381416459631224746906624148476980188369481312150085903987010619239872445478911978046781070871801015700365603435438360294012917330613173599488480991907464723020136880802000165994985021215972782518755042108149397261799933910392313025137719
-0.0259050535414657611549041883215112723277688232489881487749057676183799094060887227365586616052599861591671125378353248858160279199304628006991287551333957466849733148312184071869173664157149611649465457427784597876505456577203497022503811817881320755602604626416393596285086738306637254921750616401964536044941
0.0299111462625208368722565197408789451816128993846528166075188947662719943746392282443169847027622285109636297071685586707224506315593261242319672773905473277797451479925611192891289024034545066821176333068752907104171907212237549790161894316987389784419236000049308379051817909526238357874988104280137719959819
-0.0350368404516259779825825134767408216249406031507122024610338714059417437832545602089834571797892108782297836692158161850056912759413983876794302898069724540644009274650609324655898332996104797557815928604526757064032726385822853161561643437868878605287714529267376204415540742616455834409617460155855196821403
0.0416011080033424337542344086386249727303419193363213689467891285302366124353677619578338427851716792777227466680565638851587969100264226683708898334455176064093921459193658423991057301699106698326840054660226649372087622174340128017435611059206032022957416504114858908781646047942319047444334747893527814018318
-0.0500295611502534856127540051004336551839568684985837376223112356290554942152016686457140590283257416946285019928075538339086728433176014494285536876111070139113929006039244062331136610836332289475616514823777028203240121723829355085861051458180526993078484343367402287776076821309489364999563154009421941599295
0.0608898864561216302848190339478714155324195792624932958296261461529229037435232409995732127584845957322653300440038741798086544734863851936323141660075617737111309718644721708735301618991412967352981502168052641572706141072771607005374138256978259707480242851453043968678348358860665533443400495913045473586798
-0.0749393654249621100919589636170675659241533432422257092316808777686647364842674778748056714454388677030261929247274142197636890117905072399080079798718386848075082950392861626321913485004301121628601085162719302214999191110370473469967556458665963887551123802463984502766987990106885925947375593883890944397344
0.0931881357926169223367897290422739573382434999242876263405523958816734524009720962806543546775451864598724689339040536441965264036788004352924953807670477644077275800397947580507963236050559984187452873617043310699791896207686786868131767718623005483571909311262230048159021097437108333759597251526086042408532
-0.116982680706996274909471222430307724164656573039545780245166753286052257861428435086549651437562301608433039027606841555765215637633008011027195599522760735362567371177887458030261873290275676069921494787768912131920070479342637111609315084581847639231355236655942791102208832678884768271131606767077620724105
0.148114800085154853206857663251431855039390097789056956539049300167286175415156941335137979231407429385419731578899571768816426845038675885345680254921107211542213056124719915395966784695392539796812047899622114013732149158466925403596527019972988498664725927194759325907037620419710039143550405818377217459904
-0.188961778357846398065976758164976349144942776079510968471942093324925995493129625568742453793812449438954744529805529321338659668986813798358180790028711113392762570532593599413575122134698728747517532857422073370217538230403169623843773804067717053623072224325031607400149141118229061293816995707913669156061
0.242663177293900112738979813803924010498701413547043612535984590767176408672941633461579643862342078423906586617679071652901975710056272361360534774674192303897427225221353372239863190682694664226582760342948624877292031997352033405423977635075909774437610165064870214304097743652307505193845082092082252968828
-0.313337913453197344318927041205397284291470408321412195330836466140651631402072079068791448136390243702851318035364927967538306798371544882322518254872476321692114431250276138884359184579420922533944237645281740337676495336447203087599467784752940725100133042152094359951978125078765087568763568929836138125996
0.406340862175743551937156224001642465607870897165934483486652322370231174408905803585816124440668092644602269373376662942330262405766830377002379822188479846075796930311368647755836293477833013495406883799152316475338265360995917812346423531365349965271849164868247113882117982246822716139414103110603416022075
-0.528549443031441923868960926702986712613963768455278444484580366392943864123183214047824093678025712891578688229155085955035865245905612367777124840388035308660872534131918899466325853546391307184460061994090364001313133860235186230839994855465563951316354333492993257300564556929423238018932760982660614474416
0.688655134708515143489664453134473090260373599663747192395949078897395182907102241437800927880886570342673501058863309676272714769521686755118760859571960456314481832685982235599967006976967431350076667599897593924182919015333256752184428992369425573376120725361070719547530654467677526871474505993284579880953
-0.897409763027924456517757128723375839937697605846531946266678680062766067924742975466380706337694255706855325545496602710311097442361704481003950705920622259094146355558905223319806699380034806084890178346756415772173961148010427143942617426950300805491813686828881672670757316067323786019170626109385708431899
1.16773879892442640061673619449660637001530080581036165910794879264613698151338364966820470306252498930936677086369837482751689193554713857081133110910163796968333096792886249467248158686663470155171238559822063593462643431474574367848625874486497259310901614081707841052730546218972933553357223065955325626329
-1.51458210108134706916334395591057783463791126400696506577589445788389069581085425063507799968938558773591218013003244554740122535009250009576517492718874506114488932275797853295434633355909341923298303601404938071921286489317242205779000117953477597479223661590250334548711782121172146504247437165825412363978
1.95425850223696742800022076484961196192264646583882805051075582480270412790306919247777041396418483254651530833143267658994250264188795461089411625594829693380874616258995096349932826601337081890381776437534944134351245754246010447090324207127670498636457409349825543743236574114755962069884755779339774882842
-2.50308408177274185374081378673620469952475238872576409394026799922301580090331965604696580407390218213775374226349205654170671821683976279686550279105732205587912817595883187303392225870937647858254224289893736178798184004762123034837379188101881817988383572304558116006343380025458902088733011457522500806807
3.17492819580602397340002748073089042349078177335478554976815641952409969090453223055349772711002493826718128807844093896774690005381243022293889465158130746472879540856684804804647479291878910531552122469066828355927297659673964975160660539078036577899529078399891617453458664354923117382335582737082961832969
-3.97740983037278341769910499904105044381188584109325062856677769499261155812969539915192862051694459338198027726975261321127703692459168992268392881654133979805850770285454824668281597101708995619484731287676665087432345797302839457187136671791899492768243402231598364104963665040826833962620720884601792148296
4.90658727276075258418691421385612725436556639598347253306039429686471226270832881301829324501191848971557288223329835984188658202864387669451465659575283853687692854535902122484370545813353554337948183414606421600702017895681775829271760836989852840513924225015489401451324254877890698566053112475064074042854
-5.94036269849804318598783858365145308460474752729791290013499673448635812480518258235501990972346943357782545981405144715602826561778657793754964245777554823640312078222904088083767447054420805182638460209663292876851640106922415653412012741587355783253355748030275782684333052640714391150298277276962166551382
7.0314880759603700140150601731802311815533646530713371747026804465070133717795738397996855275691454942898066679875324541620234610536547650318485022164450426077197020634309711728991864483909302588493664793278712339464580731820378005057145989667174934398168032174537396035700623384181424076663782939805195505669
-8.10202813332297871700700997279976588543955668013461466354289397818120208165949662012607331079447422409854697299581004511316989409321553106367452334291811561210222079759333130315536484670454855171146098970086228067717193734960039833295338271245440429750933430427960636244071579892371622407177623256171915167149
9.04224638729520634918900838308773778097095544538167220419952067358525765797227481149515090445327730502134877650318608999185914383057000467820005812724416906063887805211718526818335844542119810109178555365612370286080602975151655144503136254922043838986369371982221996225965394807534941010067078619259992019129
-9.71767452980946380809689082836137192594732801660631950493007752663973467972287035400344435203402516334709407347261396323938446661093849481843057158330383843972962210407414527894341906993444619476553850139621035171829888621278871374982085513315624654841839381641461546497113927093913443870127960774986176871097
9.98779223526933265949394990981758051914144151031176827351803779326957297954716087789626002475917087781247335614070878434608668772626680144972476478174078146811725179704699977687042740869392162667789081190122918167748356245707290678102936050680237974275385877578777852736395195202115234673974341182584776870489
-9.73727040304313398063498303561053984301112844243341120261980319939497937712681392627878738908805857948037892668863454123752260324918115816929353577582027365149542852232140707651900391301461760908851332689019588253294345019945395422252113858227140116146278276375979637126258482979055198558399448447921915510732
8.91545867651369872377152717201371584802077786401694190645754512318083514517618397753456641693687031870077123584383690164331695163131853202117785878805400443877024772994300920035019209249374869875830475409401995511390807327140736034003401815262077743449302032190476100475496267338384516144667822350426231696067
-7.57244603441622138751655760832629887939371132047835847327429875983166899347494560474859560209423999247375172978041511560849763879889645689512860494364248708667625341089464160081716776637897132945687479277528807750217260147517555246280217128262457918500831729350213528220434028217103807290127151519516033060697
5.87377096100408560861192722183896717034448805851241151875205523086536183256657807942445041661828431159882468644819748704682562075612224854648875977968148314047502866488678745379462433226754388344190702008461026506461526432339615507461959488710982784058322011926869900439090572055551326816848770422427493583303
-4.07635880618916307986787419429741608458783445705189289302289041113106549748513868837772149775511018999583209696165057449900033327043611002965776924077328211969287627731848135312293690551471110961254094751391613055526948088164798937193981903336523711177302713109562829835217701313008934690914002925989192780492
2.46098174095614702564124765821864897558728428634192377046096046057519172985713390467683064713835127092507832183985841301782949481019605035268530141319577547247143502922399157411571209665462826266699497900473252565240384949287212118582961904310088086640326168043561577303219813869005445318783792697743223390117
-1.24089792159285427908858749084365345116091919212247540249432219395375320838679205411636265480035782787642425937036924815378568489506673812126791675662664705360873969279453741039121097913661803460974965052537304422850708535568477162698648987492432101892502316623360256382616238343950968546874430111562366800637
0.489965970914532049749006775941366328503122493606761051131050327050956155951754650710162373259176861269422992408149437367786295940407600035066808506435375006602825902064168793958668260315787949624196865849087257596919233610858384721256193928119824754156320001105811977545494594898974734895929681584150801983106
-0.134674101404504657070551775804132427830645045786637744511878456065028970350115341731155728915563353643771079962296910438227130477695370696685841235320967304563435205283222739221427625884233427375836769030948614294598614589721197752554554343613113360888774730520477474872310526889511672764372386885767134618347
0.0193281308442906237919567725692122360614137424656408762970283298124167105142638477500547570508975512207978072349486417151285117698543818173868976951107849106882150252159003986246454473076808251840973095072230949170780782522745089246331533190139313594425764429397561230020040563975472642585391243541628089382091
0
0
0
0
0
0
0
0
0
0
0
0
0
0
0
0
0
0
0
0
0
0
0
0
0
0
0
0
0
0
0
0
0
0
0
0
0
0
0
0
0
0
0
0
0
0
0
0
0
0
0
0
0
0
0
0
0
0
0
0
0
0
0
0
0
0
0
0
0
0
0
0
0
0
0
0
0
0
0
0
0
0
0
0
0
0
0
0
0
0
0
0
0
0
0
0
0
0
0
0
0
0
0
0
0
0
11237207831336908260111.2639300534198699809387366810898232909550022994114225332488132614850677762488733750364975731021862212657718164791062347932957732389088190484059632167918173352970973849280602681410640081754498259125630307923862162812768623972702688207709475822882001257797783304610838619469651369968833287
-16878907782583594580337.4669720486080391525854985901254920430790983118822776895465037018676936544941396677079311203373519765772386208906810038590754602750377455183259367229283836583498311685428547739290617339368099650596940763359569673376618637485525266980005727586204358092412386469486863328673224258412169498
10386279433213456843051.163322154551522159079098773799878218847971261672186194267285774943359476734185942077670705682986852784415863925842417155548692168873511894296260136900069934813855136727032797101929782738498811960339565158246580217371162836704638459536842946585837737940248701439817837882859828224668382
-7967465515606580085025.87434439513772382371493724751992671047329148520829111414175310401680300464429022772438833061891983290012569631666595275839437451976850842200708516634185189410123989535458794930986269762701594411311922861892145594869689986583723690746766780414189000482368296037640520428643808521402606993
7779507826431360076986.32577349801397334849346728588405684706030393622799369325512121360911702772684306251614120844158568738096113881292872465509604594905283740959955400663046502362502489985976918587940471814361391059566787609761619735862284677230839992916077829857293578154057823249719392021948070017996683129
-6633113718832091632678.50431202588752449735915718394404964952804265036272863478005132914650510698657507647335318614368299784364825639201147097825838674515241565785677745128054198299486761534438309120189241033870385583863307991516279682669098576900880038880945777226530473925073520738986886340893384188390706451
7280433343625390851402.9253120845728791736051323393998878837303882651785436881424502615405072212351613538437899825202185588509934244713386825224860062365537380222688535119682929467347051787992837066758350086393997460740720147183477271833675926336462094848771248879855141650244257667535621121351995819745621648
-6585544561023116957039.88405852509031324001111733605417200384484868198057377045405228152488074808742893794985131433382658743742057659002142991564302651889647647733373464755705961337261897633642385914953422462572983670378511111969089865840165068081391482272801786022953860942074901487594382459284357755076882142
7608983280544975031829.15442059673290070610928633372775004009253266500142255418375545992663293290879504755842341854432552108664891228944036097584031614697039674493784158075377197714151810672987151446089161811532218843599712093473139740889497336423496598959239862238100122046517090371847295804294515130758237507
-7318819512600620648142.51218901388622190313957880701986918370427928097297368823248785270014043587166737395576038412881605305449352817954428908040179220695164552076153489138852446375317053055491670739170028704813037929446596514911840781928653373233917928752515497188412196725582308345689406189638453168283681991
8661229961717002307795.23782164215699793292449121997237476076827294199394629171318125104613581610164900396498627384452296956375989659499873135366103285425605973128363440326237114890565418492305379880349945523799333803787654371347801730105938945876471686946582318719872853727742677950647135894077914045439685274
-8854361854381966324418.67462933619608558130498755182722985377146370712461604887680732445217696071039330919936141429147530618896605468242082237123685583754169413751429068622722873113049205304193158354882564387960763830651491890396678008705590605415034738647686398585650674251747129763326350889029855378366248513
10627028021622599449434.6900739775865951752740650578417279413713925117935661302268677323472586573986246485588137629150155459595130534345114679149894564632091145151345223869485091286566048081416409567123096311459538105804375700781958922814139418235418339975980342435142944013687242825118472735354967280285910431
-11487946052746686817135.0685801613797089410360080687088822307062775193969252827623574569553455681343038960166845082969621583114159319595376623072072101109686836672163251143074941996738614138416240777184427721298202199694468885690076501917802464531792530917476573490213687809432528365514408043188879594596414897
13955606658997475249893.0488107449580147729087367107462167437858789233279506722749991117093894730107467264656788057686590528248827392542103490482027938779769650112134504037458208999533166969726737923897259839336437087235869318209456403179842157326395012887559341946136891278857090001820942918333462447653942606
-15836446535135662162419.6228474481702600098667835515558978276667579208777279731373864349655363124285787602960560206561554901082791413446264358553298360492929921245631230740327399902241779989655915363180815324909079367154536500080127396451051379699135607971407916486664450789794972629852243165152540632213910653
19491199403061730535577.8444863810492936937198399920269211731740509999958399343025316255305757206569722711367996047416838597382681261084613869607678294764397622612713330484199602089219816549516628751195993401711805804917576703983764913094939625670300783884645524403265966323076551211779928639316645498596738614
-23038721635872272657768.2454305255464634217737949564369169523524552698523591842434852387793049086391371408757090828395242475873586184458813682516420549838299734043950961420399287583541912058194918943651306826570167365257564233386134143971359364806987741624239227106338652455613617749530073951407119985588491288
28768935381931056386523.5299795982643089952374863404937533856130082057039370640891036271466162709572426982124372220263212395620918146686749092941540949745044369396192060582329280379338185172446850485791717219046228939404063271800265566953532229521543430563659805633149226318521003252355502014919041723577816376
-35163938218723893603875.6914954569245441106823063356132501037939074943486698348216372575951713022505876940811840301440052517947771609326357410356434575240970158551627726035778395014615005256781220231073084240938727865580950993870962688933432281512172097298740999919555978881081309052045464595279665513932069001
44578927483308973903255.2258072668667196042522852455724002651490250382943979559453527121788154380826773074476572385777148055700648714171155876907241027244381441533866164366511467103684229691820890258197708075079619813849555649539416977352199576976361139408696358691180292433026172308910036522634308628107513382
-55980297779642601696673.2197665475432355466460195016982170380425928055462606530818866224381668029615230304193656254535226865144664499632708776599582397167072864137474043056965523811790714632715040439915315155044772985480679863210872257902073501127060155850650024524692707063635951761964716616076214303286892241
72010846343511062712269.1856710427342299056424288475442723659439690260010179850018753365538573536577952194416567106357441050731491151577657367670658121405982085404076299509790357247495411277214094369394453206887228591864930639754134125433106327762024130694990350159290709753895148679517108697768975299740997728
-92363837035883527981796.9531121391228752485792503096513018511641265361678266867044384462254927209123752285329498116431844467656361329150754058728940680289930189472966261909808414380955459903166488968262954125890893225054941026233042732257674220526173483674928758883180334699522230613405634416693762993493166718
120340196271192295652939.001148547548274784538543350803507443339870221622254364475174060679331112775061055064061787536407305716510454842089848757144573620316972068583564986202476695655388422450802847938593705559613125657188009510938064010130589003956289023753329290097716838827089567027264677754542525090069924
-156797534440461659735428.937511587775567656349871959096456556261399763675991930429751635726225563099595789306823589364221863660203556957973783685608347410925483047746942670105863257513922680892070815452767506426274451713206420534724364843067286429869961095381083711704890737112372761072217115243915741673183649
206294587612076206591070.690217265040646843541753937655483917625562648992817153476650937427076388544353551776903333098851557644785918365475395332194381400079757544338209376570110860161597619137608210168514079369957299525904834405677130578869502845124908790720810973133125570050461960780340819977427376329492155
-271562260085308983412587.983246774236529555417398642111601234504669960172524341626239156672698590907867568610260092167784769475466877133732973285751992365307592777480049129366965298420474919731968978666421003189036507091993860343891913333780134028613117204017468024310595462058534324081047364024418773153661874
359298431253675223051449.672136851585189303258176026038592776909512855844499505301269867934394122494698618264989021741416538718453674816631661397027980609359158388909169677875003275293219099655313341596458168379119026357423083338972363250792479917571500816397488056138803947326512562670348087538200045042554689
-475075307131015462540352.771748363321030289774845330739855504455549337597772523703125361316258682380366443163526469135741905426832118826734313929043884597851779570347608998002423715263413214847430981831129985354105897920502023176208001653180927759386872065550896986996997930187100634916613560869166410777134033
628753491561600767058057.183785821716467023801535695194578634365508859066115819878857754360143501592749201005265549998004948026839079616884565592227882994502377367963666664592122929585066410340871553556494232147905590416801542329333963440488482788817948483021746927288330680971527802718446947669703846681908893
-829606597776546012794700.300963490987235406002555217828797700714969774203316848572387991813630450320043679546038869301248125506275167375599813449775037258952421067727767336765083906695749238292147469286384741268704647214539396856763461605817465329473762155667668353238052515435408224062972159766642687506208807
1091091863592949162011582.91098040297452049271688249900313159530663026116321353162324113627082893511599692323952929339882156156937124244630666662045018180073339867313703818350998836000148368139332100372776759659285760030607181154694226257748613203902161759047953051358386563844505680117608178495878527041647934
-1425660304881578761849182.24263099146759349158518114187438061590382876468644356320579914311004511805797427954504439216394511520453272027662770784985248757747368628538468857407700495542056251600589790110920378375892205027939168081640763573694725937899924150127109991913696759668540284834632942141242031433701867
1848199127763218258016442.01893919858166275411184537715508997873195310835608979661993365421575325618581366184530263163341040793087192902499493272022223140619704226933230983885142183507129720556923496739237758628239708624769501248486074783936941778673864621643779808794565807840153563788957412898630751868193275
-2369538835714598964065417.72018441956420899197778851065795702293329409975827906190011741806513361159196700236756096661921651935820065471619081769561095135837353113851403191608221679574950138086630007251264105096131225886711594584894194666597461565192607600976628498181480362574523112475373968366326645944312218
2997495979149769294406526.77513205127585176473757586279449964876709963189039650937892443967307169612386471189271212772156734207853431081298030598128985090709780196802153533506102018719451150353008782665738249431221451489846485261476567811231947165029332294169558470360388579953363796799144149593969635063301951
-3728053446520647122809856.12263062112326541870669004545598170271295969517910729195609387004719404996969430542198857339461415789443233494466668991055441829297293692752771925756266007215396940444998273947348175569491050801119853984188335281327288720782003833941376606250164003893713683681006913820700078836060094
4543651210306218278526172.03705274011003282146106563090192787925202517073288429739330243480595028369887723848584282018169435524846884021561114923726432250070864389280709339790267841882160443219042179887499067154226461216052430856031199615121666001250787084251510256362061411705048368038643290672099142053130152
-5403074056629401068853297.46186584835657582107993435001263283355054536907581813849951373647415268857072839506731208538637680051847186446176591882065552535814836182355714178317968884072056859325910374653940545084823202189924495041661639074743265243874631041733468867369673092520507541110047926233974270750099921
6240576629957793757324942.71435140330381539221745301428366515165203165018955793101160154381086226321302773839592635895473000586302427335819141889689939818815161800639513542229066369181168566302514469407346935421227653991000426622120755249720030646803646713224463348037272664557217204711477933775862862234494742
-6961522016353216063037405.8117953527929740194523875074655547562061819504737702653456246781737853314899332714905364990390283661314045424793118457126706010220819823051162394694258013661205624771421460598729908303268457420209063796832528232437034754481566072636637148906383502173237940529495819064473892638546194
7453134227573592518809370.29953820052210492467474026982448047039645379009663785772053629580866475559903631371339460634712109658096594770963521864793297951902087179285721564395000737495431727898523241202202351520842599871743686546416211853789971526462873206185205408761206563336435369012814143190820079014967667
-7598650520615499949320575.02156306965107994849047181194267061259427170070783127867421626690194779556150936746305410239558402718391011283477440883117721427216848208818674962260810321060480967509847880243267280747864148767514623610032772474700560536968446884733149213539012386690535329365081065001680330680252027
7309711158554424064413713.2320120540678759116730108776547575541525440478037521789751739047419838225436056393252549363302800320722303127199339875948417076330471226480424680236236070489281443211726983670322835974387714589061603866368843153158929420472496537966005446106199537770483387236542497299347431986000733
-6558053579643699635967287.7806842266514864572169544001162651882892728051773968717464066745561451003784041382703324179692171028102172261891188126750875367133371100482945573078259212030171888723622320052827449519767613617257723553980054135372811734235970553155282774644038417389834214841268864968577513675473919
5408337775231240398066097.07471691153290048097986903308053864692169458657505843992338772357489729183720991599794917130260103142069317476904638055322092252027694848178289555974948744769884725282573805577822366819074496717467430567730032677497764735574109478080986759350222989147274026737197222218167710170062829
-4021486681058839494695758.07550528920587458661565570498252024008326466559317087908681449543068843797323619841143726807935071832229405227170793683307862481392304057662800641792404496011748138109161992162727548791517421672888757806086794278630722094689019554566151451444928795691578342665283340636151305574104993
2626905401490511261180845.31306190396879135227187114091545901697205995700141548246195922341407254336234820330764907812745621346937557083990503110037408046340213616870884132440211468679210256189555457272790186162470848171023383044306989756059795524519150318948766581262515511759347672668924600223333305751722488
-1450814014755300177239546.41755440707364922478571121227184492309040379742782865776354569737347215977357773251897159523798552086620346435930996452581384124936553256816726906985641308686321820134271431169376186051804592803468375861879562801807590673400186365750240518711746260027773573085837611962312534137744207
638154303123771101030850.106832692391242650613178954706738088288172873224565388759264061516442071407317893414774065268780585364346718879067116362316742178461243470063769720019221707242288700381542375403033349997354349376379021387983804952679943428159618099216533296250489734551389463680826227734279638879790283
-199965407202687584944481.697233818521429041319963824854084613011031695919178558682489619550011887878763136368930907340541754207724079491888404516260318169248296392612638463577418053395971573512516693832992492605994836006032329599854469333513360526419834694393326985786566404719059368743288247040886962838321795
34180845503876384450814.0259922069354874413879528017555972471296903688792544300359407665027770674813057762653304028851054356080011123893041240293104555678229898718209508919459603866642569618337332211631777937626260051652753283696790970758195662436935213173302281611392915711564700092811744684363251369187862774
