366 1
17064602274253361965747.6347532444698282607573443060371816048197466217987909585985451171232146338898035034205787419197740943734750118936281976075667672733998297311642512875312236610361612349785530008192403009577631064066469878890256056810120735936603999206193869072990406826049465095009467701906386081585187562
-25646239113394813366356.5054707668875539868147871634711267943841669595686861378126213888062594805420561721734168577855790721298557351402102871997345903950877814248987429196348161425756824794483927512241449497416633832553982814631865588491912759482605679596520347812030778144255467692861435814622136519654845234
15517461442887638166772.804838349026940592332983120828746066020986373464107705322965552974976005436778487167962242690933104287828104667172242998599362012667528278586156000214183483336255727924696962855228152038932088265712345089352204908416267877745026123511181276625637533676056296931502200268704673250310901
-12139757352583567392654.2289864061236566950336010366926360427679163955321714956327858388559566958739439358296802004765535812891806160825235656609806718963504489538675089115133228771673926512868531008920926041849064114953316887124789780163431332424756759092549234077429487595427264512633252065027200395295023097
11377807231898123679141.6050949412797139780700297017793948241499359866764570959207777019945634891720424974258911728820640811610678778162505101520148731402638020301329697528916667110129434884520056102295021746935714588797477959099431191754400619724809619356672232232321634826415546578428997119281361595929610202
-10015988517180876777178.1870980304800953507527138181586110628557387819517564610351073372025773485577678863945110190423335853655526021068552727679526435111620515221023600410576976046063785781246370175548456114123297240078352407885392085845902458468034629168199859260889079020746528291824522292061867571471210014
10442466964566876991372.2153552208329771613274371802417048060169585699148435608374027045395314257169153389581128188280305195816017062942234755906652046134740561819771625640352583436411031576949656685357028043401144126525533814994865671756779387551700273094054385255209274389173077179572473664126159392865593762
-9723090648839894134937.25743822081642070111021348765030526518484697414821391242661238285728041055797499668322951161134661557671987030678684279106767930564925199529222816734036762325079668402527162816622780134550316361474286140791877139643338280090831427128275340237747781372258083843776147666745126284176826258
10685838462560502600307.3471819814339967300126694813864515884779425233080857463650464628704588874802405361011458292724526659056837953236892211994627060111421663888743384682504860041429070573846505879461526101864741579959056268081668875748950141997723658683241789933241862131453637021973170981390845071040517466
-10465744124771001584765.615666532991915316689393168481908766084421355593909697976001571691602736250797421563405470642628856260743535677941426668097499994432029786251198732314680037533464000821104354763024133996154893861126033408972827795899058438409158735088115739335593115140924922195265488934693335287857188
11853899842113138765631.0467653660693990614491412267889727570934021382130561604792412658808877542228113126684953141996618700577056649267302886770769971137946053196146356232463915188894036589369385787235008958806845365709558714271083949066290099493064963147317609244418206422738424505408170769353236986594317927
-12188116533770976783688.3859007888026988615932522790477147471670162063014145038982743902954831540634299390834326810847979265851569543783281169960374300716845503997542803033925265226038714918699501350753208120957036459619496387900779121688889145883386136317161778425109251432434510789739867412127157082420812201
14092096804356596411880.7679151038249175550286473671101066203317241152578504771977445412451351448249102952931147623198574892583698865977906130800122650737454202794957707125001475270299366139815680112975643510393936509981030941774556110740795041391541327152744936919367047991227559119984902695758933142151298154
-15158160378414136305918.0869351171000310486453816886292401142269890632332995449807520221372086894816742432218588034938280873743711656966604839959033757248966758954568366123615882195442213464426977494915545361520349995756176610501565216229296452342188108489089656136258563246422059876987995158736894119519088322
17830470242785239808047.1839118482673110263557758862027477349958623113025067140752141048899548843492836537340937183889984216400257899939611457699329319385649482753197065838224173746551864330392735305082890221951822152995057821114580483458219436168649593341956763506663351914685352890320991502911101420936292787
-19971686890518111778201.4998729202030999475694233095166310920118860192090459792515785692743868792617575621599225862319758027460155746763558082138547422617848246440405022200048537256257402903436672206895619065527446364411769493952702592218080785086718405799107882588565948199217939075798575615431156290138300348
23884329045056947966088.8234436684676455833649310826071116741661795908785129446929356513411759431571522749906366543504009469542919843597081601245260154613672103739598502814030580535611970300322725674776355005584665742671828902481173660094179367894055411289383238735707863741432634086480343855871803796066446952
-27718969242108205285939.8833859197229704280175309307290792825050745997607178024154005402758185665834918173443279505858257912321271766055733344967327304686476096649153962293393772219560858913117491840414962938699012792646240045892788774914966357844087477774470911091339337405043212072609682897695656027910661642
33709212394368560412222.4068722781430473692900505192951606049017701089508081808531415812813108570804613893743735518891036748746538810901121276796489020176061408824964192237253674510125220058615452499203781606749792987571811895832847398259512927702676998837083038023154636571976833095164035164832850253513283204
-40339826644625260275041.2211723197503681040434843332363298544211152980957748443652810864080240899188248130941001668157984383551692381459894351676380592158442242401904690650674945626058282816492527320118426568549542375818323261492926061378803267707687008536357102937052691667800512955658299019501068437539637058
49893880959197231960366.9308237827047098390689131982359678662560607281673703737219946815685684858712849168133306610193440215201857087148728366317850789367982274130619735197177714824706737224527474268376080358041403242843076807288340335985548115627949525379521196336931067008400924493776931919313924726488638662
-61297802304684832922980.0476019625730163885486269167485408480161772931155469412186383171970927122044405821170507914932741014072926339171962794417488713025671167858913536800298198418887288581692704017345808348617437093738113618785330502513571735379198058773147983085767671983505015043578372982635578251251148962
77082653657551633145122.7776241720208954870973261927814199159854883147949798478283120942410559514416585808773124775997121608933006557682937955023215490944909225396358879095598197142434705880401178211403701584240798610389767761467627236758244562780445421951189707617188317519486015433371333494076353267120351877
-96838051872433076720163.875333826467656378963612313292211554370493915291123458305397699602962157822066317571647271968731769014860817813015455866524856444095365329827584433652704017173938586708114492039187831752441004856861311423842109692567236559758867525965892288856378091869633151143235798618222267807559866
123690025273619617087311.707724552398396820301509985546965423655469828527247735144627876118967553586848939338456910554030054018320425657595668030054590395470813892660065458497694480962538211585239675149335319105164338660054715400076890283615083361876144788458712028202818966267626794225092660819632428348886721
-158319758915395166708557.351545881177973196994372972174408709077715976593201056000283969269677874785718214006248983502080702471051088821256314401090580754072769176947980609831399754119265391437935247305914477713332117208187300986327911242706192223461957109071256917420180587370196768877591972291144392387199777
205065892261875923093081.83525765726208659988174013861803556699114706863736762291458806827808863746996005880766217963467056189201784858172283158175366287912128094224536271616046556860383993164798129730964775114642600230680489898105430677017053100252149561287256423174736947888448990105618038878429222292349277
-266495366022597277069916.755845043529995891239248967942337448677315140399721727480478776137997888463093506704598788710542956924281290289272070080139125224825709977597607375958680914151644121015248763980536367778275621197995006353722178231355542744814646924766239635978474871566326732424677819265966989457017205
349251188223693375204163.208073762762872557459148805296310381984552203420275562091838884569542458997043355821642755578955916453323471580404888637100874716322164231042876959554077874006923745547997858098658850148171500974474911181304898241088302567737559913637238546256436000901174242247941752752192713929670152
-459198030705608890898925.830265903250093035974738477971658965596757656223456820471914437570457866347438900462943158688088874003426885306830175331502120323347906846815787842036581211937463954407390934176562242636489670270245131579527141043795634540002301137111777771955011615500763860198766205602134013037106922
607151172241513655196176.096102655249217186869510123357339864359311429441174712872222492879082172395065878341181045710697588241647465709163086799840618429555090421786747115183149210944038113655416497159323171437546326257179894681919030300535943653571442356348104422760434483768211590326475044603867050426536087
-804642891496756844111814.416241394703238793116604913055915260298743677268035333532036079671434663455207263388618178682990016419824113557587288869082908133738339164918377672529250786062144104495577292452039708725819769466374049406851770324338920815201356742961601649130975767159905093420205447886332115666431335
1069654369782327759660409.55313229100131611110993506732727168290409223375130335934324101681650196483996130371474919461764296223935171986219368059829773762536179757841756453425605888927016131070871149384173680151281371935677539106177902919285515435584251451722002742065537296959482637152637259449143274274658936
-1423007700744073464828310.87456939957742287349325236032375399330578490655233270525371499510654838506074906144663959221106419542361904612807574122826020855495726715355240994526795277577517451323572256253159895541521238587439876814564803338044610183942525588465442665005047729387835856720163182678017744682085423
1894094415782249594025179.09841356121481733546163228126280254973362090380856414617105650128611619675300795557341432458013338191813964809489361077173349798871058045632747929238785421604941060962350307889815588415202414157949059122124786930404150870992416087167269048252683351014657794634501235893013967683025343
-2517662655146739495093413.79897019361080867270229499118714973063928187432648386269217567454074999552098843265743686154755667652645783711480432604614928025055133247415307645181846697981966684898677198726781248872324370158747130547722961963854497985884279884838129734010713741357793264346959082341662969894482654
3339110274811980251120042.40980798015229177016500513434282538870159273855397668436637596483359935396144831730985428804871160421455289680158054859501054708267357902707379072511046755291357213151872928102506176494039203267711962757635113648102520549111269897567306293508235470121901721948078469374447017593335229
-4410770437908443435402843.4662624154025049887053155082448296227739319891622577270938162814606647399716547186847649743639837143037143636889839460591000494603070386562630369830014863479962550253619744994208393194379128181696054509511512641226773720493979115149270893924100116932076650090010024613694503875470827
5795343900239134556745877.84334143944495370542952487128567998239463134320509079767999994034502729156897652044039110034348152599107709859432834102747036509463067927174704342312318886046473063136377487388404111805057573499389939117675152996072010052409316621025504637723099628286347288166898935896954883911771103
-7559450149582838108127436.05302138484780473197788100686296283626003386835716062100796377911763813158050085834105523702457184785675340063072888313690481715896691376817732615574610602101308934645302607442294305697101721520373502646113270874246008451432958671061847920164580916489897751586045996769985197414329048
9772138284693969353184755.42707864298154733531749645667881902989538107903314288973461579818101923311689629012909202290108024817469421389446813758129219702794983729117785309101820588777133122138604036135025127387453601942010996306294952953375361531566940435445064087273604599227257112241684694039997318431743534
-12491792546859660725709727.6894951678838795576212849346682336450191203570854731598534760926925039887485510130831080615389747417013000642362265035287882461525500270887973283341503330564250204743978607025907077646774850549033496636513198959627393361972410439005385587605480278523253230729220772406793754718732852
15755471477157623250896098.7331152057795395270441701974900942152887110578003098436060526887459422667977129102342421690999266642445963124944926493192279047828770396065717394054602839109672019505099598252826430998118077106101567019776730602503441632528100476746588620368203147979689491957119672836483671710790729
-19555538942824133801620663.5438631729651119999118566120691099050125207446813226999890393818254690044461453556899064924365273748332396952720351388725127713835475678259265239009216270013131017747641351995635610594967220195412036483657314530296022175637256769964408563850888470942598851583407607431706687233021629
23818781892199958799584281.5905236610588688230800887942413724313903842433955825995570209556904099056434560672351044266832774828093497920053389554150232319194245670302137569724566974716003230862444029051690659117042719469395184019588551358406557052515949817554865648965193669158182657436184747242473673072298546
-28377069838225423642307399.3000383112674449370654607531376008743354555562241877814284113207650992498189742796368275979217327729516008377076348038048601099593746103387693728429139578141964125476962468393161307432282377903465928395988213574998465455723997020875473630496957149545305341315970261827471620400736908
32949470444172432255162934.7853657812013242317592805339517039446355112793907864339226014491254465822717651261699425810774869294635229702714796987492910547177367372182185247351248091440856060864772504259417412153935822146388505265284053484487740704681784719225320600399883849548842199266839579214779192418175749
-37132147691712881886818606.8027763505972897584612247209217312488048335785236681768336453385692282184869791589298731363734726996010250229702674148914685871495402524365287398127497221774375192128577053631430509792993849529229717940871103620672763457342345157686191425166951551880037349942161595198153453147181885
40421413178415407624236233.6949208792569506710337278595540759966133441466986639413995019577198436549790003910752016524434536157190860093895650694034735332821132643267705767579955884877732320242115493988832413345077152391765606906430458798081887669653670624966342113438317780046788057648314223701215754725670951
-42268618061014749825550986.400434298361651365731967105583556626585024515210777865425522179130770790405837823940786740241936357628197285607364674650900443171596315365757919360543261186406085298736604778398530893266671567671146169622962259355029568771847727868450712802330214155774521359497971550224579826836724
42184151660533916982555985.5736625953662674069981498167856672432534333780135459120515695444157422378811784034597944928918001311876184319520544297059103679401704664248716756074277771676424106367294681090540674104905683988152763178259492875122135193078782584359725152465315108309786538487919347637440673168786228
-39868116273164327289375417.6834454432273059588983860706164259059186316930849047137481375248549338584795801651876632538791290809392792865181685938471687474175724111478449572288197732438434975195770821998072458364778035078065843235560261968805542318753955792325174753516178422124850974602440425358778892282402026
35348211574796765535159573.4651915668118437525854054885086411065102382017276948176751739946738691142454808492343711600900915197010661013920716974241394291590065350004517838717892360766772946179478155393698673335009865730233868451355686214198067634733539126161700374053864074613871124159508720390660409005049523
-29060880352186814041046392.2172076939300817345179397342214286827629120783413515979909118524921992368009954210239746242259298414721492727690379095753986996432420391866893457739385565527642003490680136973505633804889544490824294717781783696144263467233983904021254418223709230585855404087492763711687055117446926
21829375318622545939663286.0186321633891472372845285288466686452737706981431908429736744672255838854913950578486509374739732136520157129314351977091265833749497691472181975741486855225649842366501542144318879680329317650338210791253254225718044970505392942093827683518030392551637767610028718183157078039998017
-14693948110866491801296052.4532155842945491614107902118144561222454437491226369618464094211736703497801410118149717337485768880671724009428274922061675506540119444866444462196896724503714304972961276736695821549572904349694486361191212290894810320821824282558197734162764773237673233000405524251770105512229917
8631832882960096271981328.2531528481802433589363235581491792031811486022397638754073094803938004918583883559488029938110345356434844824838633661600879259407754709620692117149689741811673133234779861380581081400510235403591442401346074450868389669840376978763607083590962179903895646691204488398756950345272641
-4257735900926855699031942.38570794527324879470028663839800128424995076798207610645448300197142638852221482459336762700569523176837664797653195605985149439435813449557867377093865111927917929118024816224471867349836479406889475412495277485879353710715769108870526074738079963712929837401202975064765409090972774
1659159416750816674131227.9749966157453307746402347512613227660225180148170546586625395186046689318807617310947634011263811807081801623011546487795691538813455762691955851411808948859831019850287465699016358837246510350768887882419333273935035728495981096720880581999313991727335364484892029324164215264227631
-456432081366222765458645.288603169495487090423201950158636762233572823394715459957561965140811376956491224492365719466972672419214622636771319421109759306207282990585194932725065853665685822209740600664801999541403627282822146640306556031224071961443793468987455505469988100588705884140812475132276139369674443
67382837490117235106883.5166374934014759291635059722981271515369556514145945241749066022972527548572476090562757529493864404479303308353813637611315634260162370796212137094920180811311364657852021736156686158700396014431135605561505346333803939139660984983014065204181311341164959896592887429519383159624193069
0
0
0
0
0
0
0
0
0
0
0
0
0
0
0
0
0
0
0
0
0
0
0
0
0
0
0
0
0
0
0
0
0
0
0
0
0
0
0
0
0
0
0
0
0
0
0
0
0
0
0
0
0
0
0
0
0
0
0
0
0
1.67746418024636839595478951871778899829962325734026211144354715019873325011790307430879521789927807473623574034415142195756482818473402937237744348841439412781201157850575299323367614021992926080903734903253605799076032897707136483471939725051829721330409401856996518170334797247985745178012242410210207461646e-06
-2.74836012429311304413494145751836929422132691643162547776478964889742501784798819065501560230564458228019995132862812442896920617892021522681546258578604477728720612743466679944588817685086209235598630157902557410205067980111897870604255189015763494713749978238160280195050684970345947588158152571238650241171e-07
3.10315894084411138828171609760192125437932484326795353637778814333641610889219360702183618984698440502069692515542155464430606010848899385786256668953929238634768349227858264583570031075996896624775831604794390359083449984831043016163244666941774527147204399250635874436768224295550012953381913230786292743313e-08
-9.66528556658203715567700661207341099717709955950215480672517265300346863355287317079704068921924335205228253720645375512488451111817555043748078697521115182104812423720637867734008671762543047991765189225577398409518602855782333266254909982165017572085624491791002406258873545026618958434158588514446053063439e-09
4.90662766333933585224439840801585587320184855814391901054365013058286662507037404512171332245847042438385868123976546681870609472072676332014700507325666325505036113986102333259263029538408130255182897929936689971116929578502491294220795390082962329780791879666965776253367870080871767937627763027929519384525e-09
-2.65215976851244186542005296032859138439361136135520909371271510432322923324579887870243434664402530369564247294746993565489412006364684400929886742205444785560571765487580111263453659713833165454308389276279591309266457883704107247144645471924661722683352248891427893191167997682999451825983740528239581574582e-09
1.92296256445767398037137189440396463071102157940747683839810094262531306349574113445215799420025481000179719026396857364640397145339490620858446012333260903678755650917444753901542771159883419110034672573606094237613128667196391485642370202544042644141101294404420519720061979447591506174491938517145039356266e-09
-1.24036474775117920446054828271771680998946031209496278674383811170340595747768173256871829397452330600338039411208040237989936944543179980289247080258171589343042122488559677835231397929800561652825693106922151348348196918547719598513730344989664027523945082521947236785926473780664632749675761181220545727183e-09
1.10908893480189786816249479369058380033014115152291396833442544177966633777770577160534298013723363063348701096412753937319344408726272822881034714946131285776955486920030578283098033440729393714686969815099588258760608747833356856572530495808911573511369068021948767987153964971314563334889076596763734495219e-09
-7.48141043763172499725573423372670113545655927966627238924494518386079353017627608206949790754226595729617188595044057516076245038595569555505236466163772078322294002905956812036757836056617843273632050200331493431751386854952349657131057573433121500668174350888343030703554550084620822023211648049779996169661e-10
8.22073418176093504460167496763064255646128195978372857795108542484235270746578986240512338161962841545669081956785051656256538011676689077161598677614328611655860120794204408746611734245875335480894607960274184369476512698338117934135098618864908649197271066832640623296827367802882672932300302688512989850491e-10
-5.02925626689681847781600448125886293517615073798051897477747881404261775447077146838260377511680426134470818494778722421700320063855686607033422063901530731556820337863766115381743068557863048545627329604446475412474004966517614524875365626053741713984876607095181327106639598778817413112538765741783460412988e-10
6.46100447505537125864527819367801750474564126720605983989909505319714510613311446401272194116444396683672623773551453535400881636975299206834293448163070554140800562240988376947180939716143417145007011069833721331309234490635485413499475430512308710105233287992337514497454203959082286827809845475566347858698e-10
-5.6472227444863333001071627467427227518637345426372337263543212468180577820258740882215452622483452678190413508722167814473057319272995164294098976151974825577013990073379074178313942765269178907021798488154585631494305981220391459103674831669214837615367509277099350538015831938405102431280678443276481154078e-10
5.47233085228370759597359680736563129680110882793579898812146619498232953277005554931979520240760824100462772545127655056741263347346263568817051891345336681508999921056865454796529389640285474048178348224254714359206491314842164214128146450008950937688376435845544672254800628954362583543544991140293795539444e-10
-5.43968965554750558239730629543848178206916505538606782539093996914260493307537971532382742862108379538765277983825789953912462124027982281469892275088241517268573232097309433688375807496297488971538184561078058087050023781947184938114381161244699252309804427447701320281050165604347064748639593119965602254484e-10
5.53393083822199784118394632727438771472391406562368896740688139265229432805631525463594153002891004006938598291150585179476191334625436509003318255173886577260549085259977001913748016751572686983352105405057971114953353635670787952684887911227030736777371208799184094794302852847281122941432632191652535588003e-10
-5.74826692279739197318308914448988657343896690554801370009291429747300388163533547603623508585960403395501616930366216217752883522679867854326841869520382294386217280958774755404822312042157206686842422678582564484665996743532490285557138200136425061685523324312492424572608673255230949411884579089470868418099e-10
6.0859811961439794513981631080464145105456891457239071768369251225058756080225047832292395492689677287880951151163604632772855725258239033314884260379265470537208747448143248697106026023220263268066465183723861249078944499976194920641521794858468796544463017522707338749696911435029955780981293321877033333496e-10
-6.55817981315014152874838764245406559761637759286771671025223358346153195917918846542919399741446145988517773019465710891789059701777364224235251297277226289193723010088528822504326768332751685456747912643040316656346047523913833121769000160272617889027972119760220503569962889985365407355325614564894099496696e-10
7.18352519401303164055705421993837017624827337185780336304320319136798511472360046143972525490577159170878473610016490315965606401861042523204450104528132020371565798158567548384425958388535668513719781753428745340251993596043155870202516772429762501872615544684717477848098463427337236217987018357995810441992e-10
-7.98886505511672518099293762031955420238491067694554123975114608686450347969152094330693368509476026664210536723327518264042379399598112067353636571371472260624014898135053280994442197580848870154306880973536334505266200139238611337054204606423694257920041660584231167499487104996843138827111467151534820449473e-10
9.0105385299279632113846114751080520494736804529122642522832689828547895785078845918007080809713767889061020673172296268344305149544317504824714346626811866438493937268826700424882859352619029684734892902662837777488765437767525543214117569029070854746009175914847254230541554171539209568572475193904942525309e-10
-1.02963224491084610509726612192987735016405575028857158133714565371147752305052306580325711885714021960793084633566196503178139405409545780955207196747570881183048119073111713034610003412049566868424666676681580761672467083034423868220363770556660992919923406270050735908621269580354265481335664449182189828251e-09
1.19080584699990688211076606652293515696067581572029633585925241302922182516401523549655301995570083893337188767400273867782256110877483394192817302413116647162080381797788035482408841539440339006658556818873175817364181842724635483042805475842636385377260812364256730559879062191723076739011025751577924197164e-09
-1.39250400055662412428725088230807200208800736306355020152533586785769040772037220637807576681043937046565918911745353598314037856553071942773908407727698147740544493488377679526099843310769986888491583843071307669791207365240720310068744222269893591313453002415815456709885416200872524567365319070683873401041e-09
1.64482531065051513767581330455437899133955963966810287327489045586353224191621088430569207738893482204955386261474557427366375612845564015057249198987185349547928703127694440509513156168432927682587686659901035405116581749718814234580970142364791330790631980512832904334611776528884254267450174959105116556249e-09
-1.96055565854878035554518598026367165309974069205904822447264562604615646246277004948804102659503021579338344457210559582192673990326897795835266605884703902640446386623046320212080718301132168344193967188595087404809675853012883759663626316117928682397935266513432387698832449041021600316860150890448877879188e-09
2.35578438036495535626694986061007529106639072616142136929060759411059760916854482121554017591839117020771326588026153150518950206189880823993328000805767572044079676156267080924085984841560406179230813759837260309353962502395579641321934960665948648599440415937355275079464710306396621586579413815218939548709e-09
-2.8506133954408853356472529214723912261396439243506659403400863896726242636826147063705572134826621010516635417875958517639905037647161419171467401921830962607881982222526840926368298592866497923335224886432004345291479330041547658683134609420236927854576685427437399884250163948023963176531780528412958856189e-09
3.46993683187455490289881055245901839594568130366471177409198767000189965054365900570485100418659965559018855864995462800808907097217095947184540518147266856930471355569184344706784883774511961211944900343879868937496202314138848305904768300173609207189666899309520595665269520478751198642071611704402020963359e-09
-4.24424019336658482333704908227875838426549169254037624498593305843404858394348711811270295058807351238696377470283519997905686409612923824498662026660481711433507583648425756641598981888691491152506179797451490125117307596669713061311477085043788922050949003440394369377866565218791873604906457550244486919301e-09
5.21032407845435846838880425064107074412553923695445976280459249344759111890063277996219461654741058489664015546672369875714342211313003922242686517642776862854595922613073856582453900624843526009077832957205898002480231895451190037523260899379932999399120295174440888452014417156466516284801357107829555978406e-09
-6.41179334259364019315397305319389590157115172330367486201323816243324674339556329885353438470535208185206740978608027656600811736955062182544509990137520055103630931381755980237774534691242003770010124447671502867776140544371161129898487112184212042792911498334079702944993550371694551044768390449136849593107e-09
7.89906468728488207260718211888798059339142977055933158172623640544678787258673482679695229115025870603147918673780550268739579985633304717505426799051005729412531336250473709741423621005361331719153491626904387235613177959726213821735332433627281577180596820159383834574110529472868107672021536446577809083482e-09
-9.72853337923695465573993806685265027381162689974549329535378573863210084548516548090431294371193602880119110828124220258047940401611175424424524173566953682715932999768773395939245529070458140409050278617578861257497501541128340330427033578717240746065124567520283241508817811647051297355070369689329020464512e-09
1.19604094923864506676716340887959169483185971538100959417300736610176322846479665289256316153176781124573535847006723202575144344312048232173017629777058272179514813537304525621623678307001486862582293162572114374720167272173419986887939270043758366225534464267939081928404904300215523032663493034416319458766e-08
-1.46546047912948954203212825366050479176006085220703242244384565322671983459028162871448677554345335022283938522208281456923852619727004066788676778582542514376247129187275098094003049513574586702622799255100735482090509189761331353873658087836430094185617056664133143881830819149723275325032108818838434861118e-08
1.78639625671509252307875993645871857598917508183850775085496332631890546168801385978046914907083617705681409605270872852462560209225494009663097061660591832705159758571370805077643076961126481340466594866743211376006059243514451615677977432196666797039518373066130814154527124322956603268970011213973388996701e-08
-2.16241424637059933011496363233153857614695997896088801363083035732267033036817019328191091308676094510747168071094475695523705244460551005318556781258248705300371365729885708103360082691593250995212774187615420067805958789153479876639052364502666397673542195958448946132169521189607630532851156594712796790985e-08
2.59397027745739592596363721221019481568433010930447157999607268462610281659753337588056765209157666327413441465873139910935381925953717134990785558178332684593344141786063799790780270757514870283081867857688893763058638123401254327913368747861304459896531039241030765408947536354186474376183241564565879179942e-08
-3.07664960920400880492401965414242677943016416581502802222448661622006829180079147262304060521878426827208933047484696895153781623961647396540086477645728479565906937653347101646962048258560947938318596106746989353409571588797729135457119095679422492425629413402038935877341248717487542154500051511276501709883e-08
3.599154836278679439100176222711544596974484931157507069095990248848809593467031025368997559083293019881881941958713076113723212375810127884303932352100463321170566326929336670632595172530948046453060388637032711271493081187936443812754764107522776099496439007898715770949463539340155220198623246678613727433e-08
-4.14132110951474177733905721470913320103399946019141017338802970426579717702372561130716053311833413416434588047554862622492615011935627925744189820418261248472571823062703657382226928288776740628857703556335947910574601902345856800046654978616377877193022527902247315621415878388489235574017450157163844098871e-08
4.67264890705492671082659092436598059100823945979094488457387531016787657510832849257584682156941978763717078799679955123699965052330586117630855975605097721601478537558381405160701852438077868815445110483131074146649050520173484801142637568175299136400694461696406023680520274249628335160776863300836176755121e-08
-5.15206751945190736606060779915637256815963526944252475625065219689792943589560943158913938496940444459629300372947305005506695131211059890977709009259430018881998992610548073560262832859791492022248550189158226611744102323132883919683934659487755190374046602980113012790656070254543562645418137533313929241233e-08
5.5297940950574011824284232287252429831022015442814306261425552439758251878708992781356971981277048016451550892456215722062176579036977920197395672744326853589462330513585891642960832405687795803935498558510708335310181771652387554103115844648233354932426550719001029817672377157586891655161280537165699914426e-08
-5.7520999952859563984889801028439326251328864943958331176400728130087808467309565714172618146617714270495354281313333056003928876997413621191920145492181236512723084208973423297407304279581093267142551679351181830581130562370518062584728560349956515572589479847727101634633726849217638552520561913250592954647e-08
5.76937520598826511673575653977293935944293768889491640074113100254510926113531984075720609778114522552043009102446465575197985008774594334611564390265539465926198475260906022166752412997749655381316088080252092530038801013019040608276973154811346912029837867555023725127595199640492395806751857152029545236723e-08
-5.54696677437076804735638561979786104118608283678867025606938572971237485955849626452918316473768038839745168646595429702859608192588423701537006740671046645599118309018148759255600280519417937519546361883063917267463853965448017657903078900774201337494191340106087178060332705250810231602031270424168576520222e-08
5.07689101236572157857137925479876652135417988688228452646034646692998831492419367126602059246075351390045067346783832540195763433068042995509996750082919268114109652462175625323493980755392980338998446753789077672609656164677451925841953920361472389596316220616100367332944363380924846405165206224847962605772e-08
-4.38701883835294862995447860513858217949625357599797041297656201666683762492895903705014080693756257060002290620287565218723955150171110303489691539170714613456362357843226414011525690443273110595899545108261764604355114168887351679213353715215101133067082891256559866357727443538087221958452379430441207760899e-08
3.54343248876627466947544755671153046873270719918129173621959514149443768004180316088957644156078325961217035438703195138055422856552948514900665534623745230037271379666855335996932485105548646560256777141653789810308118047398517054541175626487209986290766866050672273845853961172679513386935913479862093643534e-08
-2.64232099543908302511023873727808706373227135437080010875729031027822096987214813258507085637917098050812023321197195769368042136580289582886186631268649995813298279130817574145426424900722210134230729027888338632547033315997380090483685102833968880617691278286741203773458085408599589035787193690789409041804e-08
1.79074349759611831872869833290559226943836321568757974702915535806939768951064744695805195499498383451731449103814320125132680521194374420797414727773291523303817876953723417521588412765093625962780331249680509600366643285598710358245176616232180512363696532136512720741256973209411928973780664057356531223522e-08
-1.08051811751182823689579566204535959513491418173109058861449386065406887186487873855234100874444119089895362994112020641951257845092469384127516559455411999002477914415067156133693140479012356308626865898967142518308442968750356962697721368494142600417684124372410790792951154488723493020420680844490995839662e-08
5.64373532289310378190871799245678333070148113973998563717146408422062807394318135323732857814585459515815860397342641022018116457026002522722273929741710780421048001217656482722924054309943544738878182807774944558228595199725919609937248404486726143179516846822929814648538961406788268675450609150737257154465e-09
-2.44978535636948864102449956195855262731858738978945426513976107270121172902630569430430863357208521238706973604289480753131234636375659874789968313484503849320653249147369464120212076504530322441095341715676689443885294150256629807297130778011205770852996354616706367024462474218108605912769177868102758668462e-09
8.28528212055879599600850303606605411486702762149827824211782794636970165891533245310957428739002632895367869963098411669139086846710839914311547127694319558807016621602387530321909639915657347587806429852500956223191705253204528200455697229432105425364414472318100695388047680213285082375595450969727499085818e-10
-1.94075979416931648852446101038095834186457467861680399304509940140413084246755404136339939086450410485976160421644446678291281463921503236038592395136065072147656424602380338186747927694127378293685164041125955662662515517950568984438422048539447464132184257835778797702729991850709871675708408507161736996685e-10
2.36158011267128040080582467081875083786169965022258578743921329498754677030566434538074019038765223372501539426935042956501886377049988172152428235772740626036395163492978471478446761172199645443797672094748859551039795611148723671132738195833312713579453300018043705669233571347070506915611332648113886224763e-11
0
0
0
0
0
0
0
0
0
0
0
0
0
0
0
0
0
0
0
0
0
0
0
0
0
0
0
0
0
0
0
0
0
0
0
0
0
0
0
0
0
0
0
0
0
0
0
0
0
0
0
0
0
0
0
0
0
0
0
0
0
0
0
0
0
0
0
0
0
0
0
0
0
0
0
0
0
0
0
0
0
0
0
0
0
0
0
0
0
0
0
0
0
0
0
0
0
0
0
0
0
0
0
0
0
0
0
0
0
0
0
0
0
0
0
0
0
0
0
0
0
0
17064602274253361965747.6347532444698282607573443060371816048197466217987909585985451171232146338898035034205787419197740943734750118936281976075667672733998297311642512875312236610361612349785530008192403009577631064066469878890256056810120735936603999206193869072990406826049465095009467701906386081585187562
-25646239113394813366356.5054707668875539868147871634711267943841669595686861378126213888062594805420561721734168577855790721298557351402102871997345903950877814248987429196348161425756824794483927512241449497416633832553982814631865588491912759482605679596520347812030778144255467692861435814622136519654845234
15517461442887638166772.804838349026940592332983120828746066020986373464107705322965552974976005436778487167962242690933104287828104667172242998599362012667528278586156000214183483336255727924696962855228152038932088265712345089352204908416267877745026123511181276625637533676056296931502200268704673250310901
-12139757352583567392654.2289864061236566950336010366926360427679163955321714956327858388559566958739439358296802004765535812891806160825235656609806718963504489538675089115133228771673926512868531008920926041849064114953316887124789780163431332424756759092549234077429487595427264512633252065027200395295023097
11377807231898123679141.6050949412797139780700297017793948241499359866764570959207777019945634891720424974258911728820640811610678778162505101520148731402638020301329697528916667110129434884520056102295021746935714588797477959099431191754400619724809619356672232232321634826415546578428997119281361595929610202
-10015988517180876777178.1870980304800953507527138181586110628557387819517564610351073372025773485577678863945110190423335853655526021068552727679526435111620515221023600410576976046063785781246370175548456114123297240078352407885392085845902458468034629168199859260889079020746528291824522292061867571471210014
10442466964566876991372.2153552208329771613274371802417048060169585699148435608374027045395314257169153389581128188280305195816017062942234755906652046134740561819771625640352583436411031576949656685357028043401144126525533814994865671756779387551700273094054385255209274389173077179572473664126159392865593762
-9723090648839894134937.25743822081642070111021348765030526518484697414821391242661238285728041055797499668322951161134661557671987030678684279106767930564925199529222816734036762325079668402527162816622780134550316361474286140791877139643338280090831427128275340237747781372258083843776147666745126284176826258
10685838462560502600307.3471819814339967300126694813864515884779425233080857463650464628704588874802405361011458292724526659056837953236892211994627060111421663888743384682504860041429070573846505879461526101864741579959056268081668875748950141997723658683241789933241862131453637021973170981390845071040517466
-10465744124771001584765.615666532991915316689393168481908766084421355593909697976001571691602736250797421563405470642628856260743535677941426668097499994432029786251198732314680037533464000821104354763024133996154893861126033408972827795899058438409158735088115739335593115140924922195265488934693335287857188
11853899842113138765631.0467653660693990614491412267889727570934021382130561604792412658808877542228113126684953141996618700577056649267302886770769971137946053196146356232463915188894036589369385787235008958806845365709558714271083949066290099493064963147317609244418206422738424505408170769353236986594317927
-12188116533770976783688.3859007888026988615932522790477147471670162063014145038982743902954831540634299390834326810847979265851569543783281169960374300716845503997542803033925265226038714918699501350753208120957036459619496387900779121688889145883386136317161778425109251432434510789739867412127157082420812201
14092096804356596411880.7679151038249175550286473671101066203317241152578504771977445412451351448249102952931147623198574892583698865977906130800122650737454202794957707125001475270299366139815680112975643510393936509981030941774556110740795041391541327152744936919367047991227559119984902695758933142151298154
-15158160378414136305918.0869351171000310486453816886292401142269890632332995449807520221372086894816742432218588034938280873743711656966604839959033757248966758954568366123615882195442213464426977494915545361520349995756176610501565216229296452342188108489089656136258563246422059876987995158736894119519088322
17830470242785239808047.1839118482673110263557758862027477349958623113025067140752141048899548843492836537340937183889984216400257899939611457699329319385649482753197065838224173746551864330392735305082890221951822152995057821114580483458219436168649593341956763506663351914685352890320991502911101420936292787
-19971686890518111778201.4998729202030999475694233095166310920118860192090459792515785692743868792617575621599225862319758027460155746763558082138547422617848246440405022200048537256257402903436672206895619065527446364411769493952702592218080785086718405799107882588565948199217939075798575615431156290138300348
23884329045056947966088.8234436684676455833649310826071116741661795908785129446929356513411759431571522749906366543504009469542919843597081601245260154613672103739598502814030580535611970300322725674776355005584665742671828902481173660094179367894055411289383238735707863741432634086480343855871803796066446952
-27718969242108205285939.8833859197229704280175309307290792825050745997607178024154005402758185665834918173443279505858257912321271766055733344967327304686476096649153962293393772219560858913117491840414962938699012792646240045892788774914966357844087477774470911091339337405043212072609682897695656027910661642
33709212394368560412222.4068722781430473692900505192951606049017701089508081808531415812813108570804613893743735518891036748746538810901121276796489020176061408824964192237253674510125220058615452499203781606749792987571811895832847398259512927702676998837083038023154636571976833095164035164832850253513283204
-40339826644625260275041.2211723197503681040434843332363298544211152980957748443652810864080240899188248130941001668157984383551692381459894351676380592158442242401904690650674945626058282816492527320118426568549542375818323261492926061378803267707687008536357102937052691667800512955658299019501068437539637058
49893880959197231960366.9308237827047098390689131982359678662560607281673703737219946815685684858712849168133306610193440215201857087148728366317850789367982274130619735197177714824706737224527474268376080358041403242843076807288340335985548115627949525379521196336931067008400924493776931919313924726488638662
-61297802304684832922980.0476019625730163885486269167485408480161772931155469412186383171970927122044405821170507914932741014072926339171962794417488713025671167858913536800298198418887288581692704017345808348617437093738113618785330502513571735379198058773147983085767671983505015043578372982635578251251148962
77082653657551633145122.7776241720208954870973261927814199159854883147949798478283120942410559514416585808773124775997121608933006557682937955023215490944909225396358879095598197142434705880401178211403701584240798610389767761467627236758244562780445421951189707617188317519486015433371333494076353267120351877
-96838051872433076720163.875333826467656378963612313292211554370493915291123458305397699602962157822066317571647271968731769014860817813015455866524856444095365329827584433652704017173938586708114492039187831752441004856861311423842109692567236559758867525965892288856378091869633151143235798618222267807559866
123690025273619617087311.707724552398396820301509985546965423655469828527247735144627876118967553586848939338456910554030054018320425657595668030054590395470813892660065458497694480962538211585239675149335319105164338660054715400076890283615083361876144788458712028202818966267626794225092660819632428348886721
-158319758915395166708557.351545881177973196994372972174408709077715976593201056000283969269677874785718214006248983502080702471051088821256314401090580754072769176947980609831399754119265391437935247305914477713332117208187300986327911242706192223461957109071256917420180587370196768877591972291144392387199777
205065892261875923093081.83525765726208659988174013861803556699114706863736762291458806827808863746996005880766217963467056189201784858172283158175366287912128094224536271616046556860383993164798129730964775114642600230680489898105430677017053100252149561287256423174736947888448990105618038878429222292349277
-266495366022597277069916.755845043529995891239248967942337448677315140399721727480478776137997888463093506704598788710542956924281290289272070080139125224825709977597607375958680914151644121015248763980536367778275621197995006353722178231355542744814646924766239635978474871566326732424677819265966989457017205
349251188223693375204163.208073762762872557459148805296310381984552203420275562091838884569542458997043355821642755578955916453323471580404888637100874716322164231042876959554077874006923745547997858098658850148171500974474911181304898241088302567737559913637238546256436000901174242247941752752192713929670152
-459198030705608890898925.830265903250093035974738477971658965596757656223456820471914437570457866347438900462943158688088874003426885306830175331502120323347906846815787842036581211937463954407390934176562242636489670270245131579527141043795634540002301137111777771955011615500763860198766205602134013037106922
607151172241513655196176.096102655249217186869510123357339864359311429441174712872222492879082172395065878341181045710697588241647465709163086799840618429555090421786747115183149210944038113655416497159323171437546326257179894681919030300535943653571442356348104422760434483768211590326475044603867050426536087
-804642891496756844111814.416241394703238793116604913055915260298743677268035333532036079671434663455207263388618178682990016419824113557587288869082908133738339164918377672529250786062144104495577292452039708725819769466374049406851770324338920815201356742961601649130975767159905093420205447886332115666431335
1069654369782327759660409.55313229100131611110993506732727168290409223375130335934324101681650196483996130371474919461764296223935171986219368059829773762536179757841756453425605888927016131070871149384173680151281371935677539106177902919285515435584251451722002742065537296959482637152637259449143274274658936
-1423007700744073464828310.87456939957742287349325236032375399330578490655233270525371499510654838506074906144663959221106419542361904612807574122826020855495726715355240994526795277577517451323572256253159895541521238587439876814564803338044610183942525588465442665005047729387835856720163182678017744682085423
1894094415782249594025179.09841356121481733546163228126280254973362090380856414617105650128611619675300795557341432458013338191813964809489361077173349798871058045632747929238785421604941060962350307889815588415202414157949059122124786930404150870992416087167269048252683351014657794634501235893013967683025343
-2517662655146739495093413.79897019361080867270229499118714973063928187432648386269217567454074999552098843265743686154755667652645783711480432604614928025055133247415307645181846697981966684898677198726781248872324370158747130547722961963854497985884279884838129734010713741357793264346959082341662969894482654
3339110274811980251120042.40980798015229177016500513434282538870159273855397668436637596483359935396144831730985428804871160421455289680158054859501054708267357902707379072511046755291357213151872928102506176494039203267711962757635113648102520549111269897567306293508235470121901721948078469374447017593335229
-4410770437908443435402843.4662624154025049887053155082448296227739319891622577270938162814606647399716547186847649743639837143037143636889839460591000494603070386562630369830014863479962550253619744994208393194379128181696054509511512641226773720493979115149270893924100116932076650090010024613694503875470827
5795343900239134556745877.84334143944495370542952487128567998239463134320509079767999994034502729156897652044039110034348152599107709859432834102747036509463067927174704342312318886046473063136377487388404111805057573499389939117675152996072010052409316621025504637723099628286347288166898935896954883911771103
-7559450149582838108127436.05302138484780473197788100686296283626003386835716062100796377911763813158050085834105523702457184785675340063072888313690481715896691376817732615574610602101308934645302607442294305697101721520373502646113270874246008451432958671061847920164580916489897751586045996769985197414329048
9772138284693969353184755.42707864298154733531749645667881902989538107903314288973461579818101923311689629012909202290108024817469421389446813758129219702794983729117785309101820588777133122138604036135025127387453601942010996306294952953375361531566940435445064087273604599227257112241684694039997318431743534
-12491792546859660725709727.6894951678838795576212849346682336450191203570854731598534760926925039887485510130831080615389747417013000642362265035287882461525500270887973283341503330564250204743978607025907077646774850549033496636513198959627393361972410439005385587605480278523253230729220772406793754718732852
15755471477157623250896098.7331152057795395270441701974900942152887110578003098436060526887459422667977129102342421690999266642445963124944926493192279047828770396065717394054602839109672019505099598252826430998118077106101567019776730602503441632528100476746588620368203147979689491957119672836483671710790729
-19555538942824133801620663.5438631729651119999118566120691099050125207446813226999890393818254690044461453556899064924365273748332396952720351388725127713835475678259265239009216270013131017747641351995635610594967220195412036483657314530296022175637256769964408563850888470942598851583407607431706687233021629
23818781892199958799584281.5905236610588688230800887942413724313903842433955825995570209556904099056434560672351044266832774828093497920053389554150232319194245670302137569724566974716003230862444029051690659117042719469395184019588551358406557052515949817554865648965193669158182657436184747242473673072298546
-28377069838225423642307399.3000383112674449370654607531376008743354555562241877814284113207650992498189742796368275979217327729516008377076348038048601099593746103387693728429139578141964125476962468393161307432282377903465928395988213574998465455723997020875473630496957149545305341315970261827471620400736908
32949470444172432255162934.7853657812013242317592805339517039446355112793907864339226014491254465822717651261699425810774869294635229702714796987492910547177367372182185247351248091440856060864772504259417412153935822146388505265284053484487740704681784719225320600399883849548842199266839579214779192418175749
-37132147691712881886818606.8027763505972897584612247209217312488048335785236681768336453385692282184869791589298731363734726996010250229702674148914685871495402524365287398127497221774375192128577053631430509792993849529229717940871103620672763457342345157686191425166951551880037349942161595198153453147181885
40421413178415407624236233.6949208792569506710337278595540759966133441466986639413995019577198436549790003910752016524434536157190860093895650694034735332821132643267705767579955884877732320242115493988832413345077152391765606906430458798081887669653670624966342113438317780046788057648314223701215754725670951
-42268618061014749825550986.400434298361651365731967105583556626585024515210777865425522179130770790405837823940786740241936357628197285607364674650900443171596315365757919360543261186406085298736604778398530893266671567671146169622962259355029568771847727868450712802330214155774521359497971550224579826836724
42184151660533916982555985.5736625953662674069981498167856672432534333780135459120515695444157422378811784034597944928918001311876184319520544297059103679401704664248716756074277771676424106367294681090540674104905683988152763178259492875122135193078782584359725152465315108309786538487919347637440673168786228
-39868116273164327289375417.6834454432273059588983860706164259059186316930849047137481375248549338584795801651876632538791290809392792865181685938471687474175724111478449572288197732438434975195770821998072458364778035078065843235560261968805542318753955792325174753516178422124850974602440425358778892282402026
35348211574796765535159573.4651915668118437525854054885086411065102382017276948176751739946738691142454808492343711600900915197010661013920716974241394291590065350004517838717892360766772946179478155393698673335009865730233868451355686214198067634733539126161700374053864074613871124159508720390660409005049523
-29060880352186814041046392.2172076939300817345179397342214286827629120783413515979909118524921992368009954210239746242259298414721492727690379095753986996432420391866893457739385565527642003490680136973505633804889544490824294717781783696144263467233983904021254418223709230585855404087492763711687055117446926
21829375318622545939663286.0186321633891472372845285288466686452737706981431908429736744672255838854913950578486509374739732136520157129314351977091265833749497691472181975741486855225649842366501542144318879680329317650338210791253254225718044970505392942093827683518030392551637767610028718183157078039998017
-14693948110866491801296052.4532155842945491614107902118144561222454437491226369618464094211736703497801410118149717337485768880671724009428274922061675506540119444866444462196896724503714304972961276736695821549572904349694486361191212290894810320821824282558197734162764773237673233000405524251770105512229917
8631832882960096271981328.2531528481802433589363235581491792031811486022397638754073094803938004918583883559488029938110345356434844824838633661600879259407754709620692117149689741811673133234779861380581081400510235403591442401346074450868389669840376978763607083590962179903895646691204488398756950345272641
-4257735900926855699031942.38570794527324879470028663839800128424995076798207610645448300197142638852221482459336762700569523176837664797653195605985149439435813449557867377093865111927917929118024816224471867349836479406889475412495277485879353710715769108870526074738079963712929837401202975064765409090972774
1659159416750816674131227.9749966157453307746402347512613227660225180148170546586625395186046689318807617310947634011263811807081801623011546487795691538813455762691955851411808948859831019850287465699016358837246510350768887882419333273935035728495981096720880581999313991727335364484892029324164215264227631
-456432081366222765458645.288603169495487090423201950158636762233572823394715459957561965140811376956491224492365719466972672419214622636771319421109759306207282990585194932725065853665685822209740600664801999541403627282822146640306556031224071961443793468987455505469988100588705884140812475132276139369674443
67382837490117235106883.5166374934014759291635059722981271515369556514145945241749066022972527548572476090562757529493864404479303308353813637611315634260162370796212137094920180811311364657852021736156686158700396014431135605561505346333803939139660984983014065204181311341164959896592887429519383159624193069
