12 1
-3.99984086944724746930109324781807652314276858400847208531054558602730000554267062553514934736286779799004259437834776958863803901129591735359699653877756002066464501560050343474023203124365202317609330432458052204863480999838433422868615108638095351705931377668062360346930973238413041182508904611799228464036
2.31482453533468922285448703852607911444941773826098725143820865773863117407204275724619020819782219899267273670443897766196286573232974486379610181165205129473661688782751231291447722374500863810347247284518395775420985069688534672367215050798001328803100366083393350129921405891551127630281328181879635627102e-05
6.88997527535477210339614046757427515499194349622256611085699447808654498998114109689845660610321415522599839385020423926020198099916619087372262427947794820383613624840682242548683351181653195854242082141919953411171202331401355641004297089214374078418453986937209228341717129544680621743922481319538174823971e-42
-1.77166232017015292806514493232609347116854298079545810996184895565651606517747028218638142818790735707104642462615172655991891243301019407443921176116623026721600761239539002445023136039781781361158648144105583910216283208655447356526898713711521263175440322413835990550058922642169799959802891513099092204327e-39
-1.51397705010972427869668937330662224102907127779018661007649600216324110356674543380200883524986625832090922973894535332129179750375454163794234724063825061854545848540996577083515100532264585674836223228589977727724456624249215827095699024947660138783319144867001222599497537367089783844977412627308272264133e-43
3.80092009088453023768225603384646302387083068805560690885089500497150397558712092322966330383935252833242414502461277519039889690059131344301715641955227847190262858490930816719985403338050722962073504113432725146340089657667835191742309872383292320493248856314689730283857898424174191239821031957671252758335e-43
-6.63084626821127653024493539361434750583764363655589301684187068324880266055551424880789681466990473249647939269178865405273062594098111068768193266281515322384022245247823506466588013716682406544149578371272417696332010908553497276603205391113413943444813797225129675703205400626375667445114975739376017244962e-44
1.12959973698605645841965311533684509765415321667551969627640303027352853853519421934133749340086802858216258328198122440473457582009768906879762853643874731816109018554210860614376591766736061965135732874635461077578509277981224477840183794316843036817767081737965724981418017974035845012462044232427823139483e-51
-3.38618947215596454853994431959377122282700168617085418693029789490333803572873627551987275092453095162675719578001183905896599371791262640828052315979210874887568831729228284084237946071970256406076795903693969413117312512959292406387471483714690816766523174569840465237872330436764076405850883757480392442996e-50
-1.96725538798077298699332731709937996625588981016878830702910272844790449656640305161044154178740755295307196827586864445290164322655173733562023807623094979039481048360820461813856576233135402629921575175033746224109202628131736110625569262797200039626257527112294415857699421520354511337729967663422495553626e-45
2.37966093166730595155108100506794976906898181215703074866832901048360982632897538875626839861504560821701162560358479519975601350014637036308581444289472868165931264063192026065242014582544519538411048468545017109757360541054270214428021590405286683127382716943159982051461395381594687957354804700979024971014e-57
-8.60553521625197481281599560913117602095763487691767829836740281805786161494047209988709510658599231716492555006828595363434889102996070825303356251207911308044866263521442889114345127739820968721228584617527115139851403538510376595062895674256010221190796167161228673487759245541462354931396121992046385561605e-68
