150 1
11015100066919444415006.5493343538337526350524214426302397156694947577595581072864601925994707467224255283907505534149927019201780990873936599586536409536697071299147209668412441119602445283439181886872920107080571136061338812280218912248035390809207260831933735009432246098475439040161617742858570335481663831
-16500913303492189153748.0279582740266494571281747870129760616993993366754216600983678158702460011820041639141579813383595197442108262350218561935460170413598080761549034468573151300920004048993945165477433213640932593519493587299117600916443384636770557144034035206994562884441049792833848938158264487975992612
11141211110493108287165.0938576900549017744822907903481396777503936637487699350693801686365065264553090722327337431258136740270827291171639348176264108556550697951809936212501519423898095976431615444752680302338395987660857185917386766365080932085645241764466792937437655437228217262228392857522416175876608703
-7894365375094021010985.73876893898536305004185988136909549130151960229626635352249736739146139678682351154508607561934380669238708168412064753017306156112057812423714219150053574906929411578136734682497443132938011160092916404388940008541249886986080804720678503841510622955929345639288079864689772167457087248
9232843256557274552030.88954871518608937394547968458161977041515511267202152911055942903576201211526674031959318444152341526705073139541435694453054922933844133559563431750354097406294597889437549240174708217872451186909349743712083343850786282838179846110576376345908324036822245641892996727141909623887544819
-7371068313762934121467.87239300325374330096468009132403717317648528426437960102517416870019028036442532643040550740864417811550481412543563827632410670884640687980900381698571458861581691438698448292144043520059906725997189658224826565516181441244043651660826972147417129547932142281281178263038581172745202205
9636322578722937480016.0342228704820910988885074182184688774205792605073900055250033495700727679261592631616969995286690183398316510114254752586406536614941396930935754960244872191127446196972877589845183912149377900397585359810513915315027913241153053515833625037989991033790185959054757663725136299992397269
-8764106824976138893531.9700607554302776206575357252369083686969447068076385532158631556150815924503710952734103384318226867889964641027304864181996651775545661921775865128321563252436989511604356913695082063460273605847902596110856364431605324340010359214076164617924730789864490659128958617761751741754304695
11645897158751975227804.1862727689868783873689450694638102802322522298018582413686407924742333925837028992861433491047132156231598076753068934420889579830586853400970087070433044836515038147517198786331012652406559087240850245847881499203223701755495754003783832683765348197180628880707489129969095442229375689
-11985035144993579456608.5017394986467134614407991635485899960440639126830329241942114911874546552173671496593069466361451608103283927999785062460382934248026554521205076556068069817383873904369653619662414337087221137284187157008941725274289742459080193579618677894741948115106583002624761700174133709459525843
15850940413832946905811.8441257667747264360896475343035645333134357953225298328488508346756033916190043706830311274406117043628873067093391907983204398289998909521968089318051130534992673178326134599218606637577255071133277157645610554705851152468012395067923701094347874084249758686710612022351438270272051648
-17914763827743517514790.5028842350477913634033631315528450638589182719782930669761739917341854226031747180388795182593223765613219776162686963585569411729324494423227848726351326416404815273465651834885531210515294460557418569705616904149756034660254408349496169258166039639126482346106678980987497932941391786
23518567051234727568353.644436206658039264804645452650674493573375254229307574675995781345045507269727980019168458248171329835437584169202391022970534787370062468275151209856188309232803969217012811621034226706261455647046426748891537033867074913436013864148732134273700407202967889522623600563165887330381721
-28127271550475573964740.785745404843062094928645264595506029492239872993123676477980626952583581540957689940078842471878431981189557947976965403925196435259771232568365040184279295321715434112468192161654312403560236378731072835679920062385821259761452678105565886745308814873999985308101046676170961043203609
36414950606254042543892.5533086808013770276175201128225793844930927525268063083271823484237377846578916013569408072434125336186201927928286487844334121333238398954189946687402912826555988640051226746750842983197243686644754565654866694152951387695547460413761096931900895622444499677306438692114707052699302216
-44278981288248061210464.0754698486799750506920522131928488406206140752409440339016712507667984529402992040172401516065792400088841211464110696281997203111659838517358777113550603098645379264445183876649458101378127612983291782201958804246982381911337974204078178837766912652062451208286659645589118458756048197
55438515441840313105013.6981661884957032132857891649553133332822980429590495829168348356149084037144156741012377279806467244370207787935901619248348112431078697201043441909974209506044247530963312783431069865509577373956278275043140320923462084295870725897434241480184213150857078729225742843024937738782993654
-65418721241681059269118.8031708839666932960367296831103834309532228959263992792593634347665951571126689227855221568561465207921692734994519830986772020479999340433387803815784098078622930856260594980955117144013818153192592819095998632323886221667056891757295456903135232789794950259747616394291491799930557636
76143503191661855464311.5534004707786349316485054952739361514097438554967707365214584132717732741523013403931366899992502882052365327990502762007096173803040497141696086443028822322225074599065386070536492142954256427138973233916755268032228873708720230342843803903175168362077456229606525971612130697380929179
-81737408304061312227499.6112354908639685595349582690683966033081931949247930615698990165264687150918473872742352537069381366916629326806839866257269766786151532017000064656098098335065706464312664969919197625502502329400704074168903713590916078370365204352293486804816156715251489847897367514070831715226139493
82174620741725496886734.6325718843339024258658511088417232143696761968573480268972404064880484917597469582222654046167051654443313022725498165453646611976847764120354621814292483023966040199203636696801597755229773289517602140564135911364410535986333746051201773786924301512436996941031020449292153421551738233
-71804560004345662847403.8237400216762728823571277238964521362678317008325392217620386591636017200121955669203150249413232442159747917952715432100938532693277777758926682087913560806893027222649281251111017187838086802784896819868800067757609832041461703424203197030198406339870597831365692208819288672400845628
53520894840180144361182.7041532844891630913787782084028979235464342745481328406405748419248218022010340283460772086351179368317950046852243244405440010701662995168000614577186074780626032595633617554488232632184759758912250714947591234772833391011668016382674870624384473652316378697615938985836349529859674992
-29214897920312740706671.9546059848739266123704314972180886380663603643385530215869621201602857249561733548725554835386544962187685000303728575325566374283850174710507570964195961257692202168464165922758911954895863464618813059545683253770193813571280915698062275823426007144935126511657810304700830619455601206
9981926888181821478870.07572638781842848539058766965828033479694597729472841018591119761656296973318249302511084142946718489041120765677084677772272922007965585115534398584235168563879359451875802630216567392717735889405874878162808717604273196300453813457443664493861680648182007848461476481700610971316402868
0
0
0
0
0
0
0
0
0
0
0
0
0
0
0
0
0
0
0
0
0
0
0
0
0
122868277707589593269920.162023832619047770135173099679172355853596587097722055976150940634800419083383590629733619249818170945603895752789668094329071646699921799350371866907831572342160233801049235443020602939838127049078718158373439463881612666091862270406838184304661740749309994995974243517466738245356353
-185672481879780453069024.125795449346074367060889159409657426379808450101891936049792479197181134300407576377433703706610907070348553931665096019799105414761420126830911361813935874457089187460418266049237721577237455503962137866656081266814552569123365536368684670514485101823508031161872601402766545020006852
112385112577165805594623.165380816635350307623471303734942864861676627368396123932354038655329856826908275694392930507657618769485129015201052610961517821539794437455446622583201036166529250969712255925831404369533274082801358813169550487862343567510725206293418641934501581766248211319629154900893585070126912
-94339274058701872500770.6189183401125840746825567864827288872606145646155831088569779218409896027298162449201347501343453761692055265096234228964032335524465338780237196899142174995935565908530756194522486770766842924346103127107589159071529263798188825025523475389156933281730345621406818833346985908038776078
88386434101191415857002.7884068273849259387916995591266798464318454980590417451372499013408903195588373707122128691168082580633242785067332317498013663658447040719588540976828675356147043047470448781887882435314307947354267189271086678600662097139825560588464099399019240652042236627378639838478642630796785391
-88561461888543082862666.5090860084381601707982629655405139527902052260445222769508303648945796368013474083867112868545483889547633639963372245285812244884715112228200954445696250834636343442678019782259432295600839305506497605306904568469286114418786175222507899626985142326633452822613734824868551791798001148
93284924422289200620601.6878284377984477406084627434066181233768721091993142927078283673047990936259043693851617266611037912296192184419157382377957120117921947294778602755769640417044602655237800287795892691605582903997763134980760575940761366775620387789874415893473901487605443166644418770295978651858764454
-102322353050454505126932.230636027036338876469334620966787855534229337937562577290649022449835217886694309747909826212418138583010416919383086142113783538926277203877917505669362411920992405524164741252635851774928309334272770906844626157089238989605979763138738680963754786407666474089907356746491853408590899
116118790795468467726804.667868798184440438708246511795375491682486742639914972847387453601092513397925692199415292230788724786418749637237594844090126218229523661457973058705778243998166225564599450672255785277304606482199555454650003982942654285560359128849485468290268187400200748076388670314543410963672111
-135619896126588587757153.282785717689851253567572644143732994370079932445583761597171896680834211776802709074365254407672888504545084837813408454871898612950423854580023810552226481823595092427455312445897380746836358422423612400588452460000630923980717861983323979302454204615458255158555270522956636699587326
162230229964155776229489.601289776881904101287347723872510623314987355003335113514368448227287834026518025524574554507183365317335362285744859809420624871285150981277189941695756711776639410463586117231828346410425433158634933844277498993450648082608365739646089785777279766946772172513268897345628782142670193
-197792419458382670794459.086388028066022791446312878607736518809218332332964499718118578961802671791687961409021954268008434006937683432804170454030493949122403896266762839242622498291514704368936352563374046819940021990029911676917309693386049095759345501315938176393764945479338861978687677875023498017123828
244503156359896470519779.887975195844221940986609922305344677063573557048037386387515989242731144756175697516120468460965566999500368048536047996926947257539449393713545887116986855954195566589606849145079530126078148875020791915432250397272021102283337801520490851019521866734719031632248523189411779799994255
-304656758711106902298972.039833854005440065499032973060843300341845792853633920842062831219499675240309306442374928718220903509239313503383123947082544341080478529576683875112983288395414834440383375780631715831026540308709378854117797469639078723695537145731914865617860203049839427252157184990251112864400532
380055738560894488593336.861466594300378563582605801881610616697632360581503309673553051000044926249551374337731781180878244349137732555298412039724332248559418763790923117491631039630054463647886346765156803482318263906374801479359040689492292054989329600727450687239606651069553247846139473969671834766857486
-470878712493108177721598.521657603565101363287650169520471029895586366082227119671743428586412087900813054713226227666703444942490856302887389225837973912179677164178036733938818603698706819548055271046670443692209645302735161454439434365979475411157382903487886084587666892779123289671632821265204601620823487
573815830347767990932422.980344093160038522914543377187123194433988098868157403810436583775528029755792969521090792414234597391762279736369321711831565801573134062335894081940313084903925347169530679831489268969166881727085640390557809219343975473145631138952244519299145750250969027033592242115525065471114844
-679512830042753182684412.611422729526604785414218485534913680698038199086626351839715487326511694296206515909804164375941723540669208459123028749809698705895833839290497239013745304202489203386769452646130610771688851425671926819828919476751324684447236291878391033264544311264296216937046856960920534628657296
770031078077966012480982.355303259286870988602611237809320646326113367482795601229204651356973973623718452420856712621952074824848018106346567026821236145238145299540640512775237386944539515703576594143887512355208581717987169774142342895307951830364621152832160847663301209781955759319364746585137873493200135
-818308512929109612411898.703457829513860805053165695945102191943307812359089934224560152206551782769832447129009198156470965229994927407133907510102757382245120776172494738439513216622495975433376598952838589502713181725418711180217780761126254864279657416679794750393084601320789400017406958487582334676362761
793156706813406578576498.023637824940331746376297900305581110974026012739145617881851297590757713969018943740881046005323410825862950246896340172351946946784832138040825374116192217027865373841430559168314336728442349158763972771505772500625094210777369849064035067673159431344205697249257015994071860102107904
-673402171920106285564988.445380496095314016190423911434341365209432996713432476265749526179711918722469709909025577685560087583061704930904603188646587498382591878342408650332391474144653836441185492305521623617445550543859061980890896538634075351088487166309644053068108274266320722134001578891430075986753277
469680680726945414584956.105502095600433499614507304454939492988388426283846931056683216605775307147339924616968803369831127898866906446685105378098233255322682084275460043886895934806908816620277492925432568523575711761262816882802625578598819381008365077765991686058746081563180960457737259203022179888207623
-239307620587278290717506.922964312853437205713787851917818531592230390677576787766269028581541186562063485368786097514372435706447491019635684305970173327431584779167420127899023627414527073717769349872150085969926769426991567911312050017624623461430983906626421425751704218645407604247042494855236836009379926
66828210802310578076227.5974544979715412351944249584356543996736569542393573327810754773184150722675056200358214203056114405177978777377602299537975917028024956446022324699625948103418099031102045423511475173740697258015114694029508700832907708162175712609881395248795264492480974762105969907087943655374727008
0
0
0
0
0
0
0
0
0
0
0
0
0
0
0
0
0
0
0
0
0
0
0
0
0
0
0
0
0
0
0
0
0
0
0
0
0
0
0
0
0
0
0
0
0
0
0
0
0
0
11015100066919444415006.549334353833752635052421442630239715669494757759558107286460192599470746722425528390750553414992701920178099087393659958653640953669707129914720966841244111960244528343918188687292010708057113606133881228021891224803539080920726083193373500943224609847609912153939669039362476548150086
-16500913303492189153748.0279582740266494571281747870129760616993993366754216600983678158702460011820041639141579813383595197442108262350218561935460170413598080761549034468573151300920004048993945165477433213640932593519493587299117600916443384636770557144034035206994562884442047735996271816114136474322419515
11141211110493108287165.0938576900549017744822907903481396777503936637487699350693801686365065264553090722327337431258136740270827291171639348176264108556550697951809936212501519423898095976431615444752680302338395987660857185917386766365080932085645241764466792937437655437228821293908463094946575982215195174
-7894365375094021010985.73876893898536305004185988136909549130151960229626635352249736739146139678682351154508607561934380669238708168412064753017306156112057812423714219150053574906929411578136734682497443132938011160092916404388940008541249886986080804720678503841510622955934406337273696468119141638560033016
9232843256557274552030.88954871518608937394547968458161977041515511267202152911055942903576201211526674031959318444152341526705073139541435694453054922933844133559563431750354097406294597889437549240174708217872451186909349743712083343850786282838179846110576376345908324036826976043512869994244908468359160169
-7371068313762934121467.87239300325374330096468009132403717317648528426437960102517416870019028036442532643040550740864417811550481412543563827632410670884640687980900381698571458861581691438698448292144043520059906725997189658224826565516181441244043651660826972147417129547936875822232307249988003842246618214
9636322578722937480016.03422287048209109888850741821846887742057926050739000552500334957007276792615926316169699952866901833983165101142547525864065366149413969309357549602448721911274461969728775898451839121493779003975853598105139153150279132411530535158336250379899910337906833995380530315970659017862525468
-8764106824976138893531.9700607554302776206575357252369083686969447068076385532158631556150815924503710952734103384318226867889964641027304864181996651775545661921775865128321563252436989511604356913695082063460273605847902596110856364431605324340010359214076164617924730789865036184596582701657219030329206825
11645897158751975227804.1862727689868783873689450694638102802322522298018582413686407924742333925837028992861433491047132156231598076753068934420889579830586853400970087070433044836515038147517198786331012652406559087240850245847881499203223701755495754003783832683765348197181246962158276687746023591546240783
-11985035144993579456608.5017394986467134614407991635485899960440639126830329241942114911874546552173671496593069466361451608103283927999785062460382934248026554521205076556068069817383873904369653619662414337087221137284187157008941725274289742459080193579618677894741948115107304532243566839636176558671548258
15850940413832946905811.8441257667747264360896475343035645333134357953225298328488508346756033916190043706830311274406117043628873067093391907983204398289998909521968089318051130534992673178326134599218606637577255071133277157645610554705851152468012395067923701094347874084250621551619419140317178365225852438
-17914763827743517514790.5028842350477913634033631315528450638589182719782930669761739917341854226031747180388795182593223765613219776162686963585569411729324494423227848726351326416404815273465651834885531210515294460557418569705616904149756034660254408349496169258166039639127534337933732301513970288254288711
23518567051234727568353.6444362066580392648046454526506744935733752542293075746759957813450455072697279800191684582481713298354375841692023910229705347873700624682751512098561883092328039692170128116210342267062614556470464267488915370338670749134360138641487321342737004072030978657837460235314160196428712412
-28127271550475573964740.7857454048430620949286452645955060294922398729931236764779806269525835815409576899400788424718784319811895579479769654039251964352597712325683650401842792953217154341124681921616543124035602363787310728356799200623858212597614526781055658867453088148741618665279436885585837929557345452
36414950606254042543892.553308680801377027617520112822579384493092752526806308327182348423737784657891601356940807243412533618620192792828648784433412133323839895418994668740291282655598864005122674675084298319724368664475456565486669415295138769554746041376109693190089562244651684629701640818524052934535121
-44278981288248061210464.0754698486799750506920522131928488406206140752409440339016712507667984529402992040172401516065792400088841211464110696281997203111659838517358777113550603098645379264445183876649458101378127612983291782201958804246982381911337974204078178837766912652064949879838167607541585160627819394
55438515441840313105013.6981661884957032132857891649553133332822980429590495829168348356149084037144156741012377279806467244370207787935901619248348112431078697201043441909974209506044247530963312783431069865509577373956278275043140320923462084295870725897434241480184213150860125312067897284686124692853860102
-65418721241681059269118.8031708839666932960367296831103834309532228959263992792593634347665951571126689227855221568561465207921692734994519830986772020479999340433387803815784098078622930856260594980955117144013818153192592819095998632323886221667056891757295456903135232789798562059617740297976515772752302068
76143503191661855464311.5534004707786349316485054952739361514097438554967707365214584132717732741523013403931366899992502882052365327990502762007096173803040497141696086443028822322225074599065386070536492142954256427138973233916755268032228873708720230342843803903175168362081553116955473214224124042625858783
-81737408304061312227499.6112354908639685595349582690683966033081931949247930615698990165264687150918473872742352537069381366916629326806839866257269766786151532017000064656098098335065706464312664969919197625502502329400704074168903713590916078370365204352293486804816156715255850300192962251306340444698868749
82174620741725496886734.6325718843339024258658511088417232143696761968573480268972404064880484917597469582222654046167051654443313022725498165453646611976847764120354621814292483023966040199203636696801597755229773289517602140564135911364410535986333746051201773786924301512441233290281273059209740004697807822
-71804560004345662847403.8237400216762728823571277238964521362678317008325392217620386591636017200121955669203150249413232442159747917952715432100938532693277777758926682087913560806893027222649281251111017187838086802784896819868800067757609832041461703424203197030198406339874208939156233712207077464043730635
53520894840180144361182.7041532844891630913787782084028979235464342745481328406405748419248218022010340283460772086351179368317950046852243244405440010701662995168000614577186074780626032595633617554488232632184759758912250714947591234772833391011668016382674870624384473652318912277543407138532795550758768766
-29214897920312740706671.954605984873926612370431497218088638066360364338553021586962120160285724956173354872555483538654496218768500030372857532556637428385017471050757096419596125769220216846416592275891195489586346461881305954568325377019381357128091569806227582342600714493643020602876708820347710223415235
9981926888181821478870.07572638781842848539058766965828033479694597729472841018591119761656296973318249302511084142946718489041120765677084677772272922007965585115534398584235168563879359451875802630216567392717735889405874878162808717604273196300453813457443664493861680648185698681447846096755722366924877167
