120 1
-691733865288865972792895566159438571135290094.205269630821703261129173390156066875712325813890709136560607301620137381502435840369162819863052230050192945269521550887616679926783480106607556876249988812318076321487723592652583567459017050441660047431285424485343231591896630027512702947637139391260350846430144
1177449224176594777415074578917942628124311478.37233438213987446106352593090150503481391465783138799738189547644843954289950804840690927828145539140730225241686418229280059877577740181433125655609580228745111325944289856617742776851823716552426313854556512796801946432178745129785449317796445834495453210244459
155640666365891620918220801746018821463690761.04020336517680657212926586052475618059613985992477820512240085264458883318969425873439865324600148014063725859225497767693208186193242819453514058901244821083868000025991699589513141654774218899890707025239811009865636361503659000252521708722559199059906786263479
1030204492463723477744267123339610758968232365.35274547867348690249618524631991092821815212742304125759075717285725126256528786852256069532701337738289861641426687310394784213989087066402362187575138348794328242519686175671621361799378589418867933714476032724203668432444115134569104053413286878729948233829515
352999146792133373743039944634441123648000892.654854076218650235225057160205841253863586298364988515280816140624521025622546115736753909155728657996679890304539866818837013626552122889024475777365045880927759214183622746783019740387535727943193706169080314400168046418311018201486286335242287736486459103836336
1033643530412674868668191429371918822703257378.92444289847037963523500613355430454112586361071480104553784545459986656327646574111419679862736407061462526986228680331352831275723312128567588856000183119118521324479122861591725664972755764713747549416419309884651397404160014729081302696920900305720648014997916
170582163931100976559168638168348680830483470.176846567458070932375077863534604182287454547885929319365095093552754577014612285413773660264753940448261912546667228447247020113173530692797266729095048677242002638650369350297433711386565219430259724887101301788177888970923630733368006749694839247924543984562435
1102275182003575820183142032879857366792665695.76343216973916374779046894438460642294394381157208931174609268692714329875721403060945770862810301696647594006056590886359481725672508234872119437516857524056729678990552455558457155047092905562742873735097711214626542478728685395039448499944691804904303605099911
-179861316336066483512107715934923670469052521.387547945208268548473573562762691549945287621984744833572234971105414217506051996418951217915454067863785297413623423789218704913654764527060593207540454776366585062477748407916618253425737434921693297138034829256355463180649888567751711172956564398842682872243908
1379923424104066243221772955262166798738441600.71552147236985476908354857613806338724414631793762386755895892511049631864119277769203672972563389541186732833556090075666459071021600829965875612538410885902036273756429639601092277934288298837036289645339321960259069160340353566179807355168620799146346255032486
-783007378125114142393883956132969604477761975.814201829649163830922975815733297878016015319003600472584247035301402415491007580695916441567851458439540140873974452990589827677583843998476977943948291487417280077458452560028816776746887066934658472721641983612183502631337295621700143202417044445693976450885561
2045308311956405720633843911535135252727166601.08620941507843251915456879450244875227938413114764231725683690307123682985591162577680991399384880579639498732126295529447762625599029415069120157627911073771758904461751628983607052131388693032617626917534770479480198418777811950719670455298815469103668154655596
-1851313678027731681328806140202606423626566746.59847366230181187572920511414419411443132078995023831042807211621356291873089943813799162815771008167743251585379265636295192518006900894441914056263176046788136251312810547229873459026268054990979859327072351439386582882138901363959418271880268060402093084795255
3315145654708057665425311314168978791223814159.5894566523411193074497107120302665323175212841266034604818962485553952207023799085172886057565341359492579443426337215933588419722485151065752476950895051202599429090439049794441390985588673567213715528501056627193312793069293561229245716519893479215970680337218
-3522080284550966674003460998500655610524174632.09097677729855962172285615814330900514975350463664089471856912552215907725790396740128500082490835963458279305569513927564477985311884619815350517134876878192639538609180249133604666531344091779697527964308741557946696520449157177122976998240503099730033196635464
5035519657647054287029668903874208196650044245.5650932801510699305867811210170820243431974071114155199107939776529234783920423194183676572237786718819783177057351638808514538619039353404426946125453602755188865113802134572987398274840235710457891121870066840320024659112138030290124009576263455319835385185033
-5053975161835438936704237930530873149590763783.92380508162370785875246815093481160813553299907341363327643733833784426689074982725550876109607709202436179306593538872116964754612810915211935386613396791133580862099308077840559323616874155030079076479817087066371867570508037235057836679611699408012447895559465
5532646021037824657945655314463830031673474935.88260419353190090158927947235925589348652301684195537250684915053742126895937805302026922378041737181141374468357678935435352592564180147402432195794455506255396293882535849858132087296398700683978906848462977317549165878704929658500310649626075524943509847183258
-3872170150379782733817534899219482149003678418.26680075461556466847116167026553953056549797821203859624479361100971978891368755536902725551246695192139239557062962179286644375738181736644233037248114919686375425127486924079136194787541224394579170849437516913051111301702055007190562028136795044814422456486541
2346261259057764070316001469351363436494424407.71192705900431377970386584031301014099926598906879282839301405876919736482024325839572719892296428847301148553992934366028129051490244039938597063821544111922976835104194554965918479251280047575951327204188986385339034333473554960506451272736522272852384363527153
0
0
0
0
0
0
0
0
0
0
0
0
0
0
0
0
0
0
0
0
-48868871801186322952206147232800051384.5217039718630401305701757708188435028758471122190468481646215119046236869086503353463042858305153130804124791037980494913342816169510217857507860628614750226225036859607656963247201778526552105312534617755360694719485976218242066895229514304095090875498472867586274044425
73967361613994726519300840994559616638.7952909857950914013938440305406699985062712993224344320017209242966068490241376147999703208737781108615913129464968334883996637263267862698594236728716608731405821766136950487781303242231195202141965584169131888692026086608984467812491444712933958404103767737987313419469
-45129798809835180704077276290338519285.990162381629329628759405779009267882676533555210224456049374331375053504459241330453959324067514937477399227386534370059700958314750322917494473666813347371440432931690057631304726457572359042800076688078264505830306519729926097946085188078232598561299672284476053712922
38416394731242364394872745616001081292.2530223310574890729922809848063884413731322687885866016438715645669263178402644734737004979284999786731351877816825451469469557204097295445978198045410016811409503086908441526735690494641689160841699172404216679774157988854222701638871507260387568388026408529974205838499
-36694504103599335558351037420228004079.0048519870527301094731003142793152752889858056645935702353467790048216574779600719896781561247632787043310090116041056234868374057538020024738901623029868805052716649597305911652992230430722841338170318257578648728419918561371841758241122667020125412781823258354653465556
37648131682728855061934582474028127236.4174149167154874480916966749268134953447424176272396198619482545567060893579216725122987451856215090769930167747196629139933647846771275150855043470379963574073067684226701472259197594827174609885446923111240876620890845799190266252890016814285149421237887017463602274968
-40727689317844475958522089260849928075.7574020019237521157623511606678958596620358151718551827009320580519477137152866785173347330288130846024068134014191185142401577287797200320962611996841796231535133651571156308407084247677750550501284078834943924360285987358989640161350344998883880010632671010717042209227
45933832070153024174664841904085845098.9550055189540414712687950431715923602278573353536019239507471900780519918160969744395322518904404998167394797822849495198316088322707631781514780301203239615885094543108478833068572798533084240149607738745972022887525308906811323428052324761779352958187900783680630814018
-53532653713792351103124778267290811127.5852976665272049407603770790440738198239584129681847488415522146575963156253188659104264312439429296940608220076000682804536579452999231267687614322086043063547531174101415852983298549685465936726054770255234198167717790171944170717343846955773333125124797631901521934187
63932775191298970406664413629651736360.8997226438058066625681533776910648565252565912390666817850937808911371900125297516559678098366554719983756808003284042043268263774480898869966067067330588204661466169578322809369144852360339446449580438436259380242566171150817855524022939977258437092026966937577493103686
-77553988598672356177456271640147238781.6600196931941991854129987807582865965485515512538692496716170552195317768349416215045694873797596292877145146380612091006499234469637538275836473717033395462430100143974167793163748258577342025219067750268221932730524881472561306246386881195754602658738870305737550548735
94593135042201772373070068265365954238.273341140883452886567398543163871902784111659162483235717437230610143305822069873662638117541314337607702478020357347002089156120871697378250980329394503712974198061320630129323558364772464757047976532798252438466374553329635457291134778097731466404810142434319835291477
-114598176242045134380600018103781156001.199793462424915122020784906067188373240607567055601333454879470385780535883157230481946982906616858045230335608024829217589737182813769145404489314125792839442282952041687019985768211885060587575112433591028553203492387158259863739392164832373930376413317572360692848142
135791550651018526165693820775318148352.647194191747532480151610967541234926698793933311149842657766854127392136175534781642491456148525621226947143688969626199290787467361775682507111558057927637630082899495624093069469702347049689796290100695732145958296201007756223537634803618914728022609109129492023546435
-154236138005893470323424711900733568540.098840590239987541535759259608001276928220964722038307515814568288654972721199214684636440960314547133520116373138909332565615374584163968480134126551721240801570215067305535041960965933513480898843345354983835906268218334694390433614704690858349159695783644414147335138
163344475474355060215446271929894641806.367778940347762202841999817262806638722699843487852121484481161372875383188945989353071509533197201593883072762860336061345080148529980113980045440073978844267314341280698521782594669913288823141622967616082624206353377467064065951605282886977870059399234800777944462313
-154929260918646243350836277890694277507.126483460175193109208674953188236129594317238030844266748315171483156064290201923622227714864539135448850985160921637314156065317783332104427313365892055405552566791994417601284774611052870396937315386256910210957954554432285099176532343288698673078879595047678595786816
123448321941513112927531381863101283634.005923731062586388726391569766735929965873028431514812692815569345921090320506041590809648924052584921581256648518249518119970380486839554433665453966301580149628804007441420801648357793860039860178364978365989464639977298196320928852881782258041055049136852003135488159
-73493576502970104709123810211282293319.8214445366389754309390284852624416039093547418605329064526068329467915044864329997440960249980622202258413632120797865228913737830395126880272086859768445371179074691027448466369572849177159810374604192298618282866144555279579632639611123519967943101066162731536975455393
24531709751327503921098898274241073824.5729779723959814356801301209690394667544418975366207542709808010167082362681172843321824744791333418568281032605388684886304997044061507296300775666486650049847469381565068540232843322019531430154920961897062689830926382531588133978454152018645424743335221370076720276142
0
0
0
0
0
0
0
0
0
0
0
0
0
0
0
0
0
0
0
0
0
0
0
0
0
0
0
0
0
0
0
0
0
0
0
0
0
0
0
0
-691733865288865972792895566159438571135290094.205269630821703261129173390156066875712325813890709136560607301620137381502435840369162819863052230050192945269521550887616679926783480106607556876249988812318076321487723592652583567459017050441660047431285424485343231591896630027512702947637139391260350846430144
1177449224176594777415074578917942628124311478.37233438213987446106352593090150503481391465783138799738189547644843954289950804840690927828145539140730225241686418229280059877577740181433125655609580228745111325944289856617742776851823716552426313854556512796801946432178745129785449317796445834495453210244459
155640666365891620918220801746018821463690761.04020336517680657212926586052475618059613985992477820512240085264458883318969425873439865324600148014063725859225497767693208186193242819453514058901244821083868000025991699589513141654774218899890707025239811009865636361503659000252521708722559199059906786263479
1030204492463723477744267123339610758968232365.35274547867348690249618524631991092821815212742304125759075717285725126256528786852256069532701337738289861641426687310394784213989087066402362187575138348794328242519686175671621361799378589418867933714476032724203668432444115134569104053413286878729948233829515
352999146792133373743039944634441123648000892.654854076218650235225057160205841253863586298364988515280816140624521025622546115736753909155728657996679890304539866818837013626552122889024475777365045880927759214183622746783019740387535727943193706169080314400168046418311018201486286335242287736486459103836336
1033643530412674868668191429371918822703257378.92444289847037963523500613355430454112586361071480104553784545459986656327646574111419679862736407061462526986228680331352831275723312128567588856000183119118521324479122861591725664972755764713747549416419309884651397404160014729081302696920900305720648014997916
170582163931100976559168638168348680830483470.176846567458070932375077863534604182287454547885929319365095093552754577014612285413773660264753940448261912546667228447247020113173530692797266729095048677242002638650369350297433711386565219430259724887101301788177888970923630733368006749694839247924543984562435
1102275182003575820183142032879857366792665695.76343216973916374779046894438460642294394381157208931174609268692714329875721403060945770862810301696647594006056590886359481725672508234872119437516857524056729678990552455558457155047092905562742873735097711214626542478728685395039448499944691804904303605099911
-179861316336066483512107715934923670469052521.387547945208268548473573562762691549945287621984744833572234971105414217506051996418951217915454067863785297413623423789218704913654764527060593207540454776366585062477748407916618253425737434921693297138034829256355463180649888567751711172956564398842682872243908
1379923424104066243221772955262166798738441600.71552147236985476908354857613806338724414631793762386755895892511049631864119277769203672972563389541186732833556090075666459071021600829965875612538410885902036273756429639601092277934288298837036289645339321960259069160340353566179807355168620799146346255032486
-783007378125114142393883956132969604477761975.814201829649163830922975815733297878016015319003600472584247035301402415491007580695916441567851458439540140873974452990589827677583843998476977943948291487417280077458452560028816776746887066934658472721641983612183502631337295621700143202417044445693976450885561
2045308311956405720633843911535135252727166601.08620941507843251915456879450244875227938413114764231725683690307123682985591162577680991399384880579639498732126295529447762625599029415069120157627911073771758904461751628983607052131388693032617626917534770479480198418777811950719670455298815469103668154655596
-1851313678027731681328806140202606423626566746.59847366230181187572920511414419411443132078995023831042807211621356291873089943813799162815771008167743251585379265636295192518006900894441914056263176046788136251312810547229873459026268054990979859327072351439386582882138901363959418271880268060402093084795255
3315145654708057665425311314168978791223814159.5894566523411193074497107120302665323175212841266034604818962485553952207023799085172886057565341359492579443426337215933588419722485151065752476950895051202599429090439049794441390985588673567213715528501056627193312793069293561229245716519893479215970680337218
-3522080284550966674003460998500655610524174632.09097677729855962172285615814330900514975350463664089471856912552215907725790396740128500082490835963458279305569513927564477985311884619815350517134876878192639538609180249133604666531344091779697527964308741557946696520449157177122976998240503099730033196635464
5035519657647054287029668903874208196650044245.5650932801510699305867811210170820243431974071114155199107939776529234783920423194183676572237786718819783177057351638808514538619039353404426946125453602755188865113802134572987398274840235710457891121870066840320024659112138030290124009576263455319835385185033
-5053975161835438936704237930530873149590763783.92380508162370785875246815093481160813553299907341363327643733833784426689074982725550876109607709202436179306593538872116964754612810915211935386613396791133580862099308077840559323616874155030079076479817087066371867570508037235057836679611699408012447895559465
5532646021037824657945655314463830031673474935.88260419353190090158927947235925589348652301684195537250684915053742126895937805302026922378041737181141374468357678935435352592564180147402432195794455506255396293882535849858132087296398700683978906848462977317549165878704929658500310649626075524943509847183258
-3872170150379782733817534899219482149003678418.26680075461556466847116167026553953056549797821203859624479361100971978891368755536902725551246695192139239557062962179286644375738181736644233037248114919686375425127486924079136194787541224394579170849437516913051111301702055007190562028136795044814422456486541
2346261259057764070316001469351363436494424407.71192705900431377970386584031301014099926598906879282839301405876919736482024325839572719892296428847301148553992934366028129051490244039938597063821544111922976835104194554965918479251280047575951327204188986385339034333473554960506451272736522272852384363527153
