60 1
-398222630764868954266089322643498788961088104.696640121290238980723232469002416894692553446379646712458950963053236821852692998671382937952620541001653094666308935498639429794160777208707966622026718375311391928986043494106343631162164523775750749924921714333390820163275457864439806228062428860044934381030708
889747458614544757756024011287627652001524799.724379653161410914551869520973897647175984499476399529679312523216228917845062676827014040598185228031418417318454960820321796353392503377744570433504114885838839727297537425990473721656708141509829273518860478771755306798333063982684642377210223334440215020377026
959079843992017204856113126168620172744562102.955387401119994048936869825889981185833742994914792743942760266479937308876911464214598473033308720402853500483503119552573633901228578002703045296784654377304244329065854346698296389200676875978636319270636779580737287037176634994239687913651785355521161896618803
1077655565538194693089187138499840075070877186.55533226478852875891983356370454199206080769646216396886665782114253978774818413071559427508474555344731751706139932932781091866872989383606533621922038345298098133510116163157281313548886212322912801528359305327819016955470120646483074328145346728198011785123171
771624886152653663618289622723019467924130196.643000659577267430160941506249298509919454540284413027968165253328715726557217798167683260384077505448530179271722751894285277561287137969103703751382261855383358025491565087883254602479669092421837535643918524135059377991110124808778444215627247311448440615949362
1078333050648535993721664040693087790091491648.98230666223405652174854122766795782002750962381598112795135369704064965641021788838035891161854071085724174631442441410260649161359199181389328628256236375336863645064848531167061019056350170355323224295879423265651899097406608634596909676980045852489208964317162
247816124411472709234294299514589767375776468.263044177522191878326080609732356476379468824694902033124783466235826965261391799200016035959982845868923781792393208518304670197546208288398791883494827022796247636967757812318899641423972700878127036251626357258263039145846204477048251680778160085317640567135837
1353277338694487971881488419204135893127442901.49402064080599914998910884468877793346531369427559084428757692138606586407653652054300888526444478960346308290447191650391896090107172758058526221474412878988140176997410863943663755010995328185723565597507249886788034644361983496526523209320500018095816976711707
-432736895106758104474151186155475542176297936.088141512885319155885142086793818430095829620873763249068499264978706997166599260602150505492968531180352829705885025751725470731331011422230067235233502187061552085067198183520837207358235326467849722538575452947609490969305757800239017304773617167197860209860337
1540166667335285585166522089879014274778892005.59605314753623759155752507270857858626821956251787296551644281450819709318396375975510607864182239329995209084050619418136545195824277413113573431118536553777935522529309358930023420924937242526559901551580281628445831616806531771458595918279225086696339919074332
0
0
0
0
0
0
0
0
0
0
-398222630764868954266089322643498788961088104.696640121290238980723232469002416894692553446379646712458950963053236821852692998671382937952620541001653094666308935498639429794160777208707966622026718375311391928986043494106343631162164523775750749924921714333390820163275457864439806228062428860044934381030708
889747458614544757756024011287627652001524799.724379653161410914551869520973897647175984499476399529679312523216228917845062676827014040598185228031418417318454960820321796353392503377744570433504114885838839727297537425990473721656708141509829273518860478771755306798333063982684642377210223334440215020377026
959079843992017204856113126168620172744562102.955387401119994048936869825889981185833742994914792743942760266479937308876911464214598473033308720402853500483503119552573633901228578002703045296784654377304244329065854346698296389200676875978636319270636779580737287037176634994239687913651785355521161896618803
1077655565538194693089187138499840075070877186.55533226478852875891983356370454199206080769646216396886665782114253978774818413071559427508474555344731751706139932932781091866872989383606533621922038345298098133510116163157281313548886212322912801528359305327819016955470120646483074328145346728198011785123171
771624886152653663618289622723019467924130196.643000659577267430160941506249298509919454540284413027968165253328715726557217798167683260384077505448530179271722751894285277561287137969103703751382261855383358025491565087883254602479669092421837535643918524135059377991110124808778444215627247311448440615949362
1078333050648535993721664040693087790091491648.98230666223405652174854122766795782002750962381598112795135369704064965641021788838035891161854071085724174631442441410260649161359199181389328628256236375336863645064848531167061019056350170355323224295879423265651899097406608634596909676980045852489208964317162
247816124411472709234294299514589767375776468.263044177522191878326080609732356476379468824694902033124783466235826965261391799200016035959982845868923781792393208518304670197546208288398791883494827022796247636967757812318899641423972700878127036251626357258263039145846204477048251680778160085317640567135837
1353277338694487971881488419204135893127442901.49402064080599914998910884468877793346531369427559084428757692138606586407653652054300888526444478960346308290447191650391896090107172758058526221474412878988140176997410863943663755010995328185723565597507249886788034644361983496526523209320500018095816976711707
-432736895106758104474151186155475542176297936.088141512885319155885142086793818430095829620873763249068499264978706997166599260602150505492968531180352829705885025751725470731331011422230067235233502187061552085067198183520837207358235326467849722538575452947609490969305757800239017304773617167197860209860337
1540166667335285585166522089879014274778892005.59605314753623759155752507270857858626821956251787296551644281450819709318396375975510607864182239329995209084050619418136545195824277413113573431118536553777935522529309358930023420924937242526559901551580281628445831616806531771458595918279225086696339919074332
0
0
0
0
0
0
0
0
0
0
0
0
0
0
0
0
0
0
0
0
-398222630764868954266089322643498788961088104.696640121290238980723232469002416894692553446379646712458950963053236821852692998671382937952620541001653094666308935498639429794160777208707966622026718375311391928986043494106343631162164523775750749924921714333390820163275457864439806228062428860044934381030708
889747458614544757756024011287627652001524799.724379653161410914551869520973897647175984499476399529679312523216228917845062676827014040598185228031418417318454960820321796353392503377744570433504114885838839727297537425990473721656708141509829273518860478771755306798333063982684642377210223334440215020377026
959079843992017204856113126168620172744562102.955387401119994048936869825889981185833742994914792743942760266479937308876911464214598473033308720402853500483503119552573633901228578002703045296784654377304244329065854346698296389200676875978636319270636779580737287037176634994239687913651785355521161896618803
1077655565538194693089187138499840075070877186.55533226478852875891983356370454199206080769646216396886665782114253978774818413071559427508474555344731751706139932932781091866872989383606533621922038345298098133510116163157281313548886212322912801528359305327819016955470120646483074328145346728198011785123171
771624886152653663618289622723019467924130196.643000659577267430160941506249298509919454540284413027968165253328715726557217798167683260384077505448530179271722751894285277561287137969103703751382261855383358025491565087883254602479669092421837535643918524135059377991110124808778444215627247311448440615949362
1078333050648535993721664040693087790091491648.98230666223405652174854122766795782002750962381598112795135369704064965641021788838035891161854071085724174631442441410260649161359199181389328628256236375336863645064848531167061019056350170355323224295879423265651899097406608634596909676980045852489208964317162
247816124411472709234294299514589767375776468.263044177522191878326080609732356476379468824694902033124783466235826965261391799200016035959982845868923781792393208518304670197546208288398791883494827022796247636967757812318899641423972700878127036251626357258263039145846204477048251680778160085317640567135837
1353277338694487971881488419204135893127442901.49402064080599914998910884468877793346531369427559084428757692138606586407653652054300888526444478960346308290447191650391896090107172758058526221474412878988140176997410863943663755010995328185723565597507249886788034644361983496526523209320500018095816976711707
-432736895106758104474151186155475542176297936.088141512885319155885142086793818430095829620873763249068499264978706997166599260602150505492968531180352829705885025751725470731331011422230067235233502187061552085067198183520837207358235326467849722538575452947609490969305757800239017304773617167197860209860337
1540166667335285585166522089879014274778892005.59605314753623759155752507270857858626821956251787296551644281450819709318396375975510607864182239329995209084050619418136545195824277413113573431118536553777935522529309358930023420924937242526559901551580281628445831616806531771458595918279225086696339919074332
